Car -1 -1 0.00 722 183 840 272 -1 -1 -1 -1000 -1000 -1000 -10 2.21228
Car -1 -1 0.00 673 181 761 238 -1 -1 -1 -1000 -1000 -1000 -10 1.83461
Car -1 -1 0.00 774 189 1004 337 -1 -1 -1 -1000 -1000 -1000 -10 1.01886
Car -1 -1 0.00 392 173 533 233 -1 -1 -1 -1000 -1000 -1000 -10 0.326436
Car -1 -1 0.00 656 180 700 214 -1 -1 -1 -1000 -1000 -1000 -10 -0.275458
Car -1 -1 0.00 487 178 562 211 -1 -1 -1 -1000 -1000 -1000 -10 -0.454756
Car -1 -1 0.00 910 223 1018 299 -1 -1 -1 -1000 -1000 -1000 -10 -0.514028
Car -1 -1 0.00 656 196 681 215 -1 -1 -1 -1000 -1000 -1000 -10 -0.535481
Car -1 -1 0.00 278 244 419 294 -1 -1 -1 -1000 -1000 -1000 -10 -0.694383
Car -1 -1 0.00 201 26 255 60 -1 -1 -1 -1000 -1000 -1000 -10 -0.770849
Car -1 -1 0.00 561 174 587 195 -1 -1 -1 -1000 -1000 -1000 -10 -0.798713
Car -1 -1 0.00 444 174 542 218 -1 -1 -1 -1000 -1000 -1000 -10 -0.857691
Car -1 -1 0.00 68 184 220 224 -1 -1 -1 -1000 -1000 -1000 -10 -0.878726
Car -1 -1 0.00 123 269 158 279 -1 -1 -1 -1000 -1000 -1000 -10 -0.925862
Car -1 -1 0.00 576 309 608 323 -1 -1 -1 -1000 -1000 -1000 -10 -0.998898
Car -1 -1 0.00 645 180 670 206 -1 -1 -1 -1000 -1000 -1000 -10 -1.00458
Car -1 -1 0.00 1112 123 1164 145 -1 -1 -1 -1000 -1000 -1000 -10 -1.02601
Car -1 -1 0.00 406 273 440 282 -1 -1 -1 -1000 -1000 -1000 -10 -1.02818
