Car -1 -1 0.00 431 170 524 241 -1 -1 -1 -1000 -1000 -1000 -10 1.10378
Car -1 -1 0.00 1078 152 1104 168 -1 -1 -1 -1000 -1000 -1000 -10 -0.90997
Car -1 -1 0.00 899 334 937 375 -1 -1 -1 -1000 -1000 -1000 -10 -0.985902
Car -1 -1 0.00 373 306 408 317 -1 -1 -1 -1000 -1000 -1000 -10 -0.991484
Car -1 -1 0.00 452 253 490 283 -1 -1 -1 -1000 -1000 -1000 -10 -1.00872
Car -1 -1 0.00 407 288 442 299 -1 -1 -1 -1000 -1000 -1000 -10 -1.01353
Car -1 -1 0.00 1048 149 1074 169 -1 -1 -1 -1000 -1000 -1000 -10 -1.01705
Car -1 -1 0.00 352 223 412 244 -1 -1 -1 -1000 -1000 -1000 -10 -1.01809
Car -1 -1 0.00 386 306 420 317 -1 -1 -1 -1000 -1000 -1000 -10 -1.0188
Car -1 -1 0.00 606 244 641 255 -1 -1 -1 -1000 -1000 -1000 -10 -1.01956
Car -1 -1 0.00 380 312 415 323 -1 -1 -1 -1000 -1000 -1000 -10 -1.02486
Car -1 -1 0.00 391 299 416 320 -1 -1 -1 -1000 -1000 -1000 -10 -1.02515
Car -1 -1 0.00 389 296 425 307 -1 -1 -1 -1000 -1000 -1000 -10 -1.02723
Car -1 -1 0.00 388 297 431 311 -1 -1 -1 -1000 -1000 -1000 -10 -1.02742
Car -1 -1 0.00 420 288 455 299 -1 -1 -1 -1000 -1000 -1000 -10 -1.02897
Car -1 -1 0.00 349 336 384 347 -1 -1 -1 -1000 -1000 -1000 -10 -1.02999
