Car -1 -1 0.00 66 178 189 230 -1 -1 -1 -1000 -1000 -1000 -10 1.96185
Car -1 -1 0.00 869 208 1209 376 -1 -1 -1 -1000 -1000 -1000 -10 1.19407
Car -1 -1 0.00 683 188 739 223 -1 -1 -1 -1000 -1000 -1000 -10 1.17487
Car -1 -1 0.00 480 182 542 230 -1 -1 -1 -1000 -1000 -1000 -10 1.12287
Car -1 -1 0.00 450 175 477 195 -1 -1 -1 -1000 -1000 -1000 -10 0.765352
Car -1 -1 0.00 523 176 571 213 -1 -1 -1 -1000 -1000 -1000 -10 0.472298
Car -1 -1 0.00 774 194 922 288 -1 -1 -1 -1000 -1000 -1000 -10 -0.230611
Car -1 -1 0.00 816 195 935 287 -1 -1 -1 -1000 -1000 -1000 -10 -0.715791
Car -1 -1 0.00 948 218 999 263 -1 -1 -1 -1000 -1000 -1000 -10 -0.82714
Car -1 -1 0.00 566 180 611 195 -1 -1 -1 -1000 -1000 -1000 -10 -0.871125
Car -1 -1 0.00 949 179 997 225 -1 -1 -1 -1000 -1000 -1000 -10 -0.897251
Car -1 -1 0.00 251 13 278 43 -1 -1 -1 -1000 -1000 -1000 -10 -0.907943
Car -1 -1 0.00 1131 155 1188 191 -1 -1 -1 -1000 -1000 -1000 -10 -0.912299
Car -1 -1 0.00 829 195 859 209 -1 -1 -1 -1000 -1000 -1000 -10 -0.927268
Car -1 -1 0.00 1032 -4 1100 51 -1 -1 -1 -1000 -1000 -1000 -10 -0.941282
Car -1 -1 0.00 1122 179 1155 219 -1 -1 -1 -1000 -1000 -1000 -10 -0.982721
Car -1 -1 0.00 1178 230 1206 244 -1 -1 -1 -1000 -1000 -1000 -10 -0.987424
Car -1 -1 0.00 782 191 828 235 -1 -1 -1 -1000 -1000 -1000 -10 -0.988605
Car -1 -1 0.00 1180 12 1214 26 -1 -1 -1 -1000 -1000 -1000 -10 -0.998479
Car -1 -1 0.00 189 309 245 360 -1 -1 -1 -1000 -1000 -1000 -10 -1.01401
Car -1 -1 0.00 698 152 814 230 -1 -1 -1 -1000 -1000 -1000 -10 -1.01458
