Car -1 -1 0.00 277 183 439 292 -1 -1 -1 -1000 -1000 -1000 -10 1.98523
Car -1 -1 0.00 554 178 591 212 -1 -1 -1 -1000 -1000 -1000 -10 1.33401
Car -1 -1 0.00 54 191 156 229 -1 -1 -1 -1000 -1000 -1000 -10 1.03033
Car -1 -1 0.00 492 182 520 205 -1 -1 -1 -1000 -1000 -1000 -10 0.427117
Car -1 -1 0.00 300 184 439 292 -1 -1 -1 -1000 -1000 -1000 -10 -0.247616
Car -1 -1 0.00 529 182 552 201 -1 -1 -1 -1000 -1000 -1000 -10 -0.424498
Car -1 -1 0.00 1015 180 1054 189 -1 -1 -1 -1000 -1000 -1000 -10 -0.978892
Car -1 -1 0.00 182 281 237 295 -1 -1 -1 -1000 -1000 -1000 -10 -1.01753
Car -1 -1 0.00 295 82 337 94 -1 -1 -1 -1000 -1000 -1000 -10 -1.02156
Car -1 -1 0.00 410 189 452 207 -1 -1 -1 -1000 -1000 -1000 -10 -1.02413
Car -1 -1 0.00 1107 175 1136 194 -1 -1 -1 -1000 -1000 -1000 -10 -1.02988
