Car -1 -1 0.00 466 174 522 214 -1 -1 -1 -1000 -1000 -1000 -10 1.35132
Car -1 -1 0.00 546 165 570 187 -1 -1 -1 -1000 -1000 -1000 -10 0.40287
Car -1 -1 0.00 150 166 444 306 -1 -1 -1 -1000 -1000 -1000 -10 0.13693
Car -1 -1 0.00 401 183 476 237 -1 -1 -1 -1000 -1000 -1000 -10 -0.0836192
Car -1 -1 0.00 377 172 427 205 -1 -1 -1 -1000 -1000 -1000 -10 -0.697177
Car -1 -1 0.00 126 164 155 185 -1 -1 -1 -1000 -1000 -1000 -10 -0.949045
Car -1 -1 0.00 86 23 112 50 -1 -1 -1 -1000 -1000 -1000 -10 -0.968367
Car -1 -1 0.00 423 181 446 211 -1 -1 -1 -1000 -1000 -1000 -10 -0.98851
Car -1 -1 0.00 845 267 869 288 -1 -1 -1 -1000 -1000 -1000 -10 -0.993696
Car -1 -1 0.00 1165 332 1217 358 -1 -1 -1 -1000 -1000 -1000 -10 -1.00932
Car -1 -1 0.00 -1 190 244 289 -1 -1 -1 -1000 -1000 -1000 -10 -1.0134
