Car -1 -1 0.00 243 177 280 201 -1 -1 -1 -1000 -1000 -1000 -10 1.5478
Car -1 -1 0.00 802 172 898 208 -1 -1 -1 -1000 -1000 -1000 -10 1.20999
Car -1 -1 0.00 563 173 646 207 -1 -1 -1 -1000 -1000 -1000 -10 1.08474
Car -1 -1 0.00 275 178 302 200 -1 -1 -1 -1000 -1000 -1000 -10 0.809404
Car -1 -1 0.00 352 175 438 212 -1 -1 -1 -1000 -1000 -1000 -10 0.0461
Car -1 -1 0.00 1131 168 1241 217 -1 -1 -1 -1000 -1000 -1000 -10 -0.548035
Car -1 -1 0.00 492 32 521 70 -1 -1 -1 -1000 -1000 -1000 -10 -0.945816
Car -1 -1 0.00 500 171 530 187 -1 -1 -1 -1000 -1000 -1000 -10 -0.960134
Car -1 -1 0.00 926 105 959 131 -1 -1 -1 -1000 -1000 -1000 -10 -0.98341
Car -1 -1 0.00 354 176 446 207 -1 -1 -1 -1000 -1000 -1000 -10 -0.995903
