Car -1 -1 0.00 580 183 605 209 -1 -1 -1 -1000 -1000 -1000 -10 0.253394
Car -1 -1 0.00 65 77 95 103 -1 -1 -1 -1000 -1000 -1000 -10 -0.881345
Car -1 -1 0.00 1055 168 1103 185 -1 -1 -1 -1000 -1000 -1000 -10 -0.907469
Car -1 -1 0.00 51 41 78 62 -1 -1 -1 -1000 -1000 -1000 -10 -0.950234
Car -1 -1 0.00 21 20 46 42 -1 -1 -1 -1000 -1000 -1000 -10 -0.965907
Car -1 -1 0.00 194 1 228 47 -1 -1 -1 -1000 -1000 -1000 -10 -0.978507
Car -1 -1 0.00 453 122 495 137 -1 -1 -1 -1000 -1000 -1000 -10 -0.991233
Car -1 -1 0.00 552 333 594 374 -1 -1 -1 -1000 -1000 -1000 -10 -1.01586
Car -1 -1 0.00 458 162 484 182 -1 -1 -1 -1000 -1000 -1000 -10 -1.0247
Car -1 -1 0.00 1134 90 1211 115 -1 -1 -1 -1000 -1000 -1000 -10 -1.02486
Car -1 -1 0.00 505 202 560 219 -1 -1 -1 -1000 -1000 -1000 -10 -1.02566
