Car -1 -1 0.00 412 176 449 199 -1 -1 -1 -1000 -1000 -1000 -10 1.93967
Car -1 -1 0.00 673 184 747 240 -1 -1 -1 -1000 -1000 -1000 -10 1.13722
Car -1 -1 0.00 571 172 635 231 -1 -1 -1 -1000 -1000 -1000 -10 1.1339
Car -1 -1 0.00 726 190 1000 364 -1 -1 -1 -1000 -1000 -1000 -10 0.936823
Car -1 -1 0.00 641 176 680 212 -1 -1 -1 -1000 -1000 -1000 -10 0.917802
Car -1 -1 0.00 373 178 412 205 -1 -1 -1 -1000 -1000 -1000 -10 0.36549
Car -1 -1 0.00 47 190 187 254 -1 -1 -1 -1000 -1000 -1000 -10 0.264256
Car -1 -1 0.00 701 194 822 277 -1 -1 -1 -1000 -1000 -1000 -10 -0.144251
Car -1 -1 0.00 638 181 715 213 -1 -1 -1 -1000 -1000 -1000 -10 -0.710612
Car -1 -1 0.00 447 176 472 193 -1 -1 -1 -1000 -1000 -1000 -10 -0.808817
Car -1 -1 0.00 351 50 411 91 -1 -1 -1 -1000 -1000 -1000 -10 -0.829399
Car -1 -1 0.00 79 12 114 24 -1 -1 -1 -1000 -1000 -1000 -10 -0.986994
Car -1 -1 0.00 864 9 891 43 -1 -1 -1 -1000 -1000 -1000 -10 -0.98902
Car -1 -1 0.00 333 206 389 222 -1 -1 -1 -1000 -1000 -1000 -10 -0.991293
Car -1 -1 0.00 372 178 394 205 -1 -1 -1 -1000 -1000 -1000 -10 -1.00063
Car -1 -1 0.00 1023 219 1112 248 -1 -1 -1 -1000 -1000 -1000 -10 -1.00864
Car -1 -1 0.00 723 185 858 298 -1 -1 -1 -1000 -1000 -1000 -10 -1.02892
