Car -1 -1 0.00 259 194 451 322 -1 -1 -1 -1000 -1000 -1000 -10 1.88622
Car -1 -1 0.00 535 190 570 215 -1 -1 -1 -1000 -1000 -1000 -10 1.37096
Car -1 -1 0.00 513 185 539 203 -1 -1 -1 -1000 -1000 -1000 -10 1.09572
Car -1 -1 0.00 658 189 718 228 -1 -1 -1 -1000 -1000 -1000 -10 0.957987
Car -1 -1 0.00 561 188 584 205 -1 -1 -1 -1000 -1000 -1000 -10 -0.546333
Car -1 -1 0.00 720 142 1047 351 -1 -1 -1 -1000 -1000 -1000 -10 -0.790582
Car -1 -1 0.00 642 188 674 213 -1 -1 -1 -1000 -1000 -1000 -10 -0.792063
Car -1 -1 0.00 141 354 174 370 -1 -1 -1 -1000 -1000 -1000 -10 -0.883015
Car -1 -1 0.00 76 255 118 282 -1 -1 -1 -1000 -1000 -1000 -10 -0.944383
Car -1 -1 0.00 536 190 571 215 -1 -1 -1 -1000 -1000 -1000 -10 -0.98257
Car -1 -1 0.00 1028 88 1092 118 -1 -1 -1 -1000 -1000 -1000 -10 -0.984974
Car -1 -1 0.00 639 189 708 216 -1 -1 -1 -1000 -1000 -1000 -10 -1.01362
