Car -1 -1 0.00 657 168 784 266 -1 -1 -1 -1000 -1000 -1000 -10 1.70511
Car -1 -1 0.00 352 175 494 215 -1 -1 -1 -1000 -1000 -1000 -10 1.15018
Car -1 -1 0.00 558 170 588 200 -1 -1 -1 -1000 -1000 -1000 -10 0.613262
Car -1 -1 0.00 490 170 539 193 -1 -1 -1 -1000 -1000 -1000 -10 -0.10989
Car -1 -1 0.00 601 174 627 191 -1 -1 -1 -1000 -1000 -1000 -10 -0.594793
Car -1 -1 0.00 879 173 954 209 -1 -1 -1 -1000 -1000 -1000 -10 -0.615296
Car -1 -1 0.00 813 223 844 255 -1 -1 -1 -1000 -1000 -1000 -10 -0.649952
Car -1 -1 0.00 1043 191 1116 251 -1 -1 -1 -1000 -1000 -1000 -10 -0.901343
Car -1 -1 0.00 787 195 923 237 -1 -1 -1 -1000 -1000 -1000 -10 -0.923827
Car -1 -1 0.00 1023 130 1109 154 -1 -1 -1 -1000 -1000 -1000 -10 -0.926866
Car -1 -1 0.00 106 94 132 105 -1 -1 -1 -1000 -1000 -1000 -10 -0.966552
Car -1 -1 0.00 501 337 695 395 -1 -1 -1 -1000 -1000 -1000 -10 -0.969745
Car -1 -1 0.00 106 344 139 374 -1 -1 -1 -1000 -1000 -1000 -10 -0.985273
Car -1 -1 0.00 1196 55 1224 71 -1 -1 -1 -1000 -1000 -1000 -10 -0.996084
Car -1 -1 0.00 483 87 514 121 -1 -1 -1 -1000 -1000 -1000 -10 -1.00574
Car -1 -1 0.00 17 352 59 371 -1 -1 -1 -1000 -1000 -1000 -10 -1.01767
Car -1 -1 0.00 221 119 273 136 -1 -1 -1 -1000 -1000 -1000 -10 -1.02383
