Car -1 -1 0.00 519 175 558 205 -1 -1 -1 -1000 -1000 -1000 -10 0.916817
Car -1 -1 0.00 997 181 1103 233 -1 -1 -1 -1000 -1000 -1000 -10 0.3449
Car -1 -1 0.00 752 163 989 233 -1 -1 -1 -1000 -1000 -1000 -10 -0.636052
Car -1 -1 0.00 1055 180 1197 235 -1 -1 -1 -1000 -1000 -1000 -10 -0.65062
Car -1 -1 0.00 345 167 401 189 -1 -1 -1 -1000 -1000 -1000 -10 -0.664359
Car -1 -1 0.00 888 318 929 339 -1 -1 -1 -1000 -1000 -1000 -10 -0.748967
Car -1 -1 0.00 607 167 654 205 -1 -1 -1 -1000 -1000 -1000 -10 -0.780665
Car -1 -1 0.00 219 177 250 197 -1 -1 -1 -1000 -1000 -1000 -10 -0.82477
Car -1 -1 0.00 627 251 665 278 -1 -1 -1 -1000 -1000 -1000 -10 -0.938223
Car -1 -1 0.00 1054 171 1094 182 -1 -1 -1 -1000 -1000 -1000 -10 -1.02312
Car -1 -1 0.00 77 187 163 260 -1 -1 -1 -1000 -1000 -1000 -10 -1.02921
