Car -1 -1 0.00 666 181 726 235 -1 -1 -1 -1000 -1000 -1000 -10 2.2786
Car -1 -1 0.00 701 187 859 284 -1 -1 -1 -1000 -1000 -1000 -10 1.72114
Car -1 -1 0.00 624 182 663 212 -1 -1 -1 -1000 -1000 -1000 -10 1.0266
Car -1 -1 0.00 559 180 596 194 -1 -1 -1 -1000 -1000 -1000 -10 0.586508
Car -1 -1 0.00 785 193 1209 374 -1 -1 -1 -1000 -1000 -1000 -10 0.401082
Car -1 -1 0.00 420 182 467 195 -1 -1 -1 -1000 -1000 -1000 -10 0.0869398
Car -1 -1 0.00 360 179 406 199 -1 -1 -1 -1000 -1000 -1000 -10 -0.461548
Car -1 -1 0.00 272 185 326 211 -1 -1 -1 -1000 -1000 -1000 -10 -0.539254
Car -1 -1 0.00 -2 170 129 256 -1 -1 -1 -1000 -1000 -1000 -10 -0.586566
Car -1 -1 0.00 911 138 941 162 -1 -1 -1 -1000 -1000 -1000 -10 -0.823882
Car -1 -1 0.00 318 176 382 196 -1 -1 -1 -1000 -1000 -1000 -10 -0.922383
Car -1 -1 0.00 351 157 403 199 -1 -1 -1 -1000 -1000 -1000 -10 -0.964548
Car -1 -1 0.00 332 190 381 233 -1 -1 -1 -1000 -1000 -1000 -10 -0.969108
Car -1 -1 0.00 557 179 598 193 -1 -1 -1 -1000 -1000 -1000 -10 -1.01683
