Car -1 -1 0.00 664 182 761 245 -1 -1 -1 -1000 -1000 -1000 -10 1.86014
Car -1 -1 0.00 304 192 470 301 -1 -1 -1 -1000 -1000 -1000 -10 1.56672
Car -1 -1 0.00 423 177 518 246 -1 -1 -1 -1000 -1000 -1000 -10 1.40558
Car -1 -1 0.00 497 183 547 219 -1 -1 -1 -1000 -1000 -1000 -10 0.875589
Car -1 -1 0.00 635 180 664 203 -1 -1 -1 -1000 -1000 -1000 -10 0.408745
Car -1 -1 0.00 550 182 577 201 -1 -1 -1 -1000 -1000 -1000 -10 -0.0229497
Car -1 -1 0.00 712 176 806 214 -1 -1 -1 -1000 -1000 -1000 -10 -0.0679248
Car -1 -1 0.00 1006 -9 1037 19 -1 -1 -1 -1000 -1000 -1000 -10 -0.674222
Car -1 -1 0.00 768 14 815 46 -1 -1 -1 -1000 -1000 -1000 -10 -0.915716
Car -1 -1 0.00 884 316 919 335 -1 -1 -1 -1000 -1000 -1000 -10 -0.917894
Car -1 -1 0.00 775 36 808 65 -1 -1 -1 -1000 -1000 -1000 -10 -0.972592
Car -1 -1 0.00 213 126 242 138 -1 -1 -1 -1000 -1000 -1000 -10 -0.997364
Car -1 -1 0.00 1088 122 1117 136 -1 -1 -1 -1000 -1000 -1000 -10 -0.998673
Car -1 -1 0.00 427 85 459 115 -1 -1 -1 -1000 -1000 -1000 -10 -1.00712
Car -1 -1 0.00 1062 118 1104 131 -1 -1 -1 -1000 -1000 -1000 -10 -1.02159
Car -1 -1 0.00 413 56 448 68 -1 -1 -1 -1000 -1000 -1000 -10 -1.02373
