Car -1 -1 0.00 859 152 1066 327 -1 -1 -1 -1000 -1000 -1000 -10 -0.947854
Car -1 -1 0.00 663 350 695 363 -1 -1 -1 -1000 -1000 -1000 -10 -0.989313
Car -1 -1 0.00 27 174 52 200 -1 -1 -1 -1000 -1000 -1000 -10 -0.994013
Car -1 -1 0.00 191 22 216 49 -1 -1 -1 -1000 -1000 -1000 -10 -0.998794
Car -1 -1 0.00 726 316 805 385 -1 -1 -1 -1000 -1000 -1000 -10 -1.00005
Car -1 -1 0.00 550 330 595 344 -1 -1 -1 -1000 -1000 -1000 -10 -1.0029
Car -1 -1 0.00 567 344 603 356 -1 -1 -1 -1000 -1000 -1000 -10 -1.00767
Car -1 -1 0.00 316 28 351 59 -1 -1 -1 -1000 -1000 -1000 -10 -1.01012
Car -1 -1 0.00 609 52 655 95 -1 -1 -1 -1000 -1000 -1000 -10 -1.01181
Car -1 -1 0.00 383 22 419 33 -1 -1 -1 -1000 -1000 -1000 -10 -1.01263
Car -1 -1 0.00 381 34 417 45 -1 -1 -1 -1000 -1000 -1000 -10 -1.01293
Car -1 -1 0.00 410 44 444 55 -1 -1 -1 -1000 -1000 -1000 -10 -1.01524
Car -1 -1 0.00 390 28 424 39 -1 -1 -1 -1000 -1000 -1000 -10 -1.01952
Car -1 -1 0.00 790 84 826 96 -1 -1 -1 -1000 -1000 -1000 -10 -1.02302
Car -1 -1 0.00 381 38 416 49 -1 -1 -1 -1000 -1000 -1000 -10 -1.02382
Car -1 -1 0.00 390 32 434 46 -1 -1 -1 -1000 -1000 -1000 -10 -1.02408
Car -1 -1 0.00 406 30 440 41 -1 -1 -1 -1000 -1000 -1000 -10 -1.0244
Car -1 -1 0.00 401 28 425 55 -1 -1 -1 -1000 -1000 -1000 -10 -1.0249
Car -1 -1 0.00 388 15 431 29 -1 -1 -1 -1000 -1000 -1000 -10 -1.02694
Car -1 -1 0.00 391 36 426 47 -1 -1 -1 -1000 -1000 -1000 -10 -1.02818
Car -1 -1 0.00 398 25 440 39 -1 -1 -1 -1000 -1000 -1000 -10 -1.02927
