Car -1 -1 0.00 451 174 541 215 -1 -1 -1 -1000 -1000 -1000 -10 0.881467
Car -1 -1 0.00 411 183 476 211 -1 -1 -1 -1000 -1000 -1000 -10 -0.0538942
Car -1 -1 0.00 903 145 939 174 -1 -1 -1 -1000 -1000 -1000 -10 -0.742909
Car -1 -1 0.00 331 287 373 305 -1 -1 -1 -1000 -1000 -1000 -10 -0.831085
Car -1 -1 0.00 1070 116 1095 137 -1 -1 -1 -1000 -1000 -1000 -10 -0.948549
Car -1 -1 0.00 573 71 726 117 -1 -1 -1 -1000 -1000 -1000 -10 -0.977114
Car -1 -1 0.00 707 163 731 191 -1 -1 -1 -1000 -1000 -1000 -10 -0.978294
Car -1 -1 0.00 645 341 690 355 -1 -1 -1 -1000 -1000 -1000 -10 -0.981862
Car -1 -1 0.00 191 54 217 77 -1 -1 -1 -1000 -1000 -1000 -10 -0.987856
Car -1 -1 0.00 238 191 287 223 -1 -1 -1 -1000 -1000 -1000 -10 -0.988238
Car -1 -1 0.00 17 77 40 107 -1 -1 -1 -1000 -1000 -1000 -10 -1.00157
Car -1 -1 0.00 913 214 945 232 -1 -1 -1 -1000 -1000 -1000 -10 -1.0069
Car -1 -1 0.00 838 99 863 123 -1 -1 -1 -1000 -1000 -1000 -10 -1.01339
Car -1 -1 0.00 166 207 210 231 -1 -1 -1 -1000 -1000 -1000 -10 -1.02184
Car -1 -1 0.00 553 358 586 368 -1 -1 -1 -1000 -1000 -1000 -10 -1.02437
