Car -1 -1 0.00 400 171 503 240 -1 -1 -1 -1000 -1000 -1000 -10 1.4937
Car -1 -1 0.00 52 238 161 309 -1 -1 -1 -1000 -1000 -1000 -10 0.02716
Car -1 -1 0.00 503 176 543 203 -1 -1 -1 -1000 -1000 -1000 -10 -0.586984
Car -1 -1 0.00 555 169 576 187 -1 -1 -1 -1000 -1000 -1000 -10 -0.708834
Car -1 -1 0.00 402 175 431 197 -1 -1 -1 -1000 -1000 -1000 -10 -0.858539
Car -1 -1 0.00 690 246 715 264 -1 -1 -1 -1000 -1000 -1000 -10 -0.952916
Car -1 -1 0.00 45 174 336 281 -1 -1 -1 -1000 -1000 -1000 -10 -0.963995
Car -1 -1 0.00 810 229 839 250 -1 -1 -1 -1000 -1000 -1000 -10 -0.965218
Car -1 -1 0.00 387 154 417 175 -1 -1 -1 -1000 -1000 -1000 -10 -0.965487
Car -1 -1 0.00 842 271 871 305 -1 -1 -1 -1000 -1000 -1000 -10 -0.998015
Car -1 -1 0.00 1062 298 1097 337 -1 -1 -1 -1000 -1000 -1000 -10 -1.00182
Car -1 -1 0.00 780 257 819 270 -1 -1 -1 -1000 -1000 -1000 -10 -1.02876
