Car -1 -1 0.00 488 179 532 210 -1 -1 -1 -1000 -1000 -1000 -10 1.35334
Car -1 -1 0.00 543 176 566 195 -1 -1 -1 -1000 -1000 -1000 -10 1.03559
Car -1 -1 0.00 611 177 639 200 -1 -1 -1 -1000 -1000 -1000 -10 -0.0398011
Car -1 -1 0.00 27 309 108 371 -1 -1 -1 -1000 -1000 -1000 -10 -0.785085
Car -1 -1 0.00 287 222 385 319 -1 -1 -1 -1000 -1000 -1000 -10 -0.939079
Car -1 -1 0.00 192 229 300 298 -1 -1 -1 -1000 -1000 -1000 -10 -0.951821
Car -1 -1 0.00 893 165 926 199 -1 -1 -1 -1000 -1000 -1000 -10 -0.989129
Car -1 -1 0.00 896 14 922 40 -1 -1 -1 -1000 -1000 -1000 -10 -0.992514
Car -1 -1 0.00 321 232 393 256 -1 -1 -1 -1000 -1000 -1000 -10 -0.999614
Car -1 -1 0.00 436 294 466 326 -1 -1 -1 -1000 -1000 -1000 -10 -1.00168
Car -1 -1 0.00 667 83 720 131 -1 -1 -1 -1000 -1000 -1000 -10 -1.01079
Car -1 -1 0.00 1015 214 1053 236 -1 -1 -1 -1000 -1000 -1000 -10 -1.02808
