Car -1 -1 0.00 641 172 711 224 -1 -1 -1 -1000 -1000 -1000 -10 2.04911
Car -1 -1 0.00 721 183 861 267 -1 -1 -1 -1000 -1000 -1000 -10 1.76967
Car -1 -1 0.00 617 171 671 215 -1 -1 -1 -1000 -1000 -1000 -10 0.534543
Car -1 -1 0.00 -2 182 357 317 -1 -1 -1 -1000 -1000 -1000 -10 0.375324
Car -1 -1 0.00 552 165 583 193 -1 -1 -1 -1000 -1000 -1000 -10 -0.0063118
Car -1 -1 0.00 245 177 446 259 -1 -1 -1 -1000 -1000 -1000 -10 -0.0535646
Car -1 -1 0.00 342 165 475 227 -1 -1 -1 -1000 -1000 -1000 -10 -0.336152
Car -1 -1 0.00 379 166 488 220 -1 -1 -1 -1000 -1000 -1000 -10 -0.711496
Car -1 -1 0.00 434 198 469 224 -1 -1 -1 -1000 -1000 -1000 -10 -0.720097
Car -1 -1 0.00 404 142 442 166 -1 -1 -1 -1000 -1000 -1000 -10 -0.751814
Car -1 -1 0.00 442 171 492 211 -1 -1 -1 -1000 -1000 -1000 -10 -0.873995
Car -1 -1 0.00 307 186 456 259 -1 -1 -1 -1000 -1000 -1000 -10 -0.934706
Car -1 -1 0.00 131 124 232 161 -1 -1 -1 -1000 -1000 -1000 -10 -0.99773
Car -1 -1 0.00 22 -11 52 15 -1 -1 -1 -1000 -1000 -1000 -10 -1.00373
Car -1 -1 0.00 107 103 227 145 -1 -1 -1 -1000 -1000 -1000 -10 -1.00906
Car -1 -1 0.00 982 295 1066 375 -1 -1 -1 -1000 -1000 -1000 -10 -1.0163
