Car -1 -1 0.00 301 192 471 300 -1 -1 -1 -1000 -1000 -1000 -10 1.84288
Car -1 -1 0.00 1158 38 1188 71 -1 -1 -1 -1000 -1000 -1000 -10 -0.859639
Car -1 -1 0.00 956 277 986 310 -1 -1 -1 -1000 -1000 -1000 -10 -0.98911
Car -1 -1 0.00 1012 243 1037 263 -1 -1 -1 -1000 -1000 -1000 -10 -1.00562
Car -1 -1 0.00 152 179 187 218 -1 -1 -1 -1000 -1000 -1000 -10 -1.00937
Car -1 -1 0.00 263 348 398 386 -1 -1 -1 -1000 -1000 -1000 -10 -1.01151
Car -1 -1 0.00 453 107 511 124 -1 -1 -1 -1000 -1000 -1000 -10 -1.01805
Car -1 -1 0.00 1074 294 1106 319 -1 -1 -1 -1000 -1000 -1000 -10 -1.01964
Car -1 -1 0.00 1173 177 1226 241 -1 -1 -1 -1000 -1000 -1000 -10 -1.02443
Car -1 -1 0.00 881 14 913 39 -1 -1 -1 -1000 -1000 -1000 -10 -1.02554
Car -1 -1 0.00 1211 286 1235 306 -1 -1 -1 -1000 -1000 -1000 -10 -1.02566
Car -1 -1 0.00 806 334 853 374 -1 -1 -1 -1000 -1000 -1000 -10 -1.02976
