Car -1 -1 0.00 594 179 619 204 -1 -1 -1 -1000 -1000 -1000 -10 1.56341
Car -1 -1 0.00 477 185 530 206 -1 -1 -1 -1000 -1000 -1000 -10 0.0846827
Car -1 -1 0.00 683 177 721 186 -1 -1 -1 -1000 -1000 -1000 -10 -0.948845
Car -1 -1 0.00 49 271 90 316 -1 -1 -1 -1000 -1000 -1000 -10 -0.992443
Car -1 -1 0.00 884 366 910 376 -1 -1 -1 -1000 -1000 -1000 -10 -0.995145
Car -1 -1 0.00 212 246 239 273 -1 -1 -1 -1000 -1000 -1000 -10 -1.00404
Car -1 -1 0.00 411 330 435 341 -1 -1 -1 -1000 -1000 -1000 -10 -1.00916
Car -1 -1 0.00 617 94 648 106 -1 -1 -1 -1000 -1000 -1000 -10 -1.01773
Car -1 -1 0.00 617 112 649 124 -1 -1 -1 -1000 -1000 -1000 -10 -1.01809
Car -1 -1 0.00 553 219 593 250 -1 -1 -1 -1000 -1000 -1000 -10 -1.02474
Car -1 -1 0.00 747 27 777 50 -1 -1 -1 -1000 -1000 -1000 -10 -1.02497
