Car -1 -1 0.00 502 181 545 210 -1 -1 -1 -1000 -1000 -1000 -10 1.47715
Car -1 -1 0.00 532 179 559 198 -1 -1 -1 -1000 -1000 -1000 -10 -0.215421
Car -1 -1 0.00 548 343 577 357 -1 -1 -1 -1000 -1000 -1000 -10 -0.931183
Car -1 -1 0.00 597 298 637 323 -1 -1 -1 -1000 -1000 -1000 -10 -0.934065
Car -1 -1 0.00 906 200 934 219 -1 -1 -1 -1000 -1000 -1000 -10 -0.954261
Car -1 -1 0.00 631 229 663 255 -1 -1 -1 -1000 -1000 -1000 -10 -0.975205
Car -1 -1 0.00 752 158 853 195 -1 -1 -1 -1000 -1000 -1000 -10 -0.994441
Car -1 -1 0.00 994 161 1045 194 -1 -1 -1 -1000 -1000 -1000 -10 -0.994861
Car -1 -1 0.00 900 354 939 372 -1 -1 -1 -1000 -1000 -1000 -10 -1.00812
Car -1 -1 0.00 564 207 619 225 -1 -1 -1 -1000 -1000 -1000 -10 -1.02864
