Car -1 -1 0.00 323 179 491 241 -1 -1 -1 -1000 -1000 -1000 -10 2.30437
Car -1 -1 0.00 657 176 719 222 -1 -1 -1 -1000 -1000 -1000 -10 1.31575
Car -1 -1 0.00 432 177 532 220 -1 -1 -1 -1000 -1000 -1000 -10 0.264785
Car -1 -1 0.00 644 176 680 207 -1 -1 -1 -1000 -1000 -1000 -10 -0.340138
Car -1 -1 0.00 629 176 665 201 -1 -1 -1 -1000 -1000 -1000 -10 -0.797499
Car -1 -1 0.00 1085 326 1121 348 -1 -1 -1 -1000 -1000 -1000 -10 -0.916904
Car -1 -1 0.00 208 327 237 347 -1 -1 -1 -1000 -1000 -1000 -10 -0.964498
Car -1 -1 0.00 700 84 777 117 -1 -1 -1 -1000 -1000 -1000 -10 -0.976881
Car -1 -1 0.00 81 151 104 181 -1 -1 -1 -1000 -1000 -1000 -10 -0.98013
Car -1 -1 0.00 1141 306 1175 331 -1 -1 -1 -1000 -1000 -1000 -10 -0.999677
Car -1 -1 0.00 512 362 539 387 -1 -1 -1 -1000 -1000 -1000 -10 -1.01487
Car -1 -1 0.00 701 326 742 340 -1 -1 -1 -1000 -1000 -1000 -10 -1.01991
