Car -1 -1 0.00 671 175 750 229 -1 -1 -1 -1000 -1000 -1000 -10 1.71711
Car -1 -1 0.00 735 182 917 299 -1 -1 -1 -1000 -1000 -1000 -10 1.66694
Car -1 -1 0.00 413 182 493 223 -1 -1 -1 -1000 -1000 -1000 -10 1.20767
Car -1 -1 0.00 602 174 638 210 -1 -1 -1 -1000 -1000 -1000 -10 1.02688
Car -1 -1 0.00 411 182 486 226 -1 -1 -1 -1000 -1000 -1000 -10 -0.540774
Car -1 -1 0.00 1159 80 1183 91 -1 -1 -1 -1000 -1000 -1000 -10 -0.633674
Car -1 -1 0.00 411 188 492 227 -1 -1 -1 -1000 -1000 -1000 -10 -0.648334
Car -1 -1 0.00 147 91 476 235 -1 -1 -1 -1000 -1000 -1000 -10 -0.860697
Car -1 -1 0.00 1016 -3 1106 26 -1 -1 -1 -1000 -1000 -1000 -10 -1.00122
Car -1 -1 0.00 -60 213 179 463 -1 -1 -1 -1000 -1000 -1000 -10 -1.00506
Car -1 -1 0.00 1027 121 1079 137 -1 -1 -1 -1000 -1000 -1000 -10 -1.02231
