Car -1 -1 0.00 806 182 954 283 -1 -1 -1 -1000 -1000 -1000 -10 1.85076
Car -1 -1 0.00 767 188 833 236 -1 -1 -1 -1000 -1000 -1000 -10 1.79985
Car -1 -1 0.00 691 179 734 219 -1 -1 -1 -1000 -1000 -1000 -10 1.12693
Car -1 -1 0.00 425 248 455 274 -1 -1 -1 -1000 -1000 -1000 -10 -0.819669
Car -1 -1 0.00 756 182 810 217 -1 -1 -1 -1000 -1000 -1000 -10 -0.833509
Car -1 -1 0.00 1177 214 1202 233 -1 -1 -1 -1000 -1000 -1000 -10 -0.990544
Car -1 -1 0.00 -164 -17 323 115 -1 -1 -1 -1000 -1000 -1000 -10 -1.01165
Car -1 -1 0.00 420 137 477 204 -1 -1 -1 -1000 -1000 -1000 -10 -1.02348
Car -1 -1 0.00 291 63 323 86 -1 -1 -1 -1000 -1000 -1000 -10 -1.02383
Car -1 -1 0.00 811 137 853 153 -1 -1 -1 -1000 -1000 -1000 -10 -1.0267
