Car -1 -1 0.00 65 185 225 228 -1 -1 -1 -1000 -1000 -1000 -10 0.852351
Car -1 -1 0.00 593 173 624 189 -1 -1 -1 -1000 -1000 -1000 -10 -0.410297
Car -1 -1 0.00 183 39 210 68 -1 -1 -1 -1000 -1000 -1000 -10 -0.829838
Car -1 -1 0.00 38 101 85 118 -1 -1 -1 -1000 -1000 -1000 -10 -0.894876
Car -1 -1 0.00 358 197 398 230 -1 -1 -1 -1000 -1000 -1000 -10 -0.940703
Car -1 -1 0.00 1071 155 1183 191 -1 -1 -1 -1000 -1000 -1000 -10 -0.968103
Car -1 -1 0.00 963 75 993 106 -1 -1 -1 -1000 -1000 -1000 -10 -0.986702
Car -1 -1 0.00 793 130 824 143 -1 -1 -1 -1000 -1000 -1000 -10 -0.987162
Car -1 -1 0.00 840 240 879 254 -1 -1 -1 -1000 -1000 -1000 -10 -0.990462
Car -1 -1 0.00 802 163 912 206 -1 -1 -1 -1000 -1000 -1000 -10 -1.01137
Car -1 -1 0.00 914 156 954 169 -1 -1 -1 -1000 -1000 -1000 -10 -1.01612
