Car -1 -1 0.00 635 174 719 214 -1 -1 -1 -1000 -1000 -1000 -10 1.54356
Car -1 -1 0.00 159 164 204 198 -1 -1 -1 -1000 -1000 -1000 -10 0.816115
Car -1 -1 0.00 244 162 303 202 -1 -1 -1 -1000 -1000 -1000 -10 0.456722
Car -1 -1 0.00 277 167 337 206 -1 -1 -1 -1000 -1000 -1000 -10 0.0794194
Car -1 -1 0.00 785 204 1162 371 -1 -1 -1 -1000 -1000 -1000 -10 0.0555351
Car -1 -1 0.00 472 173 534 201 -1 -1 -1 -1000 -1000 -1000 -10 -0.674518
Car -1 -1 0.00 516 -1 591 32 -1 -1 -1 -1000 -1000 -1000 -10 -0.821632
Car -1 -1 0.00 251 168 339 205 -1 -1 -1 -1000 -1000 -1000 -10 -0.912861
Car -1 -1 0.00 1121 173 1147 192 -1 -1 -1 -1000 -1000 -1000 -10 -0.915869
Car -1 -1 0.00 335 83 377 102 -1 -1 -1 -1000 -1000 -1000 -10 -0.958621
Car -1 -1 0.00 37 28 80 73 -1 -1 -1 -1000 -1000 -1000 -10 -0.971129
Car -1 -1 0.00 323 264 348 279 -1 -1 -1 -1000 -1000 -1000 -10 -0.988213
Car -1 -1 0.00 1128 119 1154 141 -1 -1 -1 -1000 -1000 -1000 -10 -0.992017
Car -1 -1 0.00 266 42 304 81 -1 -1 -1 -1000 -1000 -1000 -10 -0.998665
Car -1 -1 0.00 597 19 641 34 -1 -1 -1 -1000 -1000 -1000 -10 -1.0096
Car -1 -1 0.00 343 269 436 295 -1 -1 -1 -1000 -1000 -1000 -10 -1.00965
Car -1 -1 0.00 37 4 80 54 -1 -1 -1 -1000 -1000 -1000 -10 -1.02006
Car -1 -1 0.00 152 291 183 317 -1 -1 -1 -1000 -1000 -1000 -10 -1.02524
