Car -1 -1 0.00 400 192 477 245 -1 -1 -1 -1000 -1000 -1000 -10 1.71939
Car -1 -1 0.00 726 178 762 203 -1 -1 -1 -1000 -1000 -1000 -10 -0.046846
Car -1 -1 0.00 841 183 918 216 -1 -1 -1 -1000 -1000 -1000 -10 -0.252826
Car -1 -1 0.00 769 179 804 205 -1 -1 -1 -1000 -1000 -1000 -10 -0.642855
Car -1 -1 0.00 824 180 961 218 -1 -1 -1 -1000 -1000 -1000 -10 -0.86731
Car -1 -1 0.00 746 181 819 205 -1 -1 -1 -1000 -1000 -1000 -10 -0.87931
Car -1 -1 0.00 782 180 834 207 -1 -1 -1 -1000 -1000 -1000 -10 -0.965405
Car -1 -1 0.00 745 181 777 203 -1 -1 -1 -1000 -1000 -1000 -10 -0.97637
Car -1 -1 0.00 326 263 375 281 -1 -1 -1 -1000 -1000 -1000 -10 -0.980589
Car -1 -1 0.00 37 63 65 92 -1 -1 -1 -1000 -1000 -1000 -10 -0.99705
Car -1 -1 0.00 1048 189 1083 212 -1 -1 -1 -1000 -1000 -1000 -10 -1.01634
Car -1 -1 0.00 733 177 764 201 -1 -1 -1 -1000 -1000 -1000 -10 -1.02501
