Car -1 -1 0.00 251 183 451 306 -1 -1 -1 -1000 -1000 -1000 -10 1.52005
Car -1 -1 0.00 524 170 580 214 -1 -1 -1 -1000 -1000 -1000 -10 1.00227
Car -1 -1 0.00 591 175 626 195 -1 -1 -1 -1000 -1000 -1000 -10 0.693583
Car -1 -1 0.00 380 183 487 265 -1 -1 -1 -1000 -1000 -1000 -10 -0.78269
Car -1 -1 0.00 174 211 226 269 -1 -1 -1 -1000 -1000 -1000 -10 -0.963379
Car -1 -1 0.00 31 168 69 184 -1 -1 -1 -1000 -1000 -1000 -10 -0.963496
Car -1 -1 0.00 1203 158 1231 170 -1 -1 -1 -1000 -1000 -1000 -10 -0.967829
Car -1 -1 0.00 29 298 63 311 -1 -1 -1 -1000 -1000 -1000 -10 -0.970018
Car -1 -1 0.00 124 176 182 216 -1 -1 -1 -1000 -1000 -1000 -10 -0.980971
Car -1 -1 0.00 112 263 138 284 -1 -1 -1 -1000 -1000 -1000 -10 -0.982898
Car -1 -1 0.00 309 157 345 169 -1 -1 -1 -1000 -1000 -1000 -10 -1.00263
