Car -1 -1 0.00 922 166 1002 227 -1 -1 -1 -1000 -1000 -1000 -10 1.57721
Car -1 -1 0.00 158 196 378 277 -1 -1 -1 -1000 -1000 -1000 -10 1.07758
Car -1 -1 0.00 174 198 390 273 -1 -1 -1 -1000 -1000 -1000 -10 -0.305827
Car -1 -1 0.00 1119 162 1153 185 -1 -1 -1 -1000 -1000 -1000 -10 -0.368102
Car -1 -1 0.00 983 184 1017 207 -1 -1 -1 -1000 -1000 -1000 -10 -0.627217
Car -1 -1 0.00 1143 161 1194 193 -1 -1 -1 -1000 -1000 -1000 -10 -0.642847
Car -1 -1 0.00 -2 188 169 262 -1 -1 -1 -1000 -1000 -1000 -10 -0.858564
Car -1 -1 0.00 946 145 982 169 -1 -1 -1 -1000 -1000 -1000 -10 -0.879655
Car -1 -1 0.00 1008 53 1034 77 -1 -1 -1 -1000 -1000 -1000 -10 -0.906078
Car -1 -1 0.00 1118 164 1162 184 -1 -1 -1 -1000 -1000 -1000 -10 -0.918495
Car -1 -1 0.00 321 57 354 83 -1 -1 -1 -1000 -1000 -1000 -10 -0.922505
Car -1 -1 0.00 409 39 440 72 -1 -1 -1 -1000 -1000 -1000 -10 -0.934515
Car -1 -1 0.00 31 27 97 75 -1 -1 -1 -1000 -1000 -1000 -10 -0.976352
Car -1 -1 0.00 745 122 769 149 -1 -1 -1 -1000 -1000 -1000 -10 -0.983043
Car -1 -1 0.00 718 148 809 177 -1 -1 -1 -1000 -1000 -1000 -10 -1.01791
