Car -1 -1 0.00 439 186 508 233 -1 -1 -1 -1000 -1000 -1000 -10 1.48964
Car -1 -1 0.00 347 191 472 272 -1 -1 -1 -1000 -1000 -1000 -10 1.33223
Car -1 -1 0.00 646 177 674 190 -1 -1 -1 -1000 -1000 -1000 -10 0.628728
Car -1 -1 0.00 559 182 593 201 -1 -1 -1 -1000 -1000 -1000 -10 0.292785
Car -1 -1 0.00 667 218 717 242 -1 -1 -1 -1000 -1000 -1000 -10 -0.74195
Car -1 -1 0.00 674 214 733 250 -1 -1 -1 -1000 -1000 -1000 -10 -0.884581
Car -1 -1 0.00 521 174 554 185 -1 -1 -1 -1000 -1000 -1000 -10 -0.90704
Car -1 -1 0.00 353 340 406 374 -1 -1 -1 -1000 -1000 -1000 -10 -0.968847
Car -1 -1 0.00 178 160 214 172 -1 -1 -1 -1000 -1000 -1000 -10 -0.989098
Car -1 -1 0.00 859 340 886 362 -1 -1 -1 -1000 -1000 -1000 -10 -0.997996
