Car -1 -1 0.00 442 187 657 319 -1 -1 -1 -1000 -1000 -1000 -10 0.951703
Car -1 -1 0.00 93 179 172 240 -1 -1 -1 -1000 -1000 -1000 -10 -0.300125
Car -1 -1 0.00 243 179 272 196 -1 -1 -1 -1000 -1000 -1000 -10 -0.648767
Car -1 -1 0.00 1074 226 1108 247 -1 -1 -1 -1000 -1000 -1000 -10 -0.799781
Car -1 -1 0.00 377 181 481 225 -1 -1 -1 -1000 -1000 -1000 -10 -0.857527
Car -1 -1 0.00 1088 228 1117 248 -1 -1 -1 -1000 -1000 -1000 -10 -0.888794
Car -1 -1 0.00 1094 221 1134 247 -1 -1 -1 -1000 -1000 -1000 -10 -0.912546
Car -1 -1 0.00 1048 224 1081 246 -1 -1 -1 -1000 -1000 -1000 -10 -0.915044
Car -1 -1 0.00 1184 229 1223 252 -1 -1 -1 -1000 -1000 -1000 -10 -0.947963
Car -1 -1 0.00 1060 224 1093 243 -1 -1 -1 -1000 -1000 -1000 -10 -0.949733
Car -1 -1 0.00 590 161 618 180 -1 -1 -1 -1000 -1000 -1000 -10 -0.95656
Car -1 -1 0.00 279 171 336 200 -1 -1 -1 -1000 -1000 -1000 -10 -0.961012
Car -1 -1 0.00 326 179 366 196 -1 -1 -1 -1000 -1000 -1000 -10 -0.979804
Car -1 -1 0.00 108 45 134 66 -1 -1 -1 -1000 -1000 -1000 -10 -0.985418
Car -1 -1 0.00 1168 104 1193 123 -1 -1 -1 -1000 -1000 -1000 -10 -0.989086
Car -1 -1 0.00 856 172 907 220 -1 -1 -1 -1000 -1000 -1000 -10 -0.993488
Car -1 -1 0.00 538 98 573 110 -1 -1 -1 -1000 -1000 -1000 -10 -0.995824
Car -1 -1 0.00 1060 157 1212 223 -1 -1 -1 -1000 -1000 -1000 -10 -0.999637
Car -1 -1 0.00 966 53 998 84 -1 -1 -1 -1000 -1000 -1000 -10 -1.00358
Car -1 -1 0.00 1128 225 1169 251 -1 -1 -1 -1000 -1000 -1000 -10 -1.00697
Car -1 -1 0.00 445 178 521 215 -1 -1 -1 -1000 -1000 -1000 -10 -1.01797
Car -1 -1 0.00 22 18 67 50 -1 -1 -1 -1000 -1000 -1000 -10 -1.01831
Car -1 -1 0.00 1115 229 1149 251 -1 -1 -1 -1000 -1000 -1000 -10 -1.02608
Car -1 -1 0.00 689 88 746 109 -1 -1 -1 -1000 -1000 -1000 -10 -1.02624
Car -1 -1 0.00 1143 64 1196 87 -1 -1 -1 -1000 -1000 -1000 -10 -1.0283
