Car -1 -1 0.00 682 156 783 235 -1 -1 -1 -1000 -1000 -1000 -10 -0.255436
Car -1 -1 0.00 205 169 400 289 -1 -1 -1 -1000 -1000 -1000 -10 -0.399808
Car -1 -1 0.00 272 152 544 269 -1 -1 -1 -1000 -1000 -1000 -10 -0.51962
Car -1 -1 0.00 580 169 618 212 -1 -1 -1 -1000 -1000 -1000 -10 -0.862742
Car -1 -1 0.00 38 213 135 282 -1 -1 -1 -1000 -1000 -1000 -10 -0.875976
Car -1 -1 0.00 241 61 283 89 -1 -1 -1 -1000 -1000 -1000 -10 -1.00303
Car -1 -1 0.00 -12 132 11 162 -1 -1 -1 -1000 -1000 -1000 -10 -1.01072
Car -1 -1 0.00 -12 140 11 170 -1 -1 -1 -1000 -1000 -1000 -10 -1.01213
Car -1 -1 0.00 528 143 554 155 -1 -1 -1 -1000 -1000 -1000 -10 -1.01493
Car -1 -1 0.00 -12 148 11 178 -1 -1 -1 -1000 -1000 -1000 -10 -1.0176
Car -1 -1 0.00 -12 124 11 154 -1 -1 -1 -1000 -1000 -1000 -10 -1.0245
Car -1 -1 0.00 360 108 398 143 -1 -1 -1 -1000 -1000 -1000 -10 -1.02916
Car -1 -1 0.00 -12 156 11 187 -1 -1 -1 -1000 -1000 -1000 -10 -1.0299
