Car -1 -1 0.00 638 166 876 276 -1 -1 -1 -1000 -1000 -1000 -10 0.408512
Car -1 -1 0.00 581 184 688 248 -1 -1 -1 -1000 -1000 -1000 -10 -0.502549
Car -1 -1 0.00 897 182 938 204 -1 -1 -1 -1000 -1000 -1000 -10 -0.512181
Car -1 -1 0.00 901 31 931 48 -1 -1 -1 -1000 -1000 -1000 -10 -0.885634
Car -1 -1 0.00 819 270 852 292 -1 -1 -1 -1000 -1000 -1000 -10 -0.920298
Car -1 -1 0.00 618 65 653 94 -1 -1 -1 -1000 -1000 -1000 -10 -0.947053
Car -1 -1 0.00 951 174 993 190 -1 -1 -1 -1000 -1000 -1000 -10 -0.965332
Car -1 -1 0.00 40 15 70 38 -1 -1 -1 -1000 -1000 -1000 -10 -0.969227
Car -1 -1 0.00 1002 173 1029 202 -1 -1 -1 -1000 -1000 -1000 -10 -0.983705
Car -1 -1 0.00 277 103 311 118 -1 -1 -1 -1000 -1000 -1000 -10 -0.99654
Car -1 -1 0.00 459 73 512 90 -1 -1 -1 -1000 -1000 -1000 -10 -0.996641
Car -1 -1 0.00 73 228 124 275 -1 -1 -1 -1000 -1000 -1000 -10 -1.00267
Car -1 -1 0.00 1116 292 1147 307 -1 -1 -1 -1000 -1000 -1000 -10 -1.01778
Car -1 -1 0.00 189 227 214 240 -1 -1 -1 -1000 -1000 -1000 -10 -1.01971
Car -1 -1 0.00 871 161 897 174 -1 -1 -1 -1000 -1000 -1000 -10 -1.02072
Car -1 -1 0.00 1211 167 1237 188 -1 -1 -1 -1000 -1000 -1000 -10 -1.02786
