Car -1 -1 0.00 581 174 648 199 -1 -1 -1 -1000 -1000 -1000 -10 1.44977
Car -1 -1 0.00 476 163 524 196 -1 -1 -1 -1000 -1000 -1000 -10 0.0559976
Car -1 -1 0.00 763 171 855 199 -1 -1 -1 -1000 -1000 -1000 -10 -0.502372
Car -1 -1 0.00 586 172 649 193 -1 -1 -1 -1000 -1000 -1000 -10 -0.823616
Car -1 -1 0.00 183 41 210 70 -1 -1 -1 -1000 -1000 -1000 -10 -0.89366
Car -1 -1 0.00 377 177 404 200 -1 -1 -1 -1000 -1000 -1000 -10 -0.908021
Car -1 -1 0.00 888 274 912 285 -1 -1 -1 -1000 -1000 -1000 -10 -0.911721
Car -1 -1 0.00 38 101 86 118 -1 -1 -1 -1000 -1000 -1000 -10 -0.915138
Car -1 -1 0.00 807 177 889 202 -1 -1 -1 -1000 -1000 -1000 -10 -0.966294
Car -1 -1 0.00 840 240 879 254 -1 -1 -1 -1000 -1000 -1000 -10 -0.968029
Car -1 -1 0.00 838 171 892 205 -1 -1 -1 -1000 -1000 -1000 -10 -0.990338
Car -1 -1 0.00 963 75 994 106 -1 -1 -1 -1000 -1000 -1000 -10 -0.995326
Car -1 -1 0.00 1236 192 1279 251 -1 -1 -1 -1000 -1000 -1000 -10 -1.00866
Car -1 -1 0.00 368 241 455 266 -1 -1 -1 -1000 -1000 -1000 -10 -1.01979
Car -1 -1 0.00 1074 162 1104 192 -1 -1 -1 -1000 -1000 -1000 -10 -1.02158
