Car -1 -1 0.00 227 193 386 239 -1 -1 -1 -1000 -1000 -1000 -10 0.422397
Car -1 -1 0.00 105 199 214 248 -1 -1 -1 -1000 -1000 -1000 -10 -0.320315
Car -1 -1 0.00 135 141 200 173 -1 -1 -1 -1000 -1000 -1000 -10 -0.746931
Car -1 -1 0.00 231 181 398 238 -1 -1 -1 -1000 -1000 -1000 -10 -0.763751
Car -1 -1 0.00 246 149 308 174 -1 -1 -1 -1000 -1000 -1000 -10 -0.836228
Car -1 -1 0.00 484 141 521 169 -1 -1 -1 -1000 -1000 -1000 -10 -0.970136
Car -1 -1 0.00 658 60 685 81 -1 -1 -1 -1000 -1000 -1000 -10 -0.992298
Car -1 -1 0.00 164 132 296 170 -1 -1 -1 -1000 -1000 -1000 -10 -0.992759
Car -1 -1 0.00 583 207 652 248 -1 -1 -1 -1000 -1000 -1000 -10 -1.00551
Car -1 -1 0.00 1091 57 1120 71 -1 -1 -1 -1000 -1000 -1000 -10 -1.007
Car -1 -1 0.00 442 95 474 128 -1 -1 -1 -1000 -1000 -1000 -10 -1.00839
Car -1 -1 0.00 143 347 177 374 -1 -1 -1 -1000 -1000 -1000 -10 -1.00852
Car -1 -1 0.00 376 362 403 387 -1 -1 -1 -1000 -1000 -1000 -10 -1.0131
Car -1 -1 0.00 620 -13 679 27 -1 -1 -1 -1000 -1000 -1000 -10 -1.02583
