Car -1 -1 0.00 449 165 489 190 -1 -1 -1 -1000 -1000 -1000 -10 1.83951
Car -1 -1 0.00 685 155 821 218 -1 -1 -1 -1000 -1000 -1000 -10 -0.592677
Car -1 -1 0.00 507 170 543 181 -1 -1 -1 -1000 -1000 -1000 -10 -0.772131
Car -1 -1 0.00 911 120 956 157 -1 -1 -1 -1000 -1000 -1000 -10 -0.845186
Car -1 -1 0.00 349 81 380 118 -1 -1 -1 -1000 -1000 -1000 -10 -0.933863
Car -1 -1 0.00 980 -8 1023 19 -1 -1 -1 -1000 -1000 -1000 -10 -0.94849
Car -1 -1 0.00 492 300 524 322 -1 -1 -1 -1000 -1000 -1000 -10 -0.965381
Car -1 -1 0.00 825 64 861 102 -1 -1 -1 -1000 -1000 -1000 -10 -0.970901
Car -1 -1 0.00 1124 -30 1246 95 -1 -1 -1 -1000 -1000 -1000 -10 -0.977927
Car -1 -1 0.00 892 97 939 130 -1 -1 -1 -1000 -1000 -1000 -10 -0.981997
Car -1 -1 0.00 526 171 605 195 -1 -1 -1 -1000 -1000 -1000 -10 -0.98953
Car -1 -1 0.00 1164 234 1203 258 -1 -1 -1 -1000 -1000 -1000 -10 -1.00659
Car -1 -1 0.00 494 332 531 343 -1 -1 -1 -1000 -1000 -1000 -10 -1.01684
Car -1 -1 0.00 85 314 111 325 -1 -1 -1 -1000 -1000 -1000 -10 -1.02013
Car -1 -1 0.00 839 111 877 122 -1 -1 -1 -1000 -1000 -1000 -10 -1.02787
Car -1 -1 0.00 512 166 556 182 -1 -1 -1 -1000 -1000 -1000 -10 -1.02909
