Car -1 -1 0.00 741 167 998 258 -1 -1 -1 -1000 -1000 -1000 -10 0.279504
Car -1 -1 0.00 604 166 672 201 -1 -1 -1 -1000 -1000 -1000 -10 -0.14182
Car -1 -1 0.00 223 -4 325 69 -1 -1 -1 -1000 -1000 -1000 -10 -0.785386
Car -1 -1 0.00 842 90 872 116 -1 -1 -1 -1000 -1000 -1000 -10 -0.973079
Car -1 -1 0.00 1197 275 1231 308 -1 -1 -1 -1000 -1000 -1000 -10 -0.990035
Car -1 -1 0.00 561 10 588 36 -1 -1 -1 -1000 -1000 -1000 -10 -0.991733
Car -1 -1 0.00 958 -7 990 17 -1 -1 -1 -1000 -1000 -1000 -10 -0.999101
Car -1 -1 0.00 754 98 776 120 -1 -1 -1 -1000 -1000 -1000 -10 -1.00532
Car -1 -1 0.00 153 97 179 119 -1 -1 -1 -1000 -1000 -1000 -10 -1.01704
Car -1 -1 0.00 1174 32 1215 66 -1 -1 -1 -1000 -1000 -1000 -10 -1.02136
Car -1 -1 0.00 1205 125 1235 144 -1 -1 -1 -1000 -1000 -1000 -10 -1.02468
Car -1 -1 0.00 67 311 95 331 -1 -1 -1 -1000 -1000 -1000 -10 -1.02563
