Car -1 -1 0.00 565 177 619 216 -1 -1 -1 -1000 -1000 -1000 -10 1.46474
Car -1 -1 0.00 600 178 681 239 -1 -1 -1 -1000 -1000 -1000 -10 1.35443
Car -1 -1 0.00 425 174 450 196 -1 -1 -1 -1000 -1000 -1000 -10 -0.630638
Car -1 -1 0.00 233 184 376 237 -1 -1 -1 -1000 -1000 -1000 -10 -0.640592
Car -1 -1 0.00 115 263 149 286 -1 -1 -1 -1000 -1000 -1000 -10 -0.734987
Car -1 -1 0.00 768 222 814 239 -1 -1 -1 -1000 -1000 -1000 -10 -0.841735
Car -1 -1 0.00 902 85 945 137 -1 -1 -1 -1000 -1000 -1000 -10 -0.922316
Car -1 -1 0.00 387 176 442 215 -1 -1 -1 -1000 -1000 -1000 -10 -0.927412
Car -1 -1 0.00 348 175 439 208 -1 -1 -1 -1000 -1000 -1000 -10 -0.94311
Car -1 -1 0.00 534 174 559 191 -1 -1 -1 -1000 -1000 -1000 -10 -0.963889
Car -1 -1 0.00 -4 187 340 288 -1 -1 -1 -1000 -1000 -1000 -10 -0.980634
Car -1 -1 0.00 290 175 413 223 -1 -1 -1 -1000 -1000 -1000 -10 -0.982947
Car -1 -1 0.00 1046 178 1071 200 -1 -1 -1 -1000 -1000 -1000 -10 -0.996022
Car -1 -1 0.00 452 172 480 193 -1 -1 -1 -1000 -1000 -1000 -10 -1.00118
Car -1 -1 0.00 774 163 821 182 -1 -1 -1 -1000 -1000 -1000 -10 -1.01588
