Car -1 -1 0.00 505 181 569 234 -1 -1 -1 -1000 -1000 -1000 -10 0.8312
Car -1 -1 0.00 141 179 257 248 -1 -1 -1 -1000 -1000 -1000 -10 0.269405
Car -1 -1 0.00 749 173 842 214 -1 -1 -1 -1000 -1000 -1000 -10 0.257401
Car -1 -1 0.00 210 165 316 224 -1 -1 -1 -1000 -1000 -1000 -10 -0.038708
Car -1 -1 0.00 355 168 393 195 -1 -1 -1 -1000 -1000 -1000 -10 -0.172627
Car -1 -1 0.00 638 170 720 201 -1 -1 -1 -1000 -1000 -1000 -10 -0.258314
Car -1 -1 0.00 823 171 950 220 -1 -1 -1 -1000 -1000 -1000 -10 -0.430088
Car -1 -1 0.00 113 182 259 249 -1 -1 -1 -1000 -1000 -1000 -10 -0.462254
Car -1 -1 0.00 -62 182 178 289 -1 -1 -1 -1000 -1000 -1000 -10 -0.579036
Car -1 -1 0.00 954 28 1016 56 -1 -1 -1 -1000 -1000 -1000 -10 -0.582485
Car -1 -1 0.00 592 172 650 199 -1 -1 -1 -1000 -1000 -1000 -10 -0.737208
Car -1 -1 0.00 278 174 336 214 -1 -1 -1 -1000 -1000 -1000 -10 -0.8065
Car -1 -1 0.00 626 173 690 202 -1 -1 -1 -1000 -1000 -1000 -10 -0.9056
Car -1 -1 0.00 158 136 213 173 -1 -1 -1 -1000 -1000 -1000 -10 -0.93599
Car -1 -1 0.00 803 246 841 275 -1 -1 -1 -1000 -1000 -1000 -10 -0.957182
Car -1 -1 0.00 830 137 857 158 -1 -1 -1 -1000 -1000 -1000 -10 -0.980381
Car -1 -1 0.00 805 150 853 168 -1 -1 -1 -1000 -1000 -1000 -10 -0.991286
Car -1 -1 0.00 796 232 837 246 -1 -1 -1 -1000 -1000 -1000 -10 -1.01581
Car -1 -1 0.00 432 309 525 392 -1 -1 -1 -1000 -1000 -1000 -10 -1.02366
Car -1 -1 0.00 738 331 823 404 -1 -1 -1 -1000 -1000 -1000 -10 -1.02383
Car -1 -1 0.00 426 317 732 400 -1 -1 -1 -1000 -1000 -1000 -10 -1.02722
