Car -1 -1 0.00 722 187 893 293 -1 -1 -1 -1000 -1000 -1000 -10 1.48568
Car -1 -1 0.00 261 176 324 208 -1 -1 -1 -1000 -1000 -1000 -10 1.2747
Car -1 -1 0.00 678 170 789 248 -1 -1 -1 -1000 -1000 -1000 -10 1.2225
Car -1 -1 0.00 631 177 669 203 -1 -1 -1 -1000 -1000 -1000 -10 1.15965
Car -1 -1 0.00 320 178 378 201 -1 -1 -1 -1000 -1000 -1000 -10 -0.00582331
Car -1 -1 0.00 352 176 385 200 -1 -1 -1 -1000 -1000 -1000 -10 -0.109516
Car -1 -1 0.00 759 191 1214 373 -1 -1 -1 -1000 -1000 -1000 -10 -0.628629
Car -1 -1 0.00 128 107 157 123 -1 -1 -1 -1000 -1000 -1000 -10 -0.969147
Car -1 -1 0.00 413 269 442 289 -1 -1 -1 -1000 -1000 -1000 -10 -0.983053
Car -1 -1 0.00 1192 330 1221 366 -1 -1 -1 -1000 -1000 -1000 -10 -0.987207
Car -1 -1 0.00 130 89 159 127 -1 -1 -1 -1000 -1000 -1000 -10 -0.989093
Car -1 -1 0.00 141 105 278 156 -1 -1 -1 -1000 -1000 -1000 -10 -0.989472
Car -1 -1 0.00 730 46 766 58 -1 -1 -1 -1000 -1000 -1000 -10 -0.991501
Car -1 -1 0.00 129 101 153 131 -1 -1 -1 -1000 -1000 -1000 -10 -0.998459
Car -1 -1 0.00 127 281 157 309 -1 -1 -1 -1000 -1000 -1000 -10 -0.998931
Car -1 -1 0.00 368 179 408 197 -1 -1 -1 -1000 -1000 -1000 -10 -0.999224
Car -1 -1 0.00 130 247 155 277 -1 -1 -1 -1000 -1000 -1000 -10 -1.00694
Car -1 -1 0.00 115 186 153 226 -1 -1 -1 -1000 -1000 -1000 -10 -1.01132
Car -1 -1 0.00 1073 93 1156 118 -1 -1 -1 -1000 -1000 -1000 -10 -1.01357
Car -1 -1 0.00 124 271 166 286 -1 -1 -1 -1000 -1000 -1000 -10 -1.01447
Car -1 -1 0.00 128 113 156 150 -1 -1 -1 -1000 -1000 -1000 -10 -1.01865
Car -1 -1 0.00 530 171 574 183 -1 -1 -1 -1000 -1000 -1000 -10 -1.02564
Car -1 -1 0.00 131 268 159 304 -1 -1 -1 -1000 -1000 -1000 -10 -1.02977
