Car -1 -1 0.00 266 178 405 268 -1 -1 -1 -1000 -1000 -1000 -10 0.936815
Car -1 -1 0.00 474 175 522 214 -1 -1 -1 -1000 -1000 -1000 -10 0.659528
Car -1 -1 0.00 414 182 483 234 -1 -1 -1 -1000 -1000 -1000 -10 0.03529
Car -1 -1 0.00 1099 95 1149 113 -1 -1 -1 -1000 -1000 -1000 -10 -0.278692
Car -1 -1 0.00 502 180 539 207 -1 -1 -1 -1000 -1000 -1000 -10 -0.431583
Car -1 -1 0.00 248 201 408 266 -1 -1 -1 -1000 -1000 -1000 -10 -0.719507
Car -1 -1 0.00 368 201 404 225 -1 -1 -1 -1000 -1000 -1000 -10 -0.778291
Car -1 -1 0.00 824 266 858 299 -1 -1 -1 -1000 -1000 -1000 -10 -0.783085
Car -1 -1 0.00 483 323 519 352 -1 -1 -1 -1000 -1000 -1000 -10 -0.895933
Car -1 -1 0.00 60 52 90 78 -1 -1 -1 -1000 -1000 -1000 -10 -0.90446
Car -1 -1 0.00 953 107 1025 142 -1 -1 -1 -1000 -1000 -1000 -10 -0.944699
Car -1 -1 0.00 865 322 893 341 -1 -1 -1 -1000 -1000 -1000 -10 -0.980192
Car -1 -1 0.00 1174 227 1229 267 -1 -1 -1 -1000 -1000 -1000 -10 -0.992328
Car -1 -1 0.00 724 34 790 65 -1 -1 -1 -1000 -1000 -1000 -10 -1.01741
Car -1 -1 0.00 17 348 59 361 -1 -1 -1 -1000 -1000 -1000 -10 -1.01852
Car -1 -1 0.00 52 190 92 234 -1 -1 -1 -1000 -1000 -1000 -10 -1.02116
Car -1 -1 0.00 664 265 718 279 -1 -1 -1 -1000 -1000 -1000 -10 -1.02233
