Car -1 -1 0.00 692 166 831 272 -1 -1 -1 -1000 -1000 -1000 -10 1.56332
Car -1 -1 0.00 609 172 639 196 -1 -1 -1 -1000 -1000 -1000 -10 0.628936
Car -1 -1 0.00 401 184 514 231 -1 -1 -1 -1000 -1000 -1000 -10 -0.633823
Car -1 -1 0.00 640 164 700 217 -1 -1 -1 -1000 -1000 -1000 -10 -0.738978
Car -1 -1 0.00 92 55 177 126 -1 -1 -1 -1000 -1000 -1000 -10 -0.943603
Car -1 -1 0.00 350 368 376 379 -1 -1 -1 -1000 -1000 -1000 -10 -0.9703
Car -1 -1 0.00 1028 -2 1067 14 -1 -1 -1 -1000 -1000 -1000 -10 -1.02022
Car -1 -1 0.00 1030 16 1064 28 -1 -1 -1 -1000 -1000 -1000 -10 -1.02529
Car -1 -1 0.00 1032 23 1063 36 -1 -1 -1 -1000 -1000 -1000 -10 -1.02795
Car -1 -1 0.00 25 293 64 307 -1 -1 -1 -1000 -1000 -1000 -10 -1.02809
