Car -1 -1 0.00 544 168 567 186 -1 -1 -1 -1000 -1000 -1000 -10 0.142222
Car -1 -1 0.00 646 167 726 198 -1 -1 -1 -1000 -1000 -1000 -10 -0.392645
Car -1 -1 0.00 678 170 850 232 -1 -1 -1 -1000 -1000 -1000 -10 -0.629943
Car -1 -1 0.00 85 214 123 231 -1 -1 -1 -1000 -1000 -1000 -10 -0.80301
Car -1 -1 0.00 118 126 158 155 -1 -1 -1 -1000 -1000 -1000 -10 -0.871484
Car -1 -1 0.00 1105 167 1129 186 -1 -1 -1 -1000 -1000 -1000 -10 -0.888095
Car -1 -1 0.00 73 188 103 222 -1 -1 -1 -1000 -1000 -1000 -10 -0.890598
Car -1 -1 0.00 303 174 334 209 -1 -1 -1 -1000 -1000 -1000 -10 -0.894132
Car -1 -1 0.00 950 181 1092 225 -1 -1 -1 -1000 -1000 -1000 -10 -0.931524
Car -1 -1 0.00 31 41 58 54 -1 -1 -1 -1000 -1000 -1000 -10 -0.942192
Car -1 -1 0.00 419 155 458 170 -1 -1 -1 -1000 -1000 -1000 -10 -0.992769
Car -1 -1 0.00 135 144 200 165 -1 -1 -1 -1000 -1000 -1000 -10 -1.01556
