Car -1 -1 0.00 469 174 544 209 -1 -1 -1 -1000 -1000 -1000 -10 0.907925
Car -1 -1 0.00 359 172 491 296 -1 -1 -1 -1000 -1000 -1000 -10 0.823395
Car -1 -1 0.00 537 165 604 199 -1 -1 -1 -1000 -1000 -1000 -10 0.15496
Car -1 -1 0.00 622 168 678 203 -1 -1 -1 -1000 -1000 -1000 -10 0.0059185
Car -1 -1 0.00 602 169 643 193 -1 -1 -1 -1000 -1000 -1000 -10 -0.324257
Car -1 -1 0.00 258 179 378 232 -1 -1 -1 -1000 -1000 -1000 -10 -0.332107
Car -1 -1 0.00 716 162 793 195 -1 -1 -1 -1000 -1000 -1000 -10 -0.898359
Car -1 -1 0.00 166 163 218 190 -1 -1 -1 -1000 -1000 -1000 -10 -0.919988
Car -1 -1 0.00 716 168 750 186 -1 -1 -1 -1000 -1000 -1000 -10 -0.937533
Car -1 -1 0.00 622 172 677 201 -1 -1 -1 -1000 -1000 -1000 -10 -0.983945
Car -1 -1 0.00 156 102 198 124 -1 -1 -1 -1000 -1000 -1000 -10 -1.02084
Car -1 -1 0.00 670 332 707 343 -1 -1 -1 -1000 -1000 -1000 -10 -1.02329
Car -1 -1 0.00 710 202 735 225 -1 -1 -1 -1000 -1000 -1000 -10 -1.02874
