Car -1 -1 0.00 418 178 472 204 -1 -1 -1 -1000 -1000 -1000 -10 1.38422
Car -1 -1 0.00 534 174 641 213 -1 -1 -1 -1000 -1000 -1000 -10 1.34305
Car -1 -1 0.00 170 175 303 218 -1 -1 -1 -1000 -1000 -1000 -10 0.297699
Car -1 -1 0.00 699 176 769 200 -1 -1 -1 -1000 -1000 -1000 -10 0.269894
Car -1 -1 0.00 53 184 165 223 -1 -1 -1 -1000 -1000 -1000 -10 0.104955
Car -1 -1 0.00 903 173 977 201 -1 -1 -1 -1000 -1000 -1000 -10 -0.0469029
Car -1 -1 0.00 453 175 481 194 -1 -1 -1 -1000 -1000 -1000 -10 -0.0859723
Car -1 -1 0.00 344 177 395 201 -1 -1 -1 -1000 -1000 -1000 -10 -0.210344
Car -1 -1 0.00 259 175 333 205 -1 -1 -1 -1000 -1000 -1000 -10 -0.91897
Car -1 -1 0.00 327 71 355 100 -1 -1 -1 -1000 -1000 -1000 -10 -0.969673
Car -1 -1 0.00 991 207 1070 270 -1 -1 -1 -1000 -1000 -1000 -10 -0.97721
Car -1 -1 0.00 940 171 979 194 -1 -1 -1 -1000 -1000 -1000 -10 -1.02768
