Car -1 -1 0.00 766 198 996 348 -1 -1 -1 -1000 -1000 -1000 -10 1.584
Car -1 -1 0.00 459 183 525 228 -1 -1 -1 -1000 -1000 -1000 -10 1.18644
Car -1 -1 0.00 508 178 543 205 -1 -1 -1 -1000 -1000 -1000 -10 0.88935
Car -1 -1 0.00 626 173 672 206 -1 -1 -1 -1000 -1000 -1000 -10 0.429122
Car -1 -1 0.00 743 205 1007 322 -1 -1 -1 -1000 -1000 -1000 -10 -0.780931
Car -1 -1 0.00 277 241 364 305 -1 -1 -1 -1000 -1000 -1000 -10 -0.972138
Car -1 -1 0.00 514 178 541 205 -1 -1 -1 -1000 -1000 -1000 -10 -0.988511
Car -1 -1 0.00 707 188 731 199 -1 -1 -1 -1000 -1000 -1000 -10 -0.991561
Car -1 -1 0.00 23 100 59 138 -1 -1 -1 -1000 -1000 -1000 -10 -1.00264
Car -1 -1 0.00 590 173 616 192 -1 -1 -1 -1000 -1000 -1000 -10 -1.01044
Car -1 -1 0.00 134 195 161 219 -1 -1 -1 -1000 -1000 -1000 -10 -1.01263
Car -1 -1 0.00 1139 177 1164 206 -1 -1 -1 -1000 -1000 -1000 -10 -1.01816
