Car -1 -1 0.00 818 175 867 205 -1 -1 -1 -1000 -1000 -1000 -10 0.936252
Car -1 -1 0.00 855 177 891 201 -1 -1 -1 -1000 -1000 -1000 -10 0.692698
Car -1 -1 0.00 462 179 617 244 -1 -1 -1 -1000 -1000 -1000 -10 0.548266
Car -1 -1 0.00 768 181 828 210 -1 -1 -1 -1000 -1000 -1000 -10 0.504772
Car -1 -1 0.00 769 181 818 210 -1 -1 -1 -1000 -1000 -1000 -10 -0.337793
Car -1 -1 0.00 846 176 894 202 -1 -1 -1 -1000 -1000 -1000 -10 -0.352356
Car -1 -1 0.00 920 -9 947 14 -1 -1 -1 -1000 -1000 -1000 -10 -0.824552
Car -1 -1 0.00 1025 173 1059 188 -1 -1 -1 -1000 -1000 -1000 -10 -0.892827
Car -1 -1 0.00 8 82 77 168 -1 -1 -1 -1000 -1000 -1000 -10 -0.892868
Car -1 -1 0.00 1180 10 1206 36 -1 -1 -1 -1000 -1000 -1000 -10 -0.939525
Car -1 -1 0.00 941 -10 969 11 -1 -1 -1 -1000 -1000 -1000 -10 -0.95998
Car -1 -1 0.00 880 179 957 200 -1 -1 -1 -1000 -1000 -1000 -10 -1.00178
Car -1 -1 0.00 65 262 119 296 -1 -1 -1 -1000 -1000 -1000 -10 -1.00751
Car -1 -1 0.00 1133 30 1175 63 -1 -1 -1 -1000 -1000 -1000 -10 -1.01965
