Car -1 -1 0.00 714 181 803 245 -1 -1 -1 -1000 -1000 -1000 -10 1.65994
Car -1 -1 0.00 830 178 1018 326 -1 -1 -1 -1000 -1000 -1000 -10 1.26856
Car -1 -1 0.00 26 206 190 267 -1 -1 -1 -1000 -1000 -1000 -10 0.913052
Car -1 -1 0.00 567 180 619 200 -1 -1 -1 -1000 -1000 -1000 -10 0.519569
Car -1 -1 0.00 407 187 468 205 -1 -1 -1 -1000 -1000 -1000 -10 0.361473
Car -1 -1 0.00 1067 145 1091 162 -1 -1 -1 -1000 -1000 -1000 -10 -0.481846
Car -1 -1 0.00 409 189 465 207 -1 -1 -1 -1000 -1000 -1000 -10 -0.512846
Car -1 -1 0.00 262 185 343 218 -1 -1 -1 -1000 -1000 -1000 -10 -0.517384
Car -1 -1 0.00 1061 163 1100 194 -1 -1 -1 -1000 -1000 -1000 -10 -0.693694
Car -1 -1 0.00 189 194 281 222 -1 -1 -1 -1000 -1000 -1000 -10 -0.706972
Car -1 -1 0.00 329 189 390 214 -1 -1 -1 -1000 -1000 -1000 -10 -0.742861
Car -1 -1 0.00 818 167 860 205 -1 -1 -1 -1000 -1000 -1000 -10 -0.798005
Car -1 -1 0.00 568 181 621 200 -1 -1 -1 -1000 -1000 -1000 -10 -0.809016
Car -1 -1 0.00 1066 133 1126 163 -1 -1 -1 -1000 -1000 -1000 -10 -0.892479
Car -1 -1 0.00 334 186 412 211 -1 -1 -1 -1000 -1000 -1000 -10 -0.973288
Car -1 -1 0.00 782 175 819 190 -1 -1 -1 -1000 -1000 -1000 -10 -0.978833
Car -1 -1 0.00 974 185 1006 214 -1 -1 -1 -1000 -1000 -1000 -10 -0.989773
Car -1 -1 0.00 694 223 723 251 -1 -1 -1 -1000 -1000 -1000 -10 -0.994883
Car -1 -1 0.00 1051 150 1075 177 -1 -1 -1 -1000 -1000 -1000 -10 -1.00096
Car -1 -1 0.00 419 132 456 143 -1 -1 -1 -1000 -1000 -1000 -10 -1.01063
Car -1 -1 0.00 946 330 1002 374 -1 -1 -1 -1000 -1000 -1000 -10 -1.01822
Car -1 -1 0.00 785 254 825 300 -1 -1 -1 -1000 -1000 -1000 -10 -1.02688
