Car -1 -1 0.00 358 186 414 223 -1 -1 -1 -1000 -1000 -1000 -10 0.135619
Car -1 -1 0.00 14 192 235 276 -1 -1 -1 -1000 -1000 -1000 -10 -0.387579
Car -1 -1 0.00 276 185 316 204 -1 -1 -1 -1000 -1000 -1000 -10 -0.538449
Car -1 -1 0.00 284 180 319 205 -1 -1 -1 -1000 -1000 -1000 -10 -0.55716
Car -1 -1 0.00 340 186 389 219 -1 -1 -1 -1000 -1000 -1000 -10 -0.730638
Car -1 -1 0.00 427 149 525 220 -1 -1 -1 -1000 -1000 -1000 -10 -0.817575
Car -1 -1 0.00 671 160 716 192 -1 -1 -1 -1000 -1000 -1000 -10 -0.862359
Car -1 -1 0.00 418 170 611 254 -1 -1 -1 -1000 -1000 -1000 -10 -0.967695
Car -1 -1 0.00 269 226 294 237 -1 -1 -1 -1000 -1000 -1000 -10 -0.96928
Car -1 -1 0.00 339 352 364 363 -1 -1 -1 -1000 -1000 -1000 -10 -0.984694
Car -1 -1 0.00 497 18 521 38 -1 -1 -1 -1000 -1000 -1000 -10 -1.00696
Car -1 -1 0.00 277 227 307 241 -1 -1 -1 -1000 -1000 -1000 -10 -1.01011
Car -1 -1 0.00 510 360 536 371 -1 -1 -1 -1000 -1000 -1000 -10 -1.01801
