Car -1 -1 0.00 737 186 841 252 -1 -1 -1 -1000 -1000 -1000 -10 1.42233
Car -1 -1 0.00 660 181 703 207 -1 -1 -1 -1000 -1000 -1000 -10 0.701654
Car -1 -1 0.00 661 182 689 208 -1 -1 -1 -1000 -1000 -1000 -10 -0.543398
Car -1 -1 0.00 467 142 496 163 -1 -1 -1 -1000 -1000 -1000 -10 -0.829379
Car -1 -1 0.00 969 218 1066 260 -1 -1 -1 -1000 -1000 -1000 -10 -0.877083
Car -1 -1 0.00 945 24 997 65 -1 -1 -1 -1000 -1000 -1000 -10 -0.907413
Car -1 -1 0.00 64 224 94 260 -1 -1 -1 -1000 -1000 -1000 -10 -0.969558
Car -1 -1 0.00 81 -2 147 18 -1 -1 -1 -1000 -1000 -1000 -10 -0.971625
Car -1 -1 0.00 962 341 988 362 -1 -1 -1 -1000 -1000 -1000 -10 -1.01301
Car -1 -1 0.00 79 70 311 169 -1 -1 -1 -1000 -1000 -1000 -10 -1.01521
Car -1 -1 0.00 935 332 975 372 -1 -1 -1 -1000 -1000 -1000 -10 -1.02333
Car -1 -1 0.00 259 162 291 197 -1 -1 -1 -1000 -1000 -1000 -10 -1.02782
Car -1 -1 0.00 1200 79 1228 111 -1 -1 -1 -1000 -1000 -1000 -10 -1.02796
