Car -1 -1 0.00 713 180 912 315 -1 -1 -1 -1000 -1000 -1000 -10 1.99173
Car -1 -1 0.00 273 188 432 261 -1 -1 -1 -1000 -1000 -1000 -10 0.891003
Car -1 -1 0.00 672 174 785 253 -1 -1 -1 -1000 -1000 -1000 -10 0.851895
Car -1 -1 0.00 105 181 382 299 -1 -1 -1 -1000 -1000 -1000 -10 0.755012
Car -1 -1 0.00 583 175 630 217 -1 -1 -1 -1000 -1000 -1000 -10 -0.209339
Car -1 -1 0.00 237 181 435 252 -1 -1 -1 -1000 -1000 -1000 -10 -0.525705
Car -1 -1 0.00 711 180 894 310 -1 -1 -1 -1000 -1000 -1000 -10 -0.577713
Car -1 -1 0.00 806 205 1245 377 -1 -1 -1 -1000 -1000 -1000 -10 -0.793716
Car -1 -1 0.00 143 297 203 347 -1 -1 -1 -1000 -1000 -1000 -10 -0.855408
Car -1 -1 0.00 943 136 981 168 -1 -1 -1 -1000 -1000 -1000 -10 -0.973614
Car -1 -1 0.00 401 143 427 167 -1 -1 -1 -1000 -1000 -1000 -10 -1.01633
Car -1 -1 0.00 852 143 882 174 -1 -1 -1 -1000 -1000 -1000 -10 -1.02451
Car -1 -1 0.00 831 17 872 66 -1 -1 -1 -1000 -1000 -1000 -10 -1.02984
