Car -1 -1 0.00 328 176 524 255 -1 -1 -1 -1000 -1000 -1000 -10 1.56624
Car -1 -1 0.00 671 174 807 218 -1 -1 -1 -1000 -1000 -1000 -10 1.09476
Car -1 -1 0.00 599 178 633 197 -1 -1 -1 -1000 -1000 -1000 -10 0.798901
Car -1 -1 0.00 994 169 1136 209 -1 -1 -1 -1000 -1000 -1000 -10 0.784783
Car -1 -1 0.00 281 180 387 223 -1 -1 -1 -1000 -1000 -1000 -10 -0.012214
Car -1 -1 0.00 733 167 852 216 -1 -1 -1 -1000 -1000 -1000 -10 -0.361575
Car -1 -1 0.00 583 170 609 194 -1 -1 -1 -1000 -1000 -1000 -10 -0.406637
Car -1 -1 0.00 662 175 809 217 -1 -1 -1 -1000 -1000 -1000 -10 -1.00632
Car -1 -1 0.00 1014 244 1043 267 -1 -1 -1 -1000 -1000 -1000 -10 -1.0126
Car -1 -1 0.00 327 71 355 100 -1 -1 -1 -1000 -1000 -1000 -10 -1.02437
