Car -1 -1 0.00 102 172 223 219 -1 -1 -1 -1000 -1000 -1000 -10 1.66017
Car -1 -1 0.00 581 180 616 211 -1 -1 -1 -1000 -1000 -1000 -10 1.54739
Car -1 -1 0.00 933 297 961 311 -1 -1 -1 -1000 -1000 -1000 -10 -0.932651
Car -1 -1 0.00 746 140 787 162 -1 -1 -1 -1000 -1000 -1000 -10 -0.972477
Car -1 -1 0.00 303 196 328 207 -1 -1 -1 -1000 -1000 -1000 -10 -0.97619
Car -1 -1 0.00 385 84 412 111 -1 -1 -1 -1000 -1000 -1000 -10 -0.982379
Car -1 -1 0.00 1097 202 1128 236 -1 -1 -1 -1000 -1000 -1000 -10 -0.989443
Car -1 -1 0.00 310 367 339 376 -1 -1 -1 -1000 -1000 -1000 -10 -1.02498
Car -1 -1 0.00 880 35 933 52 -1 -1 -1 -1000 -1000 -1000 -10 -1.02631
Car -1 -1 0.00 981 226 1020 258 -1 -1 -1 -1000 -1000 -1000 -10 -1.02856
