Car -1 -1 0.00 475 182 542 236 -1 -1 -1 -1000 -1000 -1000 -10 1.1882
Car -1 -1 0.00 305 165 476 304 -1 -1 -1 -1000 -1000 -1000 -10 0.0916753
Car -1 -1 0.00 557 175 583 194 -1 -1 -1 -1000 -1000 -1000 -10 0.0274914
Car -1 -1 0.00 307 167 377 222 -1 -1 -1 -1000 -1000 -1000 -10 -0.644451
Car -1 -1 0.00 945 188 1031 216 -1 -1 -1 -1000 -1000 -1000 -10 -0.86173
Car -1 -1 0.00 650 349 683 374 -1 -1 -1 -1000 -1000 -1000 -10 -0.877565
Car -1 -1 0.00 73 102 101 132 -1 -1 -1 -1000 -1000 -1000 -10 -0.906758
Car -1 -1 0.00 159 303 198 345 -1 -1 -1 -1000 -1000 -1000 -10 -0.932297
Car -1 -1 0.00 815 160 840 189 -1 -1 -1 -1000 -1000 -1000 -10 -1.00467
Car -1 -1 0.00 1199 178 1226 190 -1 -1 -1 -1000 -1000 -1000 -10 -1.00723
Car -1 -1 0.00 1033 180 1070 206 -1 -1 -1 -1000 -1000 -1000 -10 -1.02957
