Car -1 -1 0.00 123 197 205 228 -1 -1 -1 -1000 -1000 -1000 -10 0.777256
Car -1 -1 0.00 178 192 233 214 -1 -1 -1 -1000 -1000 -1000 -10 0.0450801
Car -1 -1 0.00 305 179 395 206 -1 -1 -1 -1000 -1000 -1000 -10 -0.862798
Car -1 -1 0.00 974 228 1005 247 -1 -1 -1 -1000 -1000 -1000 -10 -0.865455
Car -1 -1 0.00 1122 141 1149 162 -1 -1 -1 -1000 -1000 -1000 -10 -0.874351
Car -1 -1 0.00 294 111 319 133 -1 -1 -1 -1000 -1000 -1000 -10 -0.907363
Car -1 -1 0.00 762 223 790 233 -1 -1 -1 -1000 -1000 -1000 -10 -0.985042
Car -1 -1 0.00 1151 162 1179 182 -1 -1 -1 -1000 -1000 -1000 -10 -0.985057
Car -1 -1 0.00 493 132 524 156 -1 -1 -1 -1000 -1000 -1000 -10 -0.989867
Car -1 -1 0.00 -14 180 18 194 -1 -1 -1 -1000 -1000 -1000 -10 -0.990662
Car -1 -1 0.00 144 106 257 144 -1 -1 -1 -1000 -1000 -1000 -10 -1.01041
Car -1 -1 0.00 1040 214 1071 245 -1 -1 -1 -1000 -1000 -1000 -10 -1.02576
Car -1 -1 0.00 416 164 444 181 -1 -1 -1 -1000 -1000 -1000 -10 -1.02654
