Car -1 -1 0.00 387 197 507 267 -1 -1 -1 -1000 -1000 -1000 -10 1.36337
Car -1 -1 0.00 537 182 577 213 -1 -1 -1 -1000 -1000 -1000 -10 1.24329
Car -1 -1 0.00 1056 153 1086 174 -1 -1 -1 -1000 -1000 -1000 -10 -0.886783
Car -1 -1 0.00 1007 338 1039 349 -1 -1 -1 -1000 -1000 -1000 -10 -0.965242
Car -1 -1 0.00 555 176 584 202 -1 -1 -1 -1000 -1000 -1000 -10 -0.970862
Car -1 -1 0.00 1152 236 1176 255 -1 -1 -1 -1000 -1000 -1000 -10 -0.98796
Car -1 -1 0.00 915 293 944 306 -1 -1 -1 -1000 -1000 -1000 -10 -0.991134
Car -1 -1 0.00 213 204 247 216 -1 -1 -1 -1000 -1000 -1000 -10 -1.00571
Car -1 -1 0.00 838 336 864 357 -1 -1 -1 -1000 -1000 -1000 -10 -1.01107
Car -1 -1 0.00 1196 220 1221 247 -1 -1 -1 -1000 -1000 -1000 -10 -1.02102
