Car -1 -1 0.00 614 178 655 199 -1 -1 -1 -1000 -1000 -1000 -10 1.38946
Car -1 -1 0.00 426 174 605 241 -1 -1 -1 -1000 -1000 -1000 -10 1.05072
Car -1 -1 0.00 752 175 906 218 -1 -1 -1 -1000 -1000 -1000 -10 0.902823
Car -1 -1 0.00 1038 169 1169 207 -1 -1 -1 -1000 -1000 -1000 -10 0.484292
Car -1 -1 0.00 372 178 488 219 -1 -1 -1 -1000 -1000 -1000 -10 0.0329547
Car -1 -1 0.00 585 170 610 195 -1 -1 -1 -1000 -1000 -1000 -10 -0.00797004
Car -1 -1 0.00 -1 181 295 335 -1 -1 -1 -1000 -1000 -1000 -10 -0.29079
Car -1 -1 0.00 262 178 342 206 -1 -1 -1 -1000 -1000 -1000 -10 -0.46486
Car -1 -1 0.00 834 168 925 210 -1 -1 -1 -1000 -1000 -1000 -10 -0.814003
Car -1 -1 0.00 1014 244 1042 268 -1 -1 -1 -1000 -1000 -1000 -10 -0.993311
Car -1 -1 0.00 1119 -3 1152 22 -1 -1 -1 -1000 -1000 -1000 -10 -0.999471
Car -1 -1 0.00 327 72 355 100 -1 -1 -1 -1000 -1000 -1000 -10 -1.01052
