Car -1 -1 0.00 798 163 947 285 -1 -1 -1 -1000 -1000 -1000 -10 0.490505
Car -1 -1 0.00 280 176 342 202 -1 -1 -1 -1000 -1000 -1000 -10 0.225859
Car -1 -1 0.00 641 175 672 197 -1 -1 -1 -1000 -1000 -1000 -10 -0.230896
Car -1 -1 0.00 347 172 403 199 -1 -1 -1 -1000 -1000 -1000 -10 -0.277626
Car -1 -1 0.00 520 172 560 199 -1 -1 -1 -1000 -1000 -1000 -10 -0.513229
Car -1 -1 0.00 383 176 431 194 -1 -1 -1 -1000 -1000 -1000 -10 -0.698229
Car -1 -1 0.00 1111 180 1229 238 -1 -1 -1 -1000 -1000 -1000 -10 -0.766418
Car -1 -1 0.00 283 171 315 201 -1 -1 -1 -1000 -1000 -1000 -10 -0.924016
Car -1 -1 0.00 1129 37 1168 51 -1 -1 -1 -1000 -1000 -1000 -10 -0.984662
Car -1 -1 0.00 624 169 650 188 -1 -1 -1 -1000 -1000 -1000 -10 -1.00432
Car -1 -1 0.00 471 173 499 185 -1 -1 -1 -1000 -1000 -1000 -10 -1.01346
Car -1 -1 0.00 1025 43 1060 53 -1 -1 -1 -1000 -1000 -1000 -10 -1.02014
Car -1 -1 0.00 983 152 1019 163 -1 -1 -1 -1000 -1000 -1000 -10 -1.02127
Car -1 -1 0.00 510 -3 599 79 -1 -1 -1 -1000 -1000 -1000 -10 -1.02664
