Car -1 -1 0.00 584 180 646 212 -1 -1 -1 -1000 -1000 -1000 -10 2.04856
Car -1 -1 0.00 721 172 761 192 -1 -1 -1 -1000 -1000 -1000 -10 1.12016
Car -1 -1 0.00 275 3 299 30 -1 -1 -1 -1000 -1000 -1000 -10 -0.816509
Car -1 -1 0.00 918 214 954 226 -1 -1 -1 -1000 -1000 -1000 -10 -0.91581
Car -1 -1 0.00 727 171 761 192 -1 -1 -1 -1000 -1000 -1000 -10 -0.963786
Car -1 -1 0.00 724 158 769 191 -1 -1 -1 -1000 -1000 -1000 -10 -0.990546
Car -1 -1 0.00 729 117 784 139 -1 -1 -1 -1000 -1000 -1000 -10 -1.00452
Car -1 -1 0.00 591 178 645 212 -1 -1 -1 -1000 -1000 -1000 -10 -1.00708
Car -1 -1 0.00 535 258 585 271 -1 -1 -1 -1000 -1000 -1000 -10 -1.01156
Car -1 -1 0.00 1227 -12 1252 14 -1 -1 -1 -1000 -1000 -1000 -10 -1.02053
Car -1 -1 0.00 1114 322 1140 342 -1 -1 -1 -1000 -1000 -1000 -10 -1.02067
Car -1 -1 0.00 224 166 250 177 -1 -1 -1 -1000 -1000 -1000 -10 -1.02102
