Car -1 -1 0.00 402 186 463 234 -1 -1 -1 -1000 -1000 -1000 -10 1.43582
Car -1 -1 0.00 262 191 290 211 -1 -1 -1 -1000 -1000 -1000 -10 0.767215
Car -1 -1 0.00 1112 213 1155 233 -1 -1 -1 -1000 -1000 -1000 -10 -0.7562
Car -1 -1 0.00 364 168 401 198 -1 -1 -1 -1000 -1000 -1000 -10 -0.846136
Car -1 -1 0.00 166 150 204 179 -1 -1 -1 -1000 -1000 -1000 -10 -0.908583
Car -1 -1 0.00 313 60 348 83 -1 -1 -1 -1000 -1000 -1000 -10 -0.932467
Car -1 -1 0.00 318 98 344 124 -1 -1 -1 -1000 -1000 -1000 -10 -0.940043
Car -1 -1 0.00 463 95 487 123 -1 -1 -1 -1000 -1000 -1000 -10 -0.972543
Car -1 -1 0.00 749 42 785 67 -1 -1 -1 -1000 -1000 -1000 -10 -0.975046
Car -1 -1 0.00 666 306 705 346 -1 -1 -1 -1000 -1000 -1000 -10 -0.985603
Car -1 -1 0.00 511 284 541 304 -1 -1 -1 -1000 -1000 -1000 -10 -0.993145
Car -1 -1 0.00 57 91 83 104 -1 -1 -1 -1000 -1000 -1000 -10 -0.998565
Car -1 -1 0.00 75 162 105 178 -1 -1 -1 -1000 -1000 -1000 -10 -1.01111
Car -1 -1 0.00 247 232 280 262 -1 -1 -1 -1000 -1000 -1000 -10 -1.01185
Car -1 -1 0.00 1142 184 1176 195 -1 -1 -1 -1000 -1000 -1000 -10 -1.01257
Car -1 -1 0.00 419 -1 467 17 -1 -1 -1 -1000 -1000 -1000 -10 -1.01707
Car -1 -1 0.00 350 -2 390 30 -1 -1 -1 -1000 -1000 -1000 -10 -1.02695
