Car -1 -1 0.00 703 176 725 195 -1 -1 -1 -1000 -1000 -1000 -10 0.235934
Car -1 -1 0.00 771 173 793 192 -1 -1 -1 -1000 -1000 -1000 -10 -0.332066
Car -1 -1 0.00 519 184 556 208 -1 -1 -1 -1000 -1000 -1000 -10 -0.373716
Car -1 -1 0.00 702 173 737 193 -1 -1 -1 -1000 -1000 -1000 -10 -0.835977
Car -1 -1 0.00 1017 73 1050 98 -1 -1 -1 -1000 -1000 -1000 -10 -0.848335
Car -1 -1 0.00 702 163 744 174 -1 -1 -1 -1000 -1000 -1000 -10 -0.965987
Car -1 -1 0.00 119 157 171 180 -1 -1 -1 -1000 -1000 -1000 -10 -0.981473
Car -1 -1 0.00 229 22 264 53 -1 -1 -1 -1000 -1000 -1000 -10 -0.988663
Car -1 -1 0.00 1107 169 1202 247 -1 -1 -1 -1000 -1000 -1000 -10 -1.02213
Car -1 -1 0.00 1108 67 1143 79 -1 -1 -1 -1000 -1000 -1000 -10 -1.02823
Car -1 -1 0.00 55 142 130 175 -1 -1 -1 -1000 -1000 -1000 -10 -1.02828
