Car -1 -1 0.00 106 86 184 121 -1 -1 -1 -1000 -1000 -1000 -10 -0.878105
Car -1 -1 0.00 856 248 898 274 -1 -1 -1 -1000 -1000 -1000 -10 -0.931099
Car -1 -1 0.00 583 100 609 124 -1 -1 -1 -1000 -1000 -1000 -10 -0.938238
Car -1 -1 0.00 89 100 145 129 -1 -1 -1 -1000 -1000 -1000 -10 -0.938467
Car -1 -1 0.00 106 49 161 72 -1 -1 -1 -1000 -1000 -1000 -10 -0.945844
Car -1 -1 0.00 961 -3 1059 29 -1 -1 -1 -1000 -1000 -1000 -10 -0.952969
Car -1 -1 0.00 675 54 703 66 -1 -1 -1 -1000 -1000 -1000 -10 -0.961443
Car -1 -1 0.00 959 52 984 67 -1 -1 -1 -1000 -1000 -1000 -10 -0.968962
Car -1 -1 0.00 878 161 907 186 -1 -1 -1 -1000 -1000 -1000 -10 -0.971277
Car -1 -1 0.00 234 21 274 43 -1 -1 -1 -1000 -1000 -1000 -10 -0.991957
Car -1 -1 0.00 1021 12 1092 35 -1 -1 -1 -1000 -1000 -1000 -10 -0.995002
Car -1 -1 0.00 121 79 157 98 -1 -1 -1 -1000 -1000 -1000 -10 -0.997156
Car -1 -1 0.00 107 229 195 257 -1 -1 -1 -1000 -1000 -1000 -10 -1.01048
Car -1 -1 0.00 632 334 683 369 -1 -1 -1 -1000 -1000 -1000 -10 -1.01422
Car -1 -1 0.00 545 302 599 360 -1 -1 -1 -1000 -1000 -1000 -10 -1.01668
Car -1 -1 0.00 540 351 566 375 -1 -1 -1 -1000 -1000 -1000 -10 -1.02003
Car -1 -1 0.00 602 246 629 261 -1 -1 -1 -1000 -1000 -1000 -10 -1.02412
Car -1 -1 0.00 1168 109 1197 141 -1 -1 -1 -1000 -1000 -1000 -10 -1.02862
