Car -1 -1 0.00 696 193 796 257 -1 -1 -1 -1000 -1000 -1000 -10 2.46139
Car -1 -1 0.00 667 187 733 235 -1 -1 -1 -1000 -1000 -1000 -10 1.9649
Car -1 -1 0.00 580 184 609 210 -1 -1 -1 -1000 -1000 -1000 -10 1.35798
Car -1 -1 0.00 749 198 892 283 -1 -1 -1 -1000 -1000 -1000 -10 0.975065
Car -1 -1 0.00 820 198 1136 373 -1 -1 -1 -1000 -1000 -1000 -10 -0.128535
Car -1 -1 0.00 821 361 850 383 -1 -1 -1 -1000 -1000 -1000 -10 -0.855727
Car -1 -1 0.00 965 221 1011 253 -1 -1 -1 -1000 -1000 -1000 -10 -0.929737
Car -1 -1 0.00 623 201 665 239 -1 -1 -1 -1000 -1000 -1000 -10 -0.967014
Car -1 -1 0.00 917 299 1140 374 -1 -1 -1 -1000 -1000 -1000 -10 -1.00711
Car -1 -1 0.00 187 99 228 121 -1 -1 -1 -1000 -1000 -1000 -10 -1.01684
Car -1 -1 0.00 278 117 303 130 -1 -1 -1 -1000 -1000 -1000 -10 -1.01881
