Car -1 -1 0.00 889 173 1051 222 -1 -1 -1 -1000 -1000 -1000 -10 1.63775
Car -1 -1 0.00 595 78 617 96 -1 -1 -1 -1000 -1000 -1000 -10 -0.920846
Car -1 -1 0.00 1024 185 1049 212 -1 -1 -1 -1000 -1000 -1000 -10 -0.97245
Car -1 -1 0.00 1113 142 1152 169 -1 -1 -1 -1000 -1000 -1000 -10 -0.977189
Car -1 -1 0.00 79 318 104 329 -1 -1 -1 -1000 -1000 -1000 -10 -0.98249
Car -1 -1 0.00 831 48 859 76 -1 -1 -1 -1000 -1000 -1000 -10 -0.991992
Car -1 -1 0.00 32 265 62 290 -1 -1 -1 -1000 -1000 -1000 -10 -1.01074
Car -1 -1 0.00 97 323 128 347 -1 -1 -1 -1000 -1000 -1000 -10 -1.01456
Car -1 -1 0.00 1131 248 1158 273 -1 -1 -1 -1000 -1000 -1000 -10 -1.01847
Car -1 -1 0.00 715 211 748 224 -1 -1 -1 -1000 -1000 -1000 -10 -1.02127
Car -1 -1 0.00 135 251 179 272 -1 -1 -1 -1000 -1000 -1000 -10 -1.022
Car -1 -1 0.00 659 93 707 127 -1 -1 -1 -1000 -1000 -1000 -10 -1.02307
