Car -1 -1 0.00 701 176 804 248 -1 -1 -1 -1000 -1000 -1000 -10 1.42074
Car -1 -1 0.00 850 222 1190 410 -1 -1 -1 -1000 -1000 -1000 -10 -0.559663
Car -1 -1 0.00 711 146 738 172 -1 -1 -1 -1000 -1000 -1000 -10 -0.704811
Car -1 -1 0.00 934 143 956 168 -1 -1 -1 -1000 -1000 -1000 -10 -0.915215
Car -1 -1 0.00 563 111 615 157 -1 -1 -1 -1000 -1000 -1000 -10 -0.92764
Car -1 -1 0.00 844 304 910 352 -1 -1 -1 -1000 -1000 -1000 -10 -0.934266
Car -1 -1 0.00 696 58 721 82 -1 -1 -1 -1000 -1000 -1000 -10 -0.934614
Car -1 -1 0.00 1022 150 1048 161 -1 -1 -1 -1000 -1000 -1000 -10 -0.947179
Car -1 -1 0.00 638 242 733 266 -1 -1 -1 -1000 -1000 -1000 -10 -0.955836
Car -1 -1 0.00 22 94 53 119 -1 -1 -1 -1000 -1000 -1000 -10 -0.97794
Car -1 -1 0.00 1147 275 1242 332 -1 -1 -1 -1000 -1000 -1000 -10 -0.986463
Car -1 -1 0.00 1122 70 1193 103 -1 -1 -1 -1000 -1000 -1000 -10 -0.98732
Car -1 -1 0.00 496 282 530 293 -1 -1 -1 -1000 -1000 -1000 -10 -0.988405
Car -1 -1 0.00 1167 81 1194 100 -1 -1 -1 -1000 -1000 -1000 -10 -0.999509
Car -1 -1 0.00 489 326 532 340 -1 -1 -1 -1000 -1000 -1000 -10 -1.01147
Car -1 -1 0.00 494 278 528 289 -1 -1 -1 -1000 -1000 -1000 -10 -1.01567
Car -1 -1 0.00 489 283 543 300 -1 -1 -1 -1000 -1000 -1000 -10 -1.01625
Car -1 -1 0.00 482 295 525 309 -1 -1 -1 -1000 -1000 -1000 -10 -1.02191
Car -1 -1 0.00 460 300 521 320 -1 -1 -1 -1000 -1000 -1000 -10 -1.02258
Car -1 -1 0.00 477 294 513 305 -1 -1 -1 -1000 -1000 -1000 -10 -1.02363
Car -1 -1 0.00 484 288 519 299 -1 -1 -1 -1000 -1000 -1000 -10 -1.02731
Car -1 -1 0.00 1211 57 1235 78 -1 -1 -1 -1000 -1000 -1000 -10 -1.02745
Car -1 -1 0.00 442 311 495 372 -1 -1 -1 -1000 -1000 -1000 -10 -1.02856
Car -1 -1 0.00 480 290 522 304 -1 -1 -1 -1000 -1000 -1000 -10 -1.02878
Car -1 -1 0.00 294 244 352 270 -1 -1 -1 -1000 -1000 -1000 -10 -1.02952
