Car -1 -1 0.00 695 185 733 217 -1 -1 -1 -1000 -1000 -1000 -10 -0.787376
Car -1 -1 0.00 431 265 484 287 -1 -1 -1 -1000 -1000 -1000 -10 -0.844248
Car -1 -1 0.00 877 161 908 186 -1 -1 -1 -1000 -1000 -1000 -10 -0.903275
Car -1 -1 0.00 120 90 185 121 -1 -1 -1 -1000 -1000 -1000 -10 -0.921289
Car -1 -1 0.00 1139 205 1183 245 -1 -1 -1 -1000 -1000 -1000 -10 -0.935434
Car -1 -1 0.00 948 99 982 109 -1 -1 -1 -1000 -1000 -1000 -10 -0.939073
Car -1 -1 0.00 388 273 414 303 -1 -1 -1 -1000 -1000 -1000 -10 -0.949233
Car -1 -1 0.00 1168 109 1197 142 -1 -1 -1 -1000 -1000 -1000 -10 -0.985073
Car -1 -1 0.00 917 23 966 49 -1 -1 -1 -1000 -1000 -1000 -10 -0.987481
Car -1 -1 0.00 489 287 523 316 -1 -1 -1 -1000 -1000 -1000 -10 -1.00578
Car -1 -1 0.00 642 361 676 375 -1 -1 -1 -1000 -1000 -1000 -10 -1.00953
Car -1 -1 0.00 41 295 65 324 -1 -1 -1 -1000 -1000 -1000 -10 -1.01159
Car -1 -1 0.00 986 143 1023 185 -1 -1 -1 -1000 -1000 -1000 -10 -1.01555
Car -1 -1 0.00 122 82 151 97 -1 -1 -1 -1000 -1000 -1000 -10 -1.01597
Car -1 -1 0.00 583 275 627 325 -1 -1 -1 -1000 -1000 -1000 -10 -1.01797
Car -1 -1 0.00 544 303 599 362 -1 -1 -1 -1000 -1000 -1000 -10 -1.02034
Car -1 -1 0.00 580 216 612 232 -1 -1 -1 -1000 -1000 -1000 -10 -1.02073
Car -1 -1 0.00 239 194 418 274 -1 -1 -1 -1000 -1000 -1000 -10 -1.02128
Car -1 -1 0.00 692 131 744 156 -1 -1 -1 -1000 -1000 -1000 -10 -1.02942
