Car -1 -1 0.00 519 180 561 209 -1 -1 -1 -1000 -1000 -1000 -10 1.2405
Car -1 -1 0.00 601 176 641 209 -1 -1 -1 -1000 -1000 -1000 -10 0.98163
Car -1 -1 0.00 45 176 385 367 -1 -1 -1 -1000 -1000 -1000 -10 0.611516
Car -1 -1 0.00 401 184 443 222 -1 -1 -1 -1000 -1000 -1000 -10 -0.816859
Car -1 -1 0.00 292 170 385 236 -1 -1 -1 -1000 -1000 -1000 -10 -0.878868
Car -1 -1 0.00 925 168 961 179 -1 -1 -1 -1000 -1000 -1000 -10 -1.01985
Car -1 -1 0.00 975 168 1010 179 -1 -1 -1 -1000 -1000 -1000 -10 -1.02078
Car -1 -1 0.00 918 156 962 169 -1 -1 -1 -1000 -1000 -1000 -10 -1.02429
Car -1 -1 0.00 927 150 964 161 -1 -1 -1 -1000 -1000 -1000 -10 -1.02603
Car -1 -1 0.00 971 104 1006 115 -1 -1 -1 -1000 -1000 -1000 -10 -1.02619
Car -1 -1 0.00 977 130 1013 141 -1 -1 -1 -1000 -1000 -1000 -10 -1.0297
