Car -1 -1 0.00 952 13 979 32 -1 -1 -1 -1000 -1000 -1000 -10 -0.863931
Car -1 -1 0.00 1179 229 1205 249 -1 -1 -1 -1000 -1000 -1000 -10 -0.924721
Car -1 -1 0.00 442 169 470 183 -1 -1 -1 -1000 -1000 -1000 -10 -0.931194
Car -1 -1 0.00 552 278 589 314 -1 -1 -1 -1000 -1000 -1000 -10 -0.949673
Car -1 -1 0.00 603 344 638 380 -1 -1 -1 -1000 -1000 -1000 -10 -0.95443
Car -1 -1 0.00 786 33 812 54 -1 -1 -1 -1000 -1000 -1000 -10 -0.985384
Car -1 -1 0.00 728 204 794 252 -1 -1 -1 -1000 -1000 -1000 -10 -0.992229
Car -1 -1 0.00 106 91 182 128 -1 -1 -1 -1000 -1000 -1000 -10 -0.99993
Car -1 -1 0.00 1139 205 1183 246 -1 -1 -1 -1000 -1000 -1000 -10 -1.00546
Car -1 -1 0.00 1145 318 1201 342 -1 -1 -1 -1000 -1000 -1000 -10 -1.0095
Car -1 -1 0.00 341 8 388 25 -1 -1 -1 -1000 -1000 -1000 -10 -1.01181
Car -1 -1 0.00 632 332 680 369 -1 -1 -1 -1000 -1000 -1000 -10 -1.02984
