Car -1 -1 0.00 387 171 431 198 -1 -1 -1 -1000 -1000 -1000 -10 1.8974
Car -1 -1 0.00 271 179 338 211 -1 -1 -1 -1000 -1000 -1000 -10 1.8145
Car -1 -1 0.00 572 166 641 232 -1 -1 -1 -1000 -1000 -1000 -10 1.54488
Car -1 -1 0.00 648 172 709 217 -1 -1 -1 -1000 -1000 -1000 -10 1.17412
Car -1 -1 0.00 696 182 850 274 -1 -1 -1 -1000 -1000 -1000 -10 1.04597
Car -1 -1 0.00 333 173 381 203 -1 -1 -1 -1000 -1000 -1000 -10 0.746352
Car -1 -1 0.00 438 172 465 190 -1 -1 -1 -1000 -1000 -1000 -10 0.525699
Car -1 -1 0.00 776 208 1190 373 -1 -1 -1 -1000 -1000 -1000 -10 0.348168
Car -1 -1 0.00 323 174 388 203 -1 -1 -1 -1000 -1000 -1000 -10 -0.469387
Car -1 -1 0.00 630 170 672 199 -1 -1 -1 -1000 -1000 -1000 -10 -0.539447
Car -1 -1 0.00 385 171 434 197 -1 -1 -1 -1000 -1000 -1000 -10 -0.546816
Car -1 -1 0.00 652 175 693 218 -1 -1 -1 -1000 -1000 -1000 -10 -0.658337
Car -1 -1 0.00 891 174 938 208 -1 -1 -1 -1000 -1000 -1000 -10 -0.776432
Car -1 -1 0.00 29 138 53 159 -1 -1 -1 -1000 -1000 -1000 -10 -0.942557
Car -1 -1 0.00 412 172 442 194 -1 -1 -1 -1000 -1000 -1000 -10 -0.954768
Car -1 -1 0.00 4 348 39 373 -1 -1 -1 -1000 -1000 -1000 -10 -0.996301
Car -1 -1 0.00 1189 227 1220 260 -1 -1 -1 -1000 -1000 -1000 -10 -1.01763
