Car -1 -1 0.00 460 178 539 233 -1 -1 -1 -1000 -1000 -1000 -10 1.66161
Car -1 -1 0.00 427 175 491 222 -1 -1 -1 -1000 -1000 -1000 -10 -0.159325
Car -1 -1 0.00 17 194 270 359 -1 -1 -1 -1000 -1000 -1000 -10 -0.579207
Car -1 -1 0.00 186 127 410 286 -1 -1 -1 -1000 -1000 -1000 -10 -0.602227
Car -1 -1 0.00 197 280 263 307 -1 -1 -1 -1000 -1000 -1000 -10 -0.84279
Car -1 -1 0.00 712 261 741 281 -1 -1 -1 -1000 -1000 -1000 -10 -0.899571
Car -1 -1 0.00 524 170 554 194 -1 -1 -1 -1000 -1000 -1000 -10 -0.948547
Car -1 -1 0.00 586 171 608 184 -1 -1 -1 -1000 -1000 -1000 -10 -0.972557
Car -1 -1 0.00 1147 21 1186 38 -1 -1 -1 -1000 -1000 -1000 -10 -0.983068
Car -1 -1 0.00 258 324 292 335 -1 -1 -1 -1000 -1000 -1000 -10 -0.989692
Car -1 -1 0.00 275 316 299 343 -1 -1 -1 -1000 -1000 -1000 -10 -0.992711
Car -1 -1 0.00 269 318 305 329 -1 -1 -1 -1000 -1000 -1000 -10 -1.00077
Car -1 -1 0.00 759 23 811 42 -1 -1 -1 -1000 -1000 -1000 -10 -1.00085
Car -1 -1 0.00 409 256 445 267 -1 -1 -1 -1000 -1000 -1000 -10 -1.0017
Car -1 -1 0.00 221 346 257 357 -1 -1 -1 -1000 -1000 -1000 -10 -1.006
Car -1 -1 0.00 421 255 445 282 -1 -1 -1 -1000 -1000 -1000 -10 -1.00906
Car -1 -1 0.00 248 340 282 351 -1 -1 -1 -1000 -1000 -1000 -10 -1.01003
Car -1 -1 0.00 217 340 260 354 -1 -1 -1 -1000 -1000 -1000 -10 -1.01117
Car -1 -1 0.00 220 338 257 349 -1 -1 -1 -1000 -1000 -1000 -10 -1.01236
Car -1 -1 0.00 269 324 304 335 -1 -1 -1 -1000 -1000 -1000 -10 -1.01392
Car -1 -1 0.00 248 328 283 339 -1 -1 -1 -1000 -1000 -1000 -10 -1.01556
Car -1 -1 0.00 235 338 277 352 -1 -1 -1 -1000 -1000 -1000 -10 -1.01596
Car -1 -1 0.00 418 272 452 283 -1 -1 -1 -1000 -1000 -1000 -10 -1.01681
Car -1 -1 0.00 388 276 422 287 -1 -1 -1 -1000 -1000 -1000 -10 -1.01903
Car -1 -1 0.00 259 326 301 340 -1 -1 -1 -1000 -1000 -1000 -10 -1.02765
Car -1 -1 0.00 1012 256 1063 272 -1 -1 -1 -1000 -1000 -1000 -10 -1.02853
Car -1 -1 0.00 314 298 348 309 -1 -1 -1 -1000 -1000 -1000 -10 -1.02856
