Car -1 -1 0.00 391 49 424 84 -1 -1 -1 -1000 -1000 -1000 -10 -0.872344
Car -1 -1 0.00 824 247 858 269 -1 -1 -1 -1000 -1000 -1000 -10 -0.880356
Car -1 -1 0.00 675 239 698 268 -1 -1 -1 -1000 -1000 -1000 -10 -0.922211
Car -1 -1 0.00 393 261 431 278 -1 -1 -1 -1000 -1000 -1000 -10 -0.953327
Car -1 -1 0.00 675 235 711 268 -1 -1 -1 -1000 -1000 -1000 -10 -0.984616
Car -1 -1 0.00 417 178 490 202 -1 -1 -1 -1000 -1000 -1000 -10 -0.998518
Car -1 -1 0.00 1110 311 1136 328 -1 -1 -1 -1000 -1000 -1000 -10 -1.00449
Car -1 -1 0.00 476 40 501 69 -1 -1 -1 -1000 -1000 -1000 -10 -1.01034
Car -1 -1 0.00 100 66 142 113 -1 -1 -1 -1000 -1000 -1000 -10 -1.01196
Car -1 -1 0.00 239 59 263 86 -1 -1 -1 -1000 -1000 -1000 -10 -1.02244
Car -1 -1 0.00 291 35 337 69 -1 -1 -1 -1000 -1000 -1000 -10 -1.02364
Car -1 -1 0.00 1163 305 1261 370 -1 -1 -1 -1000 -1000 -1000 -10 -1.02784
