Car -1 -1 0.00 22 208 294 351 -1 -1 -1 -1000 -1000 -1000 -10 0.196584
Car -1 -1 0.00 653 175 789 229 -1 -1 -1 -1000 -1000 -1000 -10 -0.567022
Car -1 -1 0.00 541 171 633 205 -1 -1 -1 -1000 -1000 -1000 -10 -0.57187
Car -1 -1 0.00 720 174 934 259 -1 -1 -1 -1000 -1000 -1000 -10 -0.613453
Car -1 -1 0.00 707 174 864 246 -1 -1 -1 -1000 -1000 -1000 -10 -0.734496
Car -1 -1 0.00 -4 173 292 371 -1 -1 -1 -1000 -1000 -1000 -10 -0.784167
Car -1 -1 0.00 319 167 401 228 -1 -1 -1 -1000 -1000 -1000 -10 -0.790431
Car -1 -1 0.00 1036 190 1108 208 -1 -1 -1 -1000 -1000 -1000 -10 -0.806755
Car -1 -1 0.00 184 159 222 186 -1 -1 -1 -1000 -1000 -1000 -10 -0.831261
Car -1 -1 0.00 820 191 1131 323 -1 -1 -1 -1000 -1000 -1000 -10 -0.84548
Car -1 -1 0.00 740 210 809 260 -1 -1 -1 -1000 -1000 -1000 -10 -0.986264
Car -1 -1 0.00 1091 186 1149 202 -1 -1 -1 -1000 -1000 -1000 -10 -0.996926
Car -1 -1 0.00 737 325 777 356 -1 -1 -1 -1000 -1000 -1000 -10 -1.00633
Car -1 -1 0.00 485 170 512 189 -1 -1 -1 -1000 -1000 -1000 -10 -1.02658
Car -1 -1 0.00 913 186 1033 242 -1 -1 -1 -1000 -1000 -1000 -10 -1.02834
Car -1 -1 0.00 829 226 986 324 -1 -1 -1 -1000 -1000 -1000 -10 -1.02881
Car -1 -1 0.00 52 145 79 157 -1 -1 -1 -1000 -1000 -1000 -10 -1.0292
