Car -1 -1 0.00 532 178 558 200 -1 -1 -1 -1000 -1000 -1000 -10 1.28504
Car -1 -1 0.00 570 169 638 236 -1 -1 -1 -1000 -1000 -1000 -10 -0.808774
Car -1 -1 0.00 705 202 752 221 -1 -1 -1 -1000 -1000 -1000 -10 -0.86472
Car -1 -1 0.00 879 147 912 175 -1 -1 -1 -1000 -1000 -1000 -10 -0.970751
Car -1 -1 0.00 714 328 746 347 -1 -1 -1 -1000 -1000 -1000 -10 -0.972501
Car -1 -1 0.00 661 38 693 63 -1 -1 -1 -1000 -1000 -1000 -10 -0.989357
Car -1 -1 0.00 330 -4 499 164 -1 -1 -1 -1000 -1000 -1000 -10 -0.992508
Car -1 -1 0.00 46 347 94 370 -1 -1 -1 -1000 -1000 -1000 -10 -0.998728
Car -1 -1 0.00 539 15 570 36 -1 -1 -1 -1000 -1000 -1000 -10 -1.00324
Car -1 -1 0.00 242 117 269 139 -1 -1 -1 -1000 -1000 -1000 -10 -1.01186
Car -1 -1 0.00 254 104 287 116 -1 -1 -1 -1000 -1000 -1000 -10 -1.01996
Car -1 -1 0.00 1089 154 1125 165 -1 -1 -1 -1000 -1000 -1000 -10 -1.02476
Car -1 -1 0.00 711 329 767 346 -1 -1 -1 -1000 -1000 -1000 -10 -1.02853
Car -1 -1 0.00 887 87 921 113 -1 -1 -1 -1000 -1000 -1000 -10 -1.02885
