Car -1 -1 0.00 129 180 264 223 -1 -1 -1 -1000 -1000 -1000 -10 2.37185
Car -1 -1 0.00 761 168 859 205 -1 -1 -1 -1000 -1000 -1000 -10 0.0483795
Car -1 -1 0.00 328 178 410 209 -1 -1 -1 -1000 -1000 -1000 -10 0.00616241
Car -1 -1 0.00 457 164 503 195 -1 -1 -1 -1000 -1000 -1000 -10 -0.131906
Car -1 -1 0.00 789 167 876 201 -1 -1 -1 -1000 -1000 -1000 -10 -0.658056
Car -1 -1 0.00 323 179 419 208 -1 -1 -1 -1000 -1000 -1000 -10 -0.804593
Car -1 -1 0.00 744 124 801 149 -1 -1 -1 -1000 -1000 -1000 -10 -0.878725
Car -1 -1 0.00 37 321 66 344 -1 -1 -1 -1000 -1000 -1000 -10 -0.948122
Car -1 -1 0.00 371 104 430 134 -1 -1 -1 -1000 -1000 -1000 -10 -0.966794
Car -1 -1 0.00 171 45 199 74 -1 -1 -1 -1000 -1000 -1000 -10 -0.988681
Car -1 -1 0.00 14 323 71 341 -1 -1 -1 -1000 -1000 -1000 -10 -0.992594
Car -1 -1 0.00 483 206 516 220 -1 -1 -1 -1000 -1000 -1000 -10 -1.00323
Car -1 -1 0.00 43 87 130 125 -1 -1 -1 -1000 -1000 -1000 -10 -1.00662
Car -1 -1 0.00 717 161 829 201 -1 -1 -1 -1000 -1000 -1000 -10 -1.00895
Car -1 -1 0.00 885 319 909 344 -1 -1 -1 -1000 -1000 -1000 -10 -1.01246
Car -1 -1 0.00 368 148 430 179 -1 -1 -1 -1000 -1000 -1000 -10 -1.01296
Car -1 -1 0.00 199 8 237 19 -1 -1 -1 -1000 -1000 -1000 -10 -1.01623
Car -1 -1 0.00 996 159 1023 189 -1 -1 -1 -1000 -1000 -1000 -10 -1.02596
Car -1 -1 0.00 -23 139 24 162 -1 -1 -1 -1000 -1000 -1000 -10 -1.02648
Car -1 -1 0.00 1204 334 1264 403 -1 -1 -1 -1000 -1000 -1000 -10 -1.02684
Car -1 -1 0.00 456 206 504 220 -1 -1 -1 -1000 -1000 -1000 -10 -1.02738
