Car -1 -1 0.00 896 170 1086 322 -1 -1 -1 -1000 -1000 -1000 -10 0.641831
Car -1 -1 0.00 258 191 327 221 -1 -1 -1 -1000 -1000 -1000 -10 0.428656
Car -1 -1 0.00 342 187 393 218 -1 -1 -1 -1000 -1000 -1000 -10 0.252483
Car -1 -1 0.00 518 184 565 216 -1 -1 -1 -1000 -1000 -1000 -10 0.181638
Car -1 -1 0.00 644 187 683 211 -1 -1 -1 -1000 -1000 -1000 -10 0.172506
Car -1 -1 0.00 366 187 419 210 -1 -1 -1 -1000 -1000 -1000 -10 -0.336963
Car -1 -1 0.00 639 170 696 212 -1 -1 -1 -1000 -1000 -1000 -10 -0.500542
Car -1 -1 0.00 630 182 657 201 -1 -1 -1 -1000 -1000 -1000 -10 -0.68731
Car -1 -1 0.00 805 180 1017 242 -1 -1 -1 -1000 -1000 -1000 -10 -0.714753
Car -1 -1 0.00 387 191 424 209 -1 -1 -1 -1000 -1000 -1000 -10 -0.905756
Car -1 -1 0.00 655 187 678 211 -1 -1 -1 -1000 -1000 -1000 -10 -0.908252
Car -1 -1 0.00 731 83 785 141 -1 -1 -1 -1000 -1000 -1000 -10 -0.922827
Car -1 -1 0.00 451 187 484 201 -1 -1 -1 -1000 -1000 -1000 -10 -0.941476
Car -1 -1 0.00 472 187 502 199 -1 -1 -1 -1000 -1000 -1000 -10 -1.01318
