Car -1 -1 0.00 396 181 436 198 -1 -1 -1 -1000 -1000 -1000 -10 0.695281
Car -1 -1 0.00 548 178 598 194 -1 -1 -1 -1000 -1000 -1000 -10 0.247331
Car -1 -1 0.00 610 176 654 193 -1 -1 -1 -1000 -1000 -1000 -10 0.126751
Car -1 -1 0.00 660 175 712 192 -1 -1 -1 -1000 -1000 -1000 -10 -0.265584
Car -1 -1 0.00 511 177 542 192 -1 -1 -1 -1000 -1000 -1000 -10 -0.485268
Car -1 -1 0.00 142 66 166 86 -1 -1 -1 -1000 -1000 -1000 -10 -0.896988
Car -1 -1 0.00 45 358 75 371 -1 -1 -1 -1000 -1000 -1000 -10 -0.965191
Car -1 -1 0.00 26 151 56 176 -1 -1 -1 -1000 -1000 -1000 -10 -0.984631
Car -1 -1 0.00 17 123 99 153 -1 -1 -1 -1000 -1000 -1000 -10 -1.0008
Car -1 -1 0.00 796 354 839 372 -1 -1 -1 -1000 -1000 -1000 -10 -1.02583
