Car -1 -1 0.00 222 190 303 237 -1 -1 -1 -1000 -1000 -1000 -10 0.670087
Car -1 -1 0.00 146 191 204 221 -1 -1 -1 -1000 -1000 -1000 -10 0.666259
Car -1 -1 0.00 142 190 214 221 -1 -1 -1 -1000 -1000 -1000 -10 -0.665997
Car -1 -1 0.00 61 187 87 208 -1 -1 -1 -1000 -1000 -1000 -10 -0.671102
Car -1 -1 0.00 789 210 822 234 -1 -1 -1 -1000 -1000 -1000 -10 -0.912876
Car -1 -1 0.00 62 367 99 376 -1 -1 -1 -1000 -1000 -1000 -10 -0.970273
Car -1 -1 0.00 1044 142 1070 154 -1 -1 -1 -1000 -1000 -1000 -10 -0.995075
Car -1 -1 0.00 826 307 853 336 -1 -1 -1 -1000 -1000 -1000 -10 -0.99609
Car -1 -1 0.00 75 280 101 309 -1 -1 -1 -1000 -1000 -1000 -10 -1.009
Car -1 -1 0.00 1026 168 1057 194 -1 -1 -1 -1000 -1000 -1000 -10 -1.02267
Car -1 -1 0.00 790 78 817 90 -1 -1 -1 -1000 -1000 -1000 -10 -1.02829
