Car -1 -1 0.00 179 201 265 235 -1 -1 -1 -1000 -1000 -1000 -10 1.77833
Car -1 -1 0.00 428 187 511 215 -1 -1 -1 -1000 -1000 -1000 -10 0.351176
Car -1 -1 0.00 4 201 149 253 -1 -1 -1 -1000 -1000 -1000 -10 -0.182656
Car -1 -1 0.00 235 194 325 222 -1 -1 -1 -1000 -1000 -1000 -10 -0.277288
Car -1 -1 0.00 175 198 272 232 -1 -1 -1 -1000 -1000 -1000 -10 -0.541942
Car -1 -1 0.00 91 329 173 362 -1 -1 -1 -1000 -1000 -1000 -10 -0.910071
Car -1 -1 0.00 1102 350 1130 374 -1 -1 -1 -1000 -1000 -1000 -10 -0.985218
Car -1 -1 0.00 800 294 826 305 -1 -1 -1 -1000 -1000 -1000 -10 -1.01052
Car -1 -1 0.00 1157 168 1192 200 -1 -1 -1 -1000 -1000 -1000 -10 -1.01972
Car -1 -1 0.00 101 77 167 130 -1 -1 -1 -1000 -1000 -1000 -10 -1.02745
