Car -1 -1 0.00 239 171 433 250 -1 -1 -1 -1000 -1000 -1000 -10 0.269033
Car -1 -1 0.00 284 135 365 166 -1 -1 -1 -1000 -1000 -1000 -10 -0.207418
Car -1 -1 0.00 148 127 224 167 -1 -1 -1 -1000 -1000 -1000 -10 -0.44704
Car -1 -1 0.00 80 187 234 261 -1 -1 -1 -1000 -1000 -1000 -10 -0.460208
Car -1 -1 0.00 266 188 462 245 -1 -1 -1 -1000 -1000 -1000 -10 -0.673085
Car -1 -1 0.00 218 178 272 202 -1 -1 -1 -1000 -1000 -1000 -10 -0.697321
Car -1 -1 0.00 -2 221 101 247 -1 -1 -1 -1000 -1000 -1000 -10 -0.941531
Car -1 -1 0.00 313 163 365 205 -1 -1 -1 -1000 -1000 -1000 -10 -0.947607
Car -1 -1 0.00 218 219 241 238 -1 -1 -1 -1000 -1000 -1000 -10 -0.973202
Car -1 -1 0.00 397 52 428 79 -1 -1 -1 -1000 -1000 -1000 -10 -0.981092
Car -1 -1 0.00 101 -3 269 77 -1 -1 -1 -1000 -1000 -1000 -10 -1.0038
Car -1 -1 0.00 940 27 965 47 -1 -1 -1 -1000 -1000 -1000 -10 -1.00753
Car -1 -1 0.00 822 176 845 203 -1 -1 -1 -1000 -1000 -1000 -10 -1.02468
Car -1 -1 0.00 1084 258 1112 278 -1 -1 -1 -1000 -1000 -1000 -10 -1.02587
