Car -1 -1 0.00 614 180 678 217 -1 -1 -1 -1000 -1000 -1000 -10 1.41586
Car -1 -1 0.00 64 195 458 375 -1 -1 -1 -1000 -1000 -1000 -10 0.857333
Car -1 -1 0.00 20 192 457 367 -1 -1 -1 -1000 -1000 -1000 -10 -0.204056
Car -1 -1 0.00 653 181 673 193 -1 -1 -1 -1000 -1000 -1000 -10 -0.856754
Car -1 -1 0.00 642 213 692 238 -1 -1 -1 -1000 -1000 -1000 -10 -0.910852
Car -1 -1 0.00 1116 261 1142 282 -1 -1 -1 -1000 -1000 -1000 -10 -0.928087
Car -1 -1 0.00 529 166 584 191 -1 -1 -1 -1000 -1000 -1000 -10 -0.945458
Car -1 -1 0.00 1156 202 1199 215 -1 -1 -1 -1000 -1000 -1000 -10 -0.960916
Car -1 -1 0.00 75 100 106 118 -1 -1 -1 -1000 -1000 -1000 -10 -0.979958
Car -1 -1 0.00 1017 108 1048 136 -1 -1 -1 -1000 -1000 -1000 -10 -1.00638
Car -1 -1 0.00 962 163 989 176 -1 -1 -1 -1000 -1000 -1000 -10 -1.02027
