Car -1 -1 0.00 1034 182 1156 229 -1 -1 -1 -1000 -1000 -1000 -10 1.48239
Car -1 -1 0.00 959 180 1069 230 -1 -1 -1 -1000 -1000 -1000 -10 1.39328
Car -1 -1 0.00 601 171 637 201 -1 -1 -1 -1000 -1000 -1000 -10 1.29282
Car -1 -1 0.00 1094 183 1224 235 -1 -1 -1 -1000 -1000 -1000 -10 0.981493
Car -1 -1 0.00 777 261 885 310 -1 -1 -1 -1000 -1000 -1000 -10 -0.844276
Car -1 -1 0.00 604 171 641 204 -1 -1 -1 -1000 -1000 -1000 -10 -0.98133
Car -1 -1 0.00 872 296 911 331 -1 -1 -1 -1000 -1000 -1000 -10 -0.984332
Car -1 -1 0.00 316 170 342 188 -1 -1 -1 -1000 -1000 -1000 -10 -0.987975
Car -1 -1 0.00 361 162 392 190 -1 -1 -1 -1000 -1000 -1000 -10 -0.994332
Car -1 -1 0.00 403 223 477 268 -1 -1 -1 -1000 -1000 -1000 -10 -0.997123
Car -1 -1 0.00 524 233 559 261 -1 -1 -1 -1000 -1000 -1000 -10 -1.00426
Car -1 -1 0.00 1 252 105 283 -1 -1 -1 -1000 -1000 -1000 -10 -1.00459
Car -1 -1 0.00 335 160 427 186 -1 -1 -1 -1000 -1000 -1000 -10 -1.01018
Car -1 -1 0.00 740 202 773 213 -1 -1 -1 -1000 -1000 -1000 -10 -1.02579
Car -1 -1 0.00 954 173 1014 195 -1 -1 -1 -1000 -1000 -1000 -10 -1.02615
