Car -1 -1 0.00 714 178 873 296 -1 -1 -1 -1000 -1000 -1000 -10 1.36173
Car -1 -1 0.00 33 166 426 380 -1 -1 -1 -1000 -1000 -1000 -10 -0.282662
Car -1 -1 0.00 345 182 412 236 -1 -1 -1 -1000 -1000 -1000 -10 -0.775706
Car -1 -1 0.00 697 143 722 161 -1 -1 -1 -1000 -1000 -1000 -10 -0.807472
Car -1 -1 0.00 813 194 1365 414 -1 -1 -1 -1000 -1000 -1000 -10 -0.834815
Car -1 -1 0.00 451 168 479 188 -1 -1 -1 -1000 -1000 -1000 -10 -0.860687
Car -1 -1 0.00 224 55 297 83 -1 -1 -1 -1000 -1000 -1000 -10 -0.864307
Car -1 -1 0.00 655 143 684 170 -1 -1 -1 -1000 -1000 -1000 -10 -0.952283
Car -1 -1 0.00 36 158 89 193 -1 -1 -1 -1000 -1000 -1000 -10 -0.973166
Car -1 -1 0.00 499 196 531 215 -1 -1 -1 -1000 -1000 -1000 -10 -0.979841
