Car -1 -1 0.00 511 181 566 217 -1 -1 -1 -1000 -1000 -1000 -10 1.34626
Car -1 -1 0.00 1035 174 1222 265 -1 -1 -1 -1000 -1000 -1000 -10 -0.128391
Car -1 -1 0.00 805 53 829 78 -1 -1 -1 -1000 -1000 -1000 -10 -0.836801
Car -1 -1 0.00 901 175 925 203 -1 -1 -1 -1000 -1000 -1000 -10 -0.904161
Car -1 -1 0.00 722 307 748 334 -1 -1 -1 -1000 -1000 -1000 -10 -0.908723
Car -1 -1 0.00 1120 255 1164 268 -1 -1 -1 -1000 -1000 -1000 -10 -0.984145
Car -1 -1 0.00 506 166 535 180 -1 -1 -1 -1000 -1000 -1000 -10 -0.984973
Car -1 -1 0.00 879 156 928 197 -1 -1 -1 -1000 -1000 -1000 -10 -0.992474
Car -1 -1 0.00 1015 139 1076 163 -1 -1 -1 -1000 -1000 -1000 -10 -1.00855
Car -1 -1 0.00 353 252 382 267 -1 -1 -1 -1000 -1000 -1000 -10 -1.01131
Car -1 -1 0.00 1105 254 1141 264 -1 -1 -1 -1000 -1000 -1000 -10 -1.01213
Car -1 -1 0.00 1054 98 1127 195 -1 -1 -1 -1000 -1000 -1000 -10 -1.01847
Car -1 -1 0.00 1123 322 1150 341 -1 -1 -1 -1000 -1000 -1000 -10 -1.02595
Car -1 -1 0.00 1116 256 1152 267 -1 -1 -1 -1000 -1000 -1000 -10 -1.02844
