Car -1 -1 0.00 851 162 925 185 -1 -1 -1 -1000 -1000 -1000 -10 0.477633
Car -1 -1 0.00 543 171 567 187 -1 -1 -1 -1000 -1000 -1000 -10 0.284834
Car -1 -1 0.00 656 164 720 191 -1 -1 -1 -1000 -1000 -1000 -10 -0.592276
Car -1 -1 0.00 647 162 739 187 -1 -1 -1 -1000 -1000 -1000 -10 -0.71544
Car -1 -1 0.00 247 186 278 204 -1 -1 -1 -1000 -1000 -1000 -10 -0.753626
Car -1 -1 0.00 864 163 932 185 -1 -1 -1 -1000 -1000 -1000 -10 -0.850259
Car -1 -1 0.00 792 276 824 309 -1 -1 -1 -1000 -1000 -1000 -10 -0.946293
Car -1 -1 0.00 280 162 301 188 -1 -1 -1 -1000 -1000 -1000 -10 -0.964077
Car -1 -1 0.00 604 128 684 187 -1 -1 -1 -1000 -1000 -1000 -10 -0.999148
Car -1 -1 0.00 691 287 730 314 -1 -1 -1 -1000 -1000 -1000 -10 -1.00053
Car -1 -1 0.00 842 125 867 138 -1 -1 -1 -1000 -1000 -1000 -10 -1.00462
Car -1 -1 0.00 842 129 868 142 -1 -1 -1 -1000 -1000 -1000 -10 -1.02653
