Car -1 -1 0.00 486 186 532 225 -1 -1 -1 -1000 -1000 -1000 -10 0.809409
Car -1 -1 0.00 339 195 376 219 -1 -1 -1 -1000 -1000 -1000 -10 -0.0178285
Car -1 -1 0.00 484 185 529 226 -1 -1 -1 -1000 -1000 -1000 -10 -0.659419
Car -1 -1 0.00 735 102 759 113 -1 -1 -1 -1000 -1000 -1000 -10 -0.784574
Car -1 -1 0.00 337 194 384 218 -1 -1 -1 -1000 -1000 -1000 -10 -0.814623
Car -1 -1 0.00 258 82 284 94 -1 -1 -1 -1000 -1000 -1000 -10 -0.885094
Car -1 -1 0.00 975 312 1000 331 -1 -1 -1 -1000 -1000 -1000 -10 -0.89301
Car -1 -1 0.00 409 190 495 226 -1 -1 -1 -1000 -1000 -1000 -10 -0.90566
Car -1 -1 0.00 1116 267 1144 287 -1 -1 -1 -1000 -1000 -1000 -10 -0.926007
Car -1 -1 0.00 316 234 370 250 -1 -1 -1 -1000 -1000 -1000 -10 -0.951152
Car -1 -1 0.00 1150 31 1192 45 -1 -1 -1 -1000 -1000 -1000 -10 -0.991983
Car -1 -1 0.00 365 36 400 53 -1 -1 -1 -1000 -1000 -1000 -10 -0.995091
Car -1 -1 0.00 829 126 859 151 -1 -1 -1 -1000 -1000 -1000 -10 -1.01448
Car -1 -1 0.00 805 185 846 229 -1 -1 -1 -1000 -1000 -1000 -10 -1.01759
Car -1 -1 0.00 1087 47 1130 61 -1 -1 -1 -1000 -1000 -1000 -10 -1.02163
Car -1 -1 0.00 865 200 890 219 -1 -1 -1 -1000 -1000 -1000 -10 -1.02792
