Car -1 -1 0.00 346 176 482 284 -1 -1 -1 -1000 -1000 -1000 -10 1.06594
Car -1 -1 0.00 461 179 533 241 -1 -1 -1 -1000 -1000 -1000 -10 0.641651
Car -1 -1 0.00 581 180 621 197 -1 -1 -1 -1000 -1000 -1000 -10 0.355638
Car -1 -1 0.00 738 170 940 252 -1 -1 -1 -1000 -1000 -1000 -10 0.107706
Car -1 -1 0.00 681 180 818 247 -1 -1 -1 -1000 -1000 -1000 -10 -0.416798
Car -1 -1 0.00 175 343 220 375 -1 -1 -1 -1000 -1000 -1000 -10 -0.435569
Car -1 -1 0.00 539 181 565 206 -1 -1 -1 -1000 -1000 -1000 -10 -0.655717
Car -1 -1 0.00 85 53 110 75 -1 -1 -1 -1000 -1000 -1000 -10 -0.726751
Car -1 -1 0.00 646 175 763 226 -1 -1 -1 -1000 -1000 -1000 -10 -0.730632
Car -1 -1 0.00 1098 142 1238 204 -1 -1 -1 -1000 -1000 -1000 -10 -0.889097
Car -1 -1 0.00 401 113 429 138 -1 -1 -1 -1000 -1000 -1000 -10 -0.903597
Car -1 -1 0.00 621 176 699 214 -1 -1 -1 -1000 -1000 -1000 -10 -0.940285
Car -1 -1 0.00 389 112 414 133 -1 -1 -1 -1000 -1000 -1000 -10 -0.944196
Car -1 -1 0.00 1162 185 1211 233 -1 -1 -1 -1000 -1000 -1000 -10 -0.958216
Car -1 -1 0.00 189 285 213 307 -1 -1 -1 -1000 -1000 -1000 -10 -0.979436
Car -1 -1 0.00 344 214 448 286 -1 -1 -1 -1000 -1000 -1000 -10 -0.98487
Car -1 -1 0.00 995 347 1023 365 -1 -1 -1 -1000 -1000 -1000 -10 -1.00246
Car -1 -1 0.00 956 275 982 290 -1 -1 -1 -1000 -1000 -1000 -10 -1.01919
Car -1 -1 0.00 363 149 403 178 -1 -1 -1 -1000 -1000 -1000 -10 -1.02884
