Car -1 -1 0.00 372 196 488 276 -1 -1 -1 -1000 -1000 -1000 -10 2.20803
Car -1 -1 0.00 535 191 565 213 -1 -1 -1 -1000 -1000 -1000 -10 1.85395
Car -1 -1 0.00 511 186 536 205 -1 -1 -1 -1000 -1000 -1000 -10 1.14201
Car -1 -1 0.00 642 189 686 222 -1 -1 -1 -1000 -1000 -1000 -10 0.548436
Car -1 -1 0.00 630 189 660 211 -1 -1 -1 -1000 -1000 -1000 -10 -0.453356
Car -1 -1 0.00 687 171 1049 271 -1 -1 -1 -1000 -1000 -1000 -10 -0.698088
Car -1 -1 0.00 114 263 141 289 -1 -1 -1 -1000 -1000 -1000 -10 -0.821123
Car -1 -1 0.00 625 188 683 210 -1 -1 -1 -1000 -1000 -1000 -10 -0.846123
Car -1 -1 0.00 411 62 445 94 -1 -1 -1 -1000 -1000 -1000 -10 -0.90687
Car -1 -1 0.00 978 327 1008 352 -1 -1 -1 -1000 -1000 -1000 -10 -0.933667
Car -1 -1 0.00 940 316 1002 365 -1 -1 -1 -1000 -1000 -1000 -10 -1.01282
Car -1 -1 0.00 674 172 829 274 -1 -1 -1 -1000 -1000 -1000 -10 -1.02105
