Car -1 -1 0.00 486 186 530 217 -1 -1 -1 -1000 -1000 -1000 -10 0.945496
Car -1 -1 0.00 659 182 701 217 -1 -1 -1 -1000 -1000 -1000 -10 0.929087
Car -1 -1 0.00 542 182 576 201 -1 -1 -1 -1000 -1000 -1000 -10 -0.055225
Car -1 -1 0.00 158 135 193 165 -1 -1 -1 -1000 -1000 -1000 -10 -0.904432
Car -1 -1 0.00 945 201 1074 238 -1 -1 -1 -1000 -1000 -1000 -10 -0.985946
Car -1 -1 0.00 981 364 1020 374 -1 -1 -1 -1000 -1000 -1000 -10 -1.01014
Car -1 -1 0.00 -71 -7 332 143 -1 -1 -1 -1000 -1000 -1000 -10 -1.01912
Car -1 -1 0.00 1128 178 1183 243 -1 -1 -1 -1000 -1000 -1000 -10 -1.01933
Car -1 -1 0.00 973 124 1004 157 -1 -1 -1 -1000 -1000 -1000 -10 -1.02173
Car -1 -1 0.00 981 369 1020 381 -1 -1 -1 -1000 -1000 -1000 -10 -1.02183
