Car -1 -1 0.00 326 170 474 262 -1 -1 -1 -1000 -1000 -1000 -10 1.30947
Car -1 -1 0.00 485 178 532 209 -1 -1 -1 -1000 -1000 -1000 -10 1.17284
Car -1 -1 0.00 550 169 571 189 -1 -1 -1 -1000 -1000 -1000 -10 -0.0301045
Car -1 -1 0.00 47 186 273 276 -1 -1 -1 -1000 -1000 -1000 -10 -0.505915
Car -1 -1 0.00 1088 139 1115 158 -1 -1 -1 -1000 -1000 -1000 -10 -0.910597
Car -1 -1 0.00 241 175 429 251 -1 -1 -1 -1000 -1000 -1000 -10 -0.914866
Car -1 -1 0.00 424 166 534 217 -1 -1 -1 -1000 -1000 -1000 -10 -0.961837
Car -1 -1 0.00 874 296 907 322 -1 -1 -1 -1000 -1000 -1000 -10 -0.969586
Car -1 -1 0.00 1168 203 1201 230 -1 -1 -1 -1000 -1000 -1000 -10 -0.979744
Car -1 -1 0.00 849 293 874 322 -1 -1 -1 -1000 -1000 -1000 -10 -0.980267
Car -1 -1 0.00 147 185 323 265 -1 -1 -1 -1000 -1000 -1000 -10 -0.991732
Car -1 -1 0.00 913 262 938 282 -1 -1 -1 -1000 -1000 -1000 -10 -1.0231
Car -1 -1 0.00 943 69 967 97 -1 -1 -1 -1000 -1000 -1000 -10 -1.02341
Car -1 -1 0.00 949 12 1001 29 -1 -1 -1 -1000 -1000 -1000 -10 -1.02968
