Car -1 -1 0.00 440 185 537 260 -1 -1 -1 -1000 -1000 -1000 -10 1.49696
Car -1 -1 0.00 529 186 578 220 -1 -1 -1 -1000 -1000 -1000 -10 0.911166
Car -1 -1 0.00 686 174 749 231 -1 -1 -1 -1000 -1000 -1000 -10 0.389901
Car -1 -1 0.00 563 180 601 212 -1 -1 -1 -1000 -1000 -1000 -10 0.231856
Car -1 -1 0.00 824 204 1098 374 -1 -1 -1 -1000 -1000 -1000 -10 -0.535525
Car -1 -1 0.00 694 166 795 233 -1 -1 -1 -1000 -1000 -1000 -10 -0.867639
Car -1 -1 0.00 268 68 312 88 -1 -1 -1 -1000 -1000 -1000 -10 -0.872255
Car -1 -1 0.00 739 220 811 244 -1 -1 -1 -1000 -1000 -1000 -10 -0.888189
Car -1 -1 0.00 662 168 707 196 -1 -1 -1 -1000 -1000 -1000 -10 -0.909302
Car -1 -1 0.00 742 152 787 169 -1 -1 -1 -1000 -1000 -1000 -10 -1.01062
Car -1 -1 0.00 134 182 170 222 -1 -1 -1 -1000 -1000 -1000 -10 -1.01617
Car -1 -1 0.00 379 58 413 69 -1 -1 -1 -1000 -1000 -1000 -10 -1.01632
Car -1 -1 0.00 248 121 275 149 -1 -1 -1 -1000 -1000 -1000 -10 -1.02184
Car -1 -1 0.00 352 108 390 120 -1 -1 -1 -1000 -1000 -1000 -10 -1.02921
