Car -1 -1 0.00 512 191 566 228 -1 -1 -1 -1000 -1000 -1000 -10 1.1042
Car -1 -1 0.00 275 193 397 284 -1 -1 -1 -1000 -1000 -1000 -10 -0.499912
Car -1 -1 0.00 1069 69 1093 91 -1 -1 -1 -1000 -1000 -1000 -10 -0.882969
Car -1 -1 0.00 869 187 913 222 -1 -1 -1 -1000 -1000 -1000 -10 -0.939384
Car -1 -1 0.00 533 37 571 57 -1 -1 -1 -1000 -1000 -1000 -10 -0.992129
Car -1 -1 0.00 594 178 625 212 -1 -1 -1 -1000 -1000 -1000 -10 -0.996559
Car -1 -1 0.00 99 100 168 123 -1 -1 -1 -1000 -1000 -1000 -10 -0.997252
Car -1 -1 0.00 196 308 258 324 -1 -1 -1 -1000 -1000 -1000 -10 -0.997348
Car -1 -1 0.00 453 218 513 234 -1 -1 -1 -1000 -1000 -1000 -10 -1.00536
Car -1 -1 0.00 13 324 73 375 -1 -1 -1 -1000 -1000 -1000 -10 -1.00647
Car -1 -1 0.00 936 217 962 237 -1 -1 -1 -1000 -1000 -1000 -10 -1.01592
Car -1 -1 0.00 1098 121 1151 142 -1 -1 -1 -1000 -1000 -1000 -10 -1.02131
