Car -1 -1 0.00 511 181 544 204 -1 -1 -1 -1000 -1000 -1000 -10 0.489656
Car -1 -1 0.00 532 178 556 196 -1 -1 -1 -1000 -1000 -1000 -10 -0.709983
Car -1 -1 0.00 1105 220 1148 240 -1 -1 -1 -1000 -1000 -1000 -10 -0.824622
Car -1 -1 0.00 1068 208 1094 234 -1 -1 -1 -1000 -1000 -1000 -10 -0.854125
Car -1 -1 0.00 730 154 757 176 -1 -1 -1 -1000 -1000 -1000 -10 -0.95193
Car -1 -1 0.00 824 143 845 156 -1 -1 -1 -1000 -1000 -1000 -10 -0.971807
Car -1 -1 0.00 766 171 791 191 -1 -1 -1 -1000 -1000 -1000 -10 -0.991434
Car -1 -1 0.00 809 54 875 83 -1 -1 -1 -1000 -1000 -1000 -10 -1.00603
Car -1 -1 0.00 885 182 914 196 -1 -1 -1 -1000 -1000 -1000 -10 -1.02375
Car -1 -1 0.00 985 268 1020 279 -1 -1 -1 -1000 -1000 -1000 -10 -1.02495
Car -1 -1 0.00 533 268 572 279 -1 -1 -1 -1000 -1000 -1000 -10 -1.02523
Car -1 -1 0.00 987 262 1023 273 -1 -1 -1 -1000 -1000 -1000 -10 -1.02777
