Car -1 -1 0.00 509 179 567 226 -1 -1 -1 -1000 -1000 -1000 -10 1.27749
Car -1 -1 0.00 606 163 650 196 -1 -1 -1 -1000 -1000 -1000 -10 0.0468976
Car -1 -1 0.00 253 78 298 117 -1 -1 -1 -1000 -1000 -1000 -10 -0.749936
Car -1 -1 0.00 84 39 112 60 -1 -1 -1 -1000 -1000 -1000 -10 -0.881372
Car -1 -1 0.00 538 167 590 203 -1 -1 -1 -1000 -1000 -1000 -10 -0.939139
Car -1 -1 0.00 86 179 113 199 -1 -1 -1 -1000 -1000 -1000 -10 -0.949024
Car -1 -1 0.00 979 22 1009 48 -1 -1 -1 -1000 -1000 -1000 -10 -0.966785
Car -1 -1 0.00 1164 162 1190 173 -1 -1 -1 -1000 -1000 -1000 -10 -0.969206
Car -1 -1 0.00 918 260 958 285 -1 -1 -1 -1000 -1000 -1000 -10 -0.975105
Car -1 -1 0.00 1046 15 1095 51 -1 -1 -1 -1000 -1000 -1000 -10 -0.982513
Car -1 -1 0.00 712 -9 821 21 -1 -1 -1 -1000 -1000 -1000 -10 -1.00086
Car -1 -1 0.00 519 86 548 110 -1 -1 -1 -1000 -1000 -1000 -10 -1.01531
