Car -1 -1 0.00 595 173 630 202 -1 -1 -1 -1000 -1000 -1000 -10 1.27622
Car -1 -1 0.00 514 175 547 200 -1 -1 -1 -1000 -1000 -1000 -10 1.13319
Car -1 -1 0.00 528 167 561 192 -1 -1 -1 -1000 -1000 -1000 -10 -0.856691
Car -1 -1 0.00 200 271 248 306 -1 -1 -1 -1000 -1000 -1000 -10 -0.945564
Car -1 -1 0.00 542 172 589 217 -1 -1 -1 -1000 -1000 -1000 -10 -0.987657
Car -1 -1 0.00 169 81 223 142 -1 -1 -1 -1000 -1000 -1000 -10 -0.991858
Car -1 -1 0.00 160 139 185 161 -1 -1 -1 -1000 -1000 -1000 -10 -0.996299
Car -1 -1 0.00 777 162 807 184 -1 -1 -1 -1000 -1000 -1000 -10 -1.00435
Car -1 -1 0.00 1114 248 1149 260 -1 -1 -1 -1000 -1000 -1000 -10 -1.026
Car -1 -1 0.00 1170 20 1200 52 -1 -1 -1 -1000 -1000 -1000 -10 -1.02687
