Car -1 -1 0.00 617 173 652 200 -1 -1 -1 -1000 -1000 -1000 -10 0.905159
Car -1 -1 0.00 742 165 1016 356 -1 -1 -1 -1000 -1000 -1000 -10 0.640169
Car -1 -1 0.00 74 206 375 362 -1 -1 -1 -1000 -1000 -1000 -10 -0.192631
Car -1 -1 0.00 717 166 851 210 -1 -1 -1 -1000 -1000 -1000 -10 -0.383817
Car -1 -1 0.00 380 183 474 248 -1 -1 -1 -1000 -1000 -1000 -10 -0.521579
Car -1 -1 0.00 652 163 723 229 -1 -1 -1 -1000 -1000 -1000 -10 -0.708312
Car -1 -1 0.00 159 117 197 148 -1 -1 -1 -1000 -1000 -1000 -10 -0.790114
Car -1 -1 0.00 657 146 705 161 -1 -1 -1 -1000 -1000 -1000 -10 -0.962632
Car -1 -1 0.00 1008 123 1054 137 -1 -1 -1 -1000 -1000 -1000 -10 -1.0237
Car -1 -1 0.00 1222 86 1245 115 -1 -1 -1 -1000 -1000 -1000 -10 -1.02611
