Car -1 -1 0.00 625 170 734 255 -1 -1 -1 -1000 -1000 -1000 -10 1.61515
Car -1 -1 0.00 344 179 465 214 -1 -1 -1 -1000 -1000 -1000 -10 0.902729
Car -1 -1 0.00 532 172 562 202 -1 -1 -1 -1000 -1000 -1000 -10 0.452559
Car -1 -1 0.00 468 172 514 194 -1 -1 -1 -1000 -1000 -1000 -10 -0.646311
Car -1 -1 0.00 1084 184 1240 256 -1 -1 -1 -1000 -1000 -1000 -10 -0.703786
Car -1 -1 0.00 826 197 870 228 -1 -1 -1 -1000 -1000 -1000 -10 -0.767905
Car -1 -1 0.00 829 175 857 197 -1 -1 -1 -1000 -1000 -1000 -10 -0.878369
Car -1 -1 0.00 169 18 195 39 -1 -1 -1 -1000 -1000 -1000 -10 -0.979405
Car -1 -1 0.00 667 173 714 209 -1 -1 -1 -1000 -1000 -1000 -10 -0.979538
Car -1 -1 0.00 437 178 496 198 -1 -1 -1 -1000 -1000 -1000 -10 -0.983555
Car -1 -1 0.00 1195 265 1234 290 -1 -1 -1 -1000 -1000 -1000 -10 -0.986592
Car -1 -1 0.00 717 181 866 231 -1 -1 -1 -1000 -1000 -1000 -10 -0.988114
Car -1 -1 0.00 338 180 470 220 -1 -1 -1 -1000 -1000 -1000 -10 -0.9929
Car -1 -1 0.00 926 277 958 303 -1 -1 -1 -1000 -1000 -1000 -10 -1.00402
Car -1 -1 0.00 240 144 306 163 -1 -1 -1 -1000 -1000 -1000 -10 -1.00692
Car -1 -1 0.00 1118 178 1184 208 -1 -1 -1 -1000 -1000 -1000 -10 -1.01846
