Car -1 -1 0.00 741 175 961 259 -1 -1 -1 -1000 -1000 -1000 -10 0.888575
Car -1 -1 0.00 199 192 386 291 -1 -1 -1 -1000 -1000 -1000 -10 0.295692
Car -1 -1 0.00 625 173 659 187 -1 -1 -1 -1000 -1000 -1000 -10 -0.356669
Car -1 -1 0.00 859 173 1252 329 -1 -1 -1 -1000 -1000 -1000 -10 -0.484692
Car -1 -1 0.00 1045 75 1077 102 -1 -1 -1 -1000 -1000 -1000 -10 -0.846901
Car -1 -1 0.00 217 268 241 291 -1 -1 -1 -1000 -1000 -1000 -10 -0.910845
Car -1 -1 0.00 1060 32 1100 74 -1 -1 -1 -1000 -1000 -1000 -10 -0.946208
Car -1 -1 0.00 665 14 711 28 -1 -1 -1 -1000 -1000 -1000 -10 -0.957346
Car -1 -1 0.00 443 6 471 33 -1 -1 -1 -1000 -1000 -1000 -10 -0.960294
Car -1 -1 0.00 804 101 837 137 -1 -1 -1 -1000 -1000 -1000 -10 -0.974101
Car -1 -1 0.00 473 185 498 209 -1 -1 -1 -1000 -1000 -1000 -10 -1.0059
Car -1 -1 0.00 122 98 193 124 -1 -1 -1 -1000 -1000 -1000 -10 -1.01986
