Car -1 -1 0.00 256 191 415 275 -1 -1 -1 -1000 -1000 -1000 -10 1.28581
Car -1 -1 0.00 571 176 593 196 -1 -1 -1 -1000 -1000 -1000 -10 -0.693157
Car -1 -1 0.00 995 177 1059 205 -1 -1 -1 -1000 -1000 -1000 -10 -0.726635
Car -1 -1 0.00 557 176 594 199 -1 -1 -1 -1000 -1000 -1000 -10 -0.742239
Car -1 -1 0.00 999 36 1025 60 -1 -1 -1 -1000 -1000 -1000 -10 -0.767405
Car -1 -1 0.00 621 132 722 216 -1 -1 -1 -1000 -1000 -1000 -10 -0.876251
Car -1 -1 0.00 728 133 764 153 -1 -1 -1 -1000 -1000 -1000 -10 -0.879803
Car -1 -1 0.00 352 58 412 81 -1 -1 -1 -1000 -1000 -1000 -10 -1.00057
Car -1 -1 0.00 -21 149 17 165 -1 -1 -1 -1000 -1000 -1000 -10 -1.01324
Car -1 -1 0.00 894 88 932 110 -1 -1 -1 -1000 -1000 -1000 -10 -1.01589
Car -1 -1 0.00 257 190 397 277 -1 -1 -1 -1000 -1000 -1000 -10 -1.02941
