Car -1 -1 0.00 374 181 473 254 -1 -1 -1 -1000 -1000 -1000 -10 1.70752
Car -1 -1 0.00 446 178 502 228 -1 -1 -1 -1000 -1000 -1000 -10 0.113415
Car -1 -1 0.00 20 176 417 379 -1 -1 -1 -1000 -1000 -1000 -10 -0.56634
Car -1 -1 0.00 502 178 532 195 -1 -1 -1 -1000 -1000 -1000 -10 -0.628071
Car -1 -1 0.00 54 249 151 324 -1 -1 -1 -1000 -1000 -1000 -10 -0.8734
Car -1 -1 0.00 568 150 610 185 -1 -1 -1 -1000 -1000 -1000 -10 -0.934526
Car -1 -1 0.00 89 74 116 112 -1 -1 -1 -1000 -1000 -1000 -10 -0.973348
Car -1 -1 0.00 956 323 982 335 -1 -1 -1 -1000 -1000 -1000 -10 -0.999268
Car -1 -1 0.00 1052 188 1075 199 -1 -1 -1 -1000 -1000 -1000 -10 -1.01665
Car -1 -1 0.00 943 261 979 299 -1 -1 -1 -1000 -1000 -1000 -10 -1.02753
