Car -1 -1 0.00 1179 229 1205 248 -1 -1 -1 -1000 -1000 -1000 -10 -0.889405
Car -1 -1 0.00 671 173 720 215 -1 -1 -1 -1000 -1000 -1000 -10 -0.892599
Car -1 -1 0.00 942 335 1041 369 -1 -1 -1 -1000 -1000 -1000 -10 -0.928869
Car -1 -1 0.00 603 344 638 380 -1 -1 -1 -1000 -1000 -1000 -10 -0.941292
Car -1 -1 0.00 443 169 470 183 -1 -1 -1 -1000 -1000 -1000 -10 -0.982637
Car -1 -1 0.00 250 123 305 151 -1 -1 -1 -1000 -1000 -1000 -10 -1.00055
Car -1 -1 0.00 345 270 382 281 -1 -1 -1 -1000 -1000 -1000 -10 -1.02397
Car -1 -1 0.00 552 277 589 315 -1 -1 -1 -1000 -1000 -1000 -10 -1.02485
Car -1 -1 0.00 167 10 226 38 -1 -1 -1 -1000 -1000 -1000 -10 -1.02499
Car -1 -1 0.00 872 93 907 108 -1 -1 -1 -1000 -1000 -1000 -10 -1.02961
