Car -1 -1 0.00 345 191 435 241 -1 -1 -1 -1000 -1000 -1000 -10 0.996276
Car -1 -1 0.00 0 201 263 313 -1 -1 -1 -1000 -1000 -1000 -10 0.992839
Car -1 -1 0.00 563 176 582 192 -1 -1 -1 -1000 -1000 -1000 -10 -0.358805
Car -1 -1 0.00 464 183 489 195 -1 -1 -1 -1000 -1000 -1000 -10 -0.68966
Car -1 -1 0.00 602 165 633 189 -1 -1 -1 -1000 -1000 -1000 -10 -0.792425
Car -1 -1 0.00 164 160 199 176 -1 -1 -1 -1000 -1000 -1000 -10 -0.882678
Car -1 -1 0.00 32 100 63 135 -1 -1 -1 -1000 -1000 -1000 -10 -1.00125
Car -1 -1 0.00 663 175 714 225 -1 -1 -1 -1000 -1000 -1000 -10 -1.00514
Car -1 -1 0.00 -14 134 12 146 -1 -1 -1 -1000 -1000 -1000 -10 -1.01371
Car -1 -1 0.00 52 168 84 180 -1 -1 -1 -1000 -1000 -1000 -10 -1.02017
Car -1 -1 0.00 796 83 833 120 -1 -1 -1 -1000 -1000 -1000 -10 -1.0279
