Car -1 -1 0.00 379 189 473 246 -1 -1 -1 -1000 -1000 -1000 -10 1.28567
Car -1 -1 0.00 484 189 517 211 -1 -1 -1 -1000 -1000 -1000 -10 0.963536
Car -1 -1 0.00 618 186 646 211 -1 -1 -1 -1000 -1000 -1000 -10 0.105183
Car -1 -1 0.00 519 186 548 202 -1 -1 -1 -1000 -1000 -1000 -10 -0.249724
Car -1 -1 0.00 79 181 112 212 -1 -1 -1 -1000 -1000 -1000 -10 -0.772472
Car -1 -1 0.00 1015 259 1137 374 -1 -1 -1 -1000 -1000 -1000 -10 -0.82599
Car -1 -1 0.00 448 275 486 307 -1 -1 -1 -1000 -1000 -1000 -10 -0.889553
Car -1 -1 0.00 169 241 227 260 -1 -1 -1 -1000 -1000 -1000 -10 -0.998648
Car -1 -1 0.00 924 -16 964 10 -1 -1 -1 -1000 -1000 -1000 -10 -1.00946
Car -1 -1 0.00 289 289 334 346 -1 -1 -1 -1000 -1000 -1000 -10 -1.02934
