Car -1 -1 0.00 956 181 1069 233 -1 -1 -1 -1000 -1000 -1000 -10 1.53489
Car -1 -1 0.00 1033 183 1157 231 -1 -1 -1 -1000 -1000 -1000 -10 1.51463
Car -1 -1 0.00 601 172 637 201 -1 -1 -1 -1000 -1000 -1000 -10 1.25822
Car -1 -1 0.00 1095 184 1223 236 -1 -1 -1 -1000 -1000 -1000 -10 0.748929
Car -1 -1 0.00 1115 42 1142 62 -1 -1 -1 -1000 -1000 -1000 -10 -0.832408
Car -1 -1 0.00 743 194 787 213 -1 -1 -1 -1000 -1000 -1000 -10 -0.893472
Car -1 -1 0.00 835 174 864 207 -1 -1 -1 -1000 -1000 -1000 -10 -0.934702
Car -1 -1 0.00 887 242 943 285 -1 -1 -1 -1000 -1000 -1000 -10 -0.93824
Car -1 -1 0.00 333 124 357 135 -1 -1 -1 -1000 -1000 -1000 -10 -0.966071
Car -1 -1 0.00 604 171 641 204 -1 -1 -1 -1000 -1000 -1000 -10 -0.971214
Car -1 -1 0.00 179 235 231 255 -1 -1 -1 -1000 -1000 -1000 -10 -0.984827
Car -1 -1 0.00 1 253 105 283 -1 -1 -1 -1000 -1000 -1000 -10 -1.0022
Car -1 -1 0.00 517 229 569 265 -1 -1 -1 -1000 -1000 -1000 -10 -1.00505
Car -1 -1 0.00 920 110 956 122 -1 -1 -1 -1000 -1000 -1000 -10 -1.01042
Car -1 -1 0.00 325 71 355 96 -1 -1 -1 -1000 -1000 -1000 -10 -1.01237
Car -1 -1 0.00 955 173 1014 195 -1 -1 -1 -1000 -1000 -1000 -10 -1.02604
