Car -1 -1 0.00 687 185 790 250 -1 -1 -1 -1000 -1000 -1000 -10 1.7344
Car -1 -1 0.00 250 185 309 219 -1 -1 -1 -1000 -1000 -1000 -10 1.54412
Car -1 -1 0.00 738 187 954 311 -1 -1 -1 -1000 -1000 -1000 -10 1.08119
Car -1 -1 0.00 168 188 244 227 -1 -1 -1 -1000 -1000 -1000 -10 0.90277
Car -1 -1 0.00 595 180 617 197 -1 -1 -1 -1000 -1000 -1000 -10 0.844757
Car -1 -1 0.00 344 184 388 206 -1 -1 -1 -1000 -1000 -1000 -10 0.784727
Car -1 -1 0.00 82 190 191 238 -1 -1 -1 -1000 -1000 -1000 -10 0.616044
Car -1 -1 0.00 844 225 1185 365 -1 -1 -1 -1000 -1000 -1000 -10 0.199029
Car -1 -1 0.00 536 173 559 189 -1 -1 -1 -1000 -1000 -1000 -10 -0.300549
Car -1 -1 0.00 399 181 426 200 -1 -1 -1 -1000 -1000 -1000 -10 -0.342308
Car -1 -1 0.00 415 180 442 199 -1 -1 -1 -1000 -1000 -1000 -10 -0.442262
Car -1 -1 0.00 -2 198 105 249 -1 -1 -1 -1000 -1000 -1000 -10 -0.814732
Car -1 -1 0.00 659 183 709 225 -1 -1 -1 -1000 -1000 -1000 -10 -0.880464
Car -1 -1 0.00 378 181 405 200 -1 -1 -1 -1000 -1000 -1000 -10 -0.882412
Car -1 -1 0.00 521 177 557 191 -1 -1 -1 -1000 -1000 -1000 -10 -0.928604
Car -1 -1 0.00 431 181 458 198 -1 -1 -1 -1000 -1000 -1000 -10 -0.929497
Car -1 -1 0.00 857 323 950 366 -1 -1 -1 -1000 -1000 -1000 -10 -0.946293
Car -1 -1 0.00 669 182 733 230 -1 -1 -1 -1000 -1000 -1000 -10 -0.952285
Car -1 -1 0.00 535 170 570 190 -1 -1 -1 -1000 -1000 -1000 -10 -1.00282
Car -1 -1 0.00 392 105 434 120 -1 -1 -1 -1000 -1000 -1000 -10 -1.02192
Car -1 -1 0.00 626 185 656 214 -1 -1 -1 -1000 -1000 -1000 -10 -1.02744
