Car -1 -1 0.00 684 181 775 253 -1 -1 -1 -1000 -1000 -1000 -10 0.623297
Car -1 -1 0.00 734 183 889 313 -1 -1 -1 -1000 -1000 -1000 -10 0.0121992
Car -1 -1 0.00 650 174 735 232 -1 -1 -1 -1000 -1000 -1000 -10 -0.138062
Car -1 -1 0.00 637 174 704 223 -1 -1 -1 -1000 -1000 -1000 -10 -0.489952
Car -1 -1 0.00 267 176 437 248 -1 -1 -1 -1000 -1000 -1000 -10 -0.705505
Car -1 -1 0.00 317 179 476 224 -1 -1 -1 -1000 -1000 -1000 -10 -0.781471
Car -1 -1 0.00 65 173 370 278 -1 -1 -1 -1000 -1000 -1000 -10 -0.888902
Car -1 -1 0.00 691 165 802 254 -1 -1 -1 -1000 -1000 -1000 -10 -0.900357
Car -1 -1 0.00 539 15 571 37 -1 -1 -1 -1000 -1000 -1000 -10 -0.901635
Car -1 -1 0.00 891 145 916 165 -1 -1 -1 -1000 -1000 -1000 -10 -0.976019
Car -1 -1 0.00 514 64 551 92 -1 -1 -1 -1000 -1000 -1000 -10 -1.01135
Car -1 -1 0.00 933 237 1042 316 -1 -1 -1 -1000 -1000 -1000 -10 -1.01959
