Car -1 -1 0.00 380 179 463 234 -1 -1 -1 -1000 -1000 -1000 -10 0.988859
Car -1 -1 0.00 490 175 532 205 -1 -1 -1 -1000 -1000 -1000 -10 0.0143713
Car -1 -1 0.00 928 200 965 227 -1 -1 -1 -1000 -1000 -1000 -10 -0.689532
Car -1 -1 0.00 349 223 381 239 -1 -1 -1 -1000 -1000 -1000 -10 -0.829994
Car -1 -1 0.00 451 178 504 218 -1 -1 -1 -1000 -1000 -1000 -10 -0.943786
Car -1 -1 0.00 825 6 856 32 -1 -1 -1 -1000 -1000 -1000 -10 -0.95809
Car -1 -1 0.00 282 99 307 128 -1 -1 -1 -1000 -1000 -1000 -10 -1.00053
Car -1 -1 0.00 458 -2 487 27 -1 -1 -1 -1000 -1000 -1000 -10 -1.00219
Car -1 -1 0.00 577 173 621 211 -1 -1 -1 -1000 -1000 -1000 -10 -1.00579
Car -1 -1 0.00 263 115 287 140 -1 -1 -1 -1000 -1000 -1000 -10 -1.00735
Car -1 -1 0.00 457 174 530 208 -1 -1 -1 -1000 -1000 -1000 -10 -1.01233
