Car -1 -1 0.00 704 52 741 67 -1 -1 -1 -1000 -1000 -1000 -10 -0.537056
Car -1 -1 0.00 120 90 185 121 -1 -1 -1 -1000 -1000 -1000 -10 -0.869404
Car -1 -1 0.00 431 265 483 287 -1 -1 -1 -1000 -1000 -1000 -10 -0.869779
Car -1 -1 0.00 489 286 522 315 -1 -1 -1 -1000 -1000 -1000 -10 -0.940056
Car -1 -1 0.00 1023 13 1080 31 -1 -1 -1 -1000 -1000 -1000 -10 -0.974366
Car -1 -1 0.00 545 303 599 362 -1 -1 -1 -1000 -1000 -1000 -10 -0.984185
Car -1 -1 0.00 50 247 75 266 -1 -1 -1 -1000 -1000 -1000 -10 -0.988846
Car -1 -1 0.00 144 204 178 215 -1 -1 -1 -1000 -1000 -1000 -10 -0.989223
Car -1 -1 0.00 584 281 623 320 -1 -1 -1 -1000 -1000 -1000 -10 -0.992236
Car -1 -1 0.00 123 82 155 98 -1 -1 -1 -1000 -1000 -1000 -10 -1.00718
Car -1 -1 0.00 946 113 1002 136 -1 -1 -1 -1000 -1000 -1000 -10 -1.01488
Car -1 -1 0.00 791 91 816 108 -1 -1 -1 -1000 -1000 -1000 -10 -1.02852
Car -1 -1 0.00 1066 41 1113 53 -1 -1 -1 -1000 -1000 -1000 -10 -1.02943
