Car -1 -1 0.00 374 187 435 224 -1 -1 -1 -1000 -1000 -1000 -10 0.847455
Car -1 -1 0.00 234 190 294 215 -1 -1 -1 -1000 -1000 -1000 -10 0.606779
Car -1 -1 0.00 312 187 351 206 -1 -1 -1 -1000 -1000 -1000 -10 0.309486
Car -1 -1 0.00 181 194 247 220 -1 -1 -1 -1000 -1000 -1000 -10 -0.520971
Car -1 -1 0.00 580 36 630 94 -1 -1 -1 -1000 -1000 -1000 -10 -0.844567
Car -1 -1 0.00 682 180 719 204 -1 -1 -1 -1000 -1000 -1000 -10 -0.889823
Car -1 -1 0.00 1138 200 1163 211 -1 -1 -1 -1000 -1000 -1000 -10 -0.894299
Car -1 -1 0.00 117 208 189 231 -1 -1 -1 -1000 -1000 -1000 -10 -0.982356
Car -1 -1 0.00 760 52 809 106 -1 -1 -1 -1000 -1000 -1000 -10 -1.00655
Car -1 -1 0.00 898 287 942 323 -1 -1 -1 -1000 -1000 -1000 -10 -1.00727
Car -1 -1 0.00 795 158 834 188 -1 -1 -1 -1000 -1000 -1000 -10 -1.01429
