Car -1 -1 0.00 280 176 514 250 -1 -1 -1 -1000 -1000 -1000 -10 1.48041
Car -1 -1 0.00 860 185 953 222 -1 -1 -1 -1000 -1000 -1000 -10 1.25375
Car -1 -1 0.00 925 174 1020 214 -1 -1 -1 -1000 -1000 -1000 -10 0.426855
Car -1 -1 0.00 1046 188 1109 213 -1 -1 -1 -1000 -1000 -1000 -10 -0.0102547
Car -1 -1 0.00 646 178 780 234 -1 -1 -1 -1000 -1000 -1000 -10 -0.122284
Car -1 -1 0.00 1090 184 1151 212 -1 -1 -1 -1000 -1000 -1000 -10 -0.221105
Car -1 -1 0.00 275 203 456 249 -1 -1 -1 -1000 -1000 -1000 -10 -0.760665
Car -1 -1 0.00 7 70 34 92 -1 -1 -1 -1000 -1000 -1000 -10 -0.919026
Car -1 -1 0.00 997 62 1033 74 -1 -1 -1 -1000 -1000 -1000 -10 -0.932095
Car -1 -1 0.00 650 44 697 64 -1 -1 -1 -1000 -1000 -1000 -10 -0.992124
Car -1 -1 0.00 426 121 455 157 -1 -1 -1 -1000 -1000 -1000 -10 -0.993963
Car -1 -1 0.00 791 142 827 154 -1 -1 -1 -1000 -1000 -1000 -10 -0.995546
Car -1 -1 0.00 405 350 438 375 -1 -1 -1 -1000 -1000 -1000 -10 -1.02519
