Car -1 -1 0.00 620 51 646 60 -1 -1 -1 -1000 -1000 -1000 -10 -0.89244
Car -1 -1 0.00 443 169 470 183 -1 -1 -1 -1000 -1000 -1000 -10 -0.910629
Car -1 -1 0.00 633 334 683 369 -1 -1 -1 -1000 -1000 -1000 -10 -0.951358
Car -1 -1 0.00 1178 229 1205 248 -1 -1 -1 -1000 -1000 -1000 -10 -0.954902
Car -1 -1 0.00 952 12 980 33 -1 -1 -1 -1000 -1000 -1000 -10 -0.994992
Car -1 -1 0.00 526 269 558 304 -1 -1 -1 -1000 -1000 -1000 -10 -0.9977
Car -1 -1 0.00 1139 205 1183 245 -1 -1 -1 -1000 -1000 -1000 -10 -0.998534
Car -1 -1 0.00 791 114 831 134 -1 -1 -1 -1000 -1000 -1000 -10 -1.00072
Car -1 -1 0.00 553 279 588 317 -1 -1 -1 -1000 -1000 -1000 -10 -1.0165
Car -1 -1 0.00 87 102 136 128 -1 -1 -1 -1000 -1000 -1000 -10 -1.01821
Car -1 -1 0.00 603 344 638 380 -1 -1 -1 -1000 -1000 -1000 -10 -1.01936
