Car -1 -1 0.00 252 199 424 272 -1 -1 -1 -1000 -1000 -1000 -10 -0.795815
Car -1 -1 0.00 105 86 184 121 -1 -1 -1 -1000 -1000 -1000 -10 -0.850518
Car -1 -1 0.00 661 51 707 69 -1 -1 -1 -1000 -1000 -1000 -10 -0.876086
Car -1 -1 0.00 583 100 609 123 -1 -1 -1 -1000 -1000 -1000 -10 -0.898037
Car -1 -1 0.00 234 21 274 43 -1 -1 -1 -1000 -1000 -1000 -10 -0.933896
Car -1 -1 0.00 604 247 632 262 -1 -1 -1 -1000 -1000 -1000 -10 -0.950575
Car -1 -1 0.00 90 100 145 129 -1 -1 -1 -1000 -1000 -1000 -10 -0.958826
Car -1 -1 0.00 631 329 680 369 -1 -1 -1 -1000 -1000 -1000 -10 -0.963951
Car -1 -1 0.00 846 229 874 251 -1 -1 -1 -1000 -1000 -1000 -10 -0.968168
Car -1 -1 0.00 958 51 984 67 -1 -1 -1 -1000 -1000 -1000 -10 -0.973812
Car -1 -1 0.00 644 361 677 375 -1 -1 -1 -1000 -1000 -1000 -10 -0.975965
Car -1 -1 0.00 962 -3 1059 29 -1 -1 -1 -1000 -1000 -1000 -10 -0.979822
Car -1 -1 0.00 884 292 926 338 -1 -1 -1 -1000 -1000 -1000 -10 -0.988334
Car -1 -1 0.00 121 80 157 97 -1 -1 -1 -1000 -1000 -1000 -10 -0.989405
Car -1 -1 0.00 1168 109 1197 142 -1 -1 -1 -1000 -1000 -1000 -10 -1.01228
Car -1 -1 0.00 492 344 532 378 -1 -1 -1 -1000 -1000 -1000 -10 -1.01809
Car -1 -1 0.00 107 49 160 72 -1 -1 -1 -1000 -1000 -1000 -10 -1.0219
Car -1 -1 0.00 584 283 623 322 -1 -1 -1 -1000 -1000 -1000 -10 -1.02282
Car -1 -1 0.00 1139 206 1183 246 -1 -1 -1 -1000 -1000 -1000 -10 -1.02302
Car -1 -1 0.00 545 302 600 361 -1 -1 -1 -1000 -1000 -1000 -10 -1.02576
Car -1 -1 0.00 540 351 566 374 -1 -1 -1 -1000 -1000 -1000 -10 -1.02905
Car -1 -1 0.00 553 278 588 315 -1 -1 -1 -1000 -1000 -1000 -10 -1.02977
