Car -1 -1 0.00 483 179 528 209 -1 -1 -1 -1000 -1000 -1000 -10 1.50931
Car -1 -1 0.00 575 177 614 209 -1 -1 -1 -1000 -1000 -1000 -10 1.14216
Car -1 -1 0.00 367 175 406 196 -1 -1 -1 -1000 -1000 -1000 -10 0.455648
Car -1 -1 0.00 522 175 544 193 -1 -1 -1 -1000 -1000 -1000 -10 -0.00500285
Car -1 -1 0.00 439 174 465 186 -1 -1 -1 -1000 -1000 -1000 -10 -0.517826
Car -1 -1 0.00 290 175 368 203 -1 -1 -1 -1000 -1000 -1000 -10 -0.753081
Car -1 -1 0.00 569 176 596 195 -1 -1 -1 -1000 -1000 -1000 -10 -0.964844
Car -1 -1 0.00 288 171 371 218 -1 -1 -1 -1000 -1000 -1000 -10 -0.973837
Car -1 -1 0.00 776 227 818 238 -1 -1 -1 -1000 -1000 -1000 -10 -0.974935
Car -1 -1 0.00 234 254 260 275 -1 -1 -1 -1000 -1000 -1000 -10 -0.996144
Car -1 -1 0.00 1063 35 1101 52 -1 -1 -1 -1000 -1000 -1000 -10 -1.01834
Car -1 -1 0.00 190 88 232 103 -1 -1 -1 -1000 -1000 -1000 -10 -1.02115
Car -1 -1 0.00 826 52 852 79 -1 -1 -1 -1000 -1000 -1000 -10 -1.02529
Car -1 -1 0.00 36 274 70 290 -1 -1 -1 -1000 -1000 -1000 -10 -1.02791
Car -1 -1 0.00 482 179 520 210 -1 -1 -1 -1000 -1000 -1000 -10 -1.02915
