Car -1 -1 0.00 609 156 732 202 -1 -1 -1 -1000 -1000 -1000 -10 2.05264
Car -1 -1 0.00 545 164 577 189 -1 -1 -1 -1000 -1000 -1000 -10 1.86668
Car -1 -1 0.00 373 162 470 207 -1 -1 -1 -1000 -1000 -1000 -10 0.787611
Car -1 -1 0.00 476 167 499 184 -1 -1 -1 -1000 -1000 -1000 -10 -0.464797
Car -1 -1 0.00 1163 232 1208 265 -1 -1 -1 -1000 -1000 -1000 -10 -0.747701
Car -1 -1 0.00 910 120 956 157 -1 -1 -1 -1000 -1000 -1000 -10 -0.849453
Car -1 -1 0.00 1121 229 1165 249 -1 -1 -1 -1000 -1000 -1000 -10 -0.884656
Car -1 -1 0.00 127 75 182 112 -1 -1 -1 -1000 -1000 -1000 -10 -0.911904
Car -1 -1 0.00 955 84 986 108 -1 -1 -1 -1000 -1000 -1000 -10 -0.914453
Car -1 -1 0.00 365 176 467 206 -1 -1 -1 -1000 -1000 -1000 -10 -0.915691
Car -1 -1 0.00 450 165 483 190 -1 -1 -1 -1000 -1000 -1000 -10 -0.943329
Car -1 -1 0.00 149 134 173 146 -1 -1 -1 -1000 -1000 -1000 -10 -0.961733
Car -1 -1 0.00 288 172 320 200 -1 -1 -1 -1000 -1000 -1000 -10 -0.974729
Car -1 -1 0.00 1094 161 1282 215 -1 -1 -1 -1000 -1000 -1000 -10 -0.98288
Car -1 -1 0.00 826 61 860 100 -1 -1 -1 -1000 -1000 -1000 -10 -0.988486
Car -1 -1 0.00 448 197 502 214 -1 -1 -1 -1000 -1000 -1000 -10 -1.0118
Car -1 -1 0.00 812 261 837 287 -1 -1 -1 -1000 -1000 -1000 -10 -1.01461
Car -1 -1 0.00 893 98 938 145 -1 -1 -1 -1000 -1000 -1000 -10 -1.01677
Car -1 -1 0.00 432 355 465 384 -1 -1 -1 -1000 -1000 -1000 -10 -1.028
Car -1 -1 0.00 19 160 45 172 -1 -1 -1 -1000 -1000 -1000 -10 -1.02979
