Car -1 -1 0.00 536 186 562 203 -1 -1 -1 -1000 -1000 -1000 -10 -0.395434
Car -1 -1 0.00 1145 160 1193 203 -1 -1 -1 -1000 -1000 -1000 -10 -0.872655
Car -1 -1 0.00 920 315 1023 360 -1 -1 -1 -1000 -1000 -1000 -10 -0.96828
Car -1 -1 0.00 769 263 802 289 -1 -1 -1 -1000 -1000 -1000 -10 -0.977474
Car -1 -1 0.00 871 189 902 212 -1 -1 -1 -1000 -1000 -1000 -10 -1.00085
Car -1 -1 0.00 807 280 842 297 -1 -1 -1 -1000 -1000 -1000 -10 -1.00452
Car -1 -1 0.00 1148 145 1192 189 -1 -1 -1 -1000 -1000 -1000 -10 -1.00469
Car -1 -1 0.00 946 215 972 237 -1 -1 -1 -1000 -1000 -1000 -10 -1.00927
Car -1 -1 0.00 747 84 774 96 -1 -1 -1 -1000 -1000 -1000 -10 -1.01447
Car -1 -1 0.00 643 174 693 190 -1 -1 -1 -1000 -1000 -1000 -10 -1.0183
Car -1 -1 0.00 1069 275 1146 309 -1 -1 -1 -1000 -1000 -1000 -10 -1.01957
