Car -1 -1 0.00 801 182 909 266 -1 -1 -1 -1000 -1000 -1000 -10 2.25903
Car -1 -1 0.00 849 190 1028 311 -1 -1 -1 -1000 -1000 -1000 -10 1.59637
Car -1 -1 0.00 762 165 855 242 -1 -1 -1 -1000 -1000 -1000 -10 1.22617
Car -1 -1 0.00 731 177 771 207 -1 -1 -1 -1000 -1000 -1000 -10 0.460263
Car -1 -1 0.00 963 217 1072 271 -1 -1 -1 -1000 -1000 -1000 -10 -0.795918
Car -1 -1 0.00 794 183 895 262 -1 -1 -1 -1000 -1000 -1000 -10 -0.826996
Car -1 -1 0.00 531 150 558 165 -1 -1 -1 -1000 -1000 -1000 -10 -1.00046
Car -1 -1 0.00 1161 216 1219 255 -1 -1 -1 -1000 -1000 -1000 -10 -1.00857
Car -1 -1 0.00 567 74 591 103 -1 -1 -1 -1000 -1000 -1000 -10 -1.0125
Car -1 -1 0.00 50 302 82 316 -1 -1 -1 -1000 -1000 -1000 -10 -1.01669
Car -1 -1 0.00 1220 374 1258 385 -1 -1 -1 -1000 -1000 -1000 -10 -1.02278
