Car -1 -1 0.00 705 183 846 279 -1 -1 -1 -1000 -1000 -1000 -10 2.65572
Car -1 -1 0.00 658 187 713 224 -1 -1 -1 -1000 -1000 -1000 -10 0.973376
Car -1 -1 0.00 619 176 643 194 -1 -1 -1 -1000 -1000 -1000 -10 -0.0399429
Car -1 -1 0.00 150 144 459 290 -1 -1 -1 -1000 -1000 -1000 -10 -0.25047
Car -1 -1 0.00 420 179 510 223 -1 -1 -1 -1000 -1000 -1000 -10 -0.378865
Car -1 -1 0.00 697 88 717 110 -1 -1 -1 -1000 -1000 -1000 -10 -0.860341
Car -1 -1 0.00 274 145 307 157 -1 -1 -1 -1000 -1000 -1000 -10 -0.960212
Car -1 -1 0.00 689 45 741 72 -1 -1 -1 -1000 -1000 -1000 -10 -0.971711
Car -1 -1 0.00 680 305 722 318 -1 -1 -1 -1000 -1000 -1000 -10 -0.988613
Car -1 -1 0.00 571 300 596 311 -1 -1 -1 -1000 -1000 -1000 -10 -0.993889
Car -1 -1 0.00 519 294 570 311 -1 -1 -1 -1000 -1000 -1000 -10 -0.996237
Car -1 -1 0.00 475 270 510 281 -1 -1 -1 -1000 -1000 -1000 -10 -1.00576
Car -1 -1 0.00 448 273 491 287 -1 -1 -1 -1000 -1000 -1000 -10 -1.00599
Car -1 -1 0.00 686 296 720 307 -1 -1 -1 -1000 -1000 -1000 -10 -1.00854
Car -1 -1 0.00 561 283 604 297 -1 -1 -1 -1000 -1000 -1000 -10 -1.00921
Car -1 -1 0.00 552 262 618 282 -1 -1 -1 -1000 -1000 -1000 -10 -1.01051
Car -1 -1 0.00 572 283 625 299 -1 -1 -1 -1000 -1000 -1000 -10 -1.01063
Car -1 -1 0.00 652 302 691 315 -1 -1 -1 -1000 -1000 -1000 -10 -1.01776
Car -1 -1 0.00 522 266 565 280 -1 -1 -1 -1000 -1000 -1000 -10 -1.01973
Car -1 -1 0.00 483 272 546 292 -1 -1 -1 -1000 -1000 -1000 -10 -1.02015
Car -1 -1 0.00 561 252 603 265 -1 -1 -1 -1000 -1000 -1000 -10 -1.02067
Car -1 -1 0.00 575 260 611 271 -1 -1 -1 -1000 -1000 -1000 -10 -1.02239
Car -1 -1 0.00 585 278 629 292 -1 -1 -1 -1000 -1000 -1000 -10 -1.0247
Car -1 -1 0.00 459 307 484 319 -1 -1 -1 -1000 -1000 -1000 -10 -1.02543
Car -1 -1 0.00 539 283 581 297 -1 -1 -1 -1000 -1000 -1000 -10 -1.02544
Car -1 -1 0.00 541 263 592 279 -1 -1 -1 -1000 -1000 -1000 -10 -1.02631
Car -1 -1 0.00 578 240 612 251 -1 -1 -1 -1000 -1000 -1000 -10 -1.02638
Car -1 -1 0.00 489 271 532 285 -1 -1 -1 -1000 -1000 -1000 -10 -1.0265
Car -1 -1 0.00 538 286 590 302 -1 -1 -1 -1000 -1000 -1000 -10 -1.0281
Car -1 -1 0.00 549 262 585 273 -1 -1 -1 -1000 -1000 -1000 -10 -1.02869
Car -1 -1 0.00 570 263 622 280 -1 -1 -1 -1000 -1000 -1000 -10 -1.02935
Car -1 -1 0.00 534 256 569 267 -1 -1 -1 -1000 -1000 -1000 -10 -1.02999
