Car -1 -1 0.00 707 180 836 257 -1 -1 -1 -1000 -1000 -1000 -10 1.65559
Car -1 -1 0.00 687 173 757 227 -1 -1 -1 -1000 -1000 -1000 -10 1.27302
Car -1 -1 0.00 596 171 622 197 -1 -1 -1 -1000 -1000 -1000 -10 1.1145
Car -1 -1 0.00 672 174 731 217 -1 -1 -1 -1000 -1000 -1000 -10 0.409571
Car -1 -1 0.00 659 174 701 214 -1 -1 -1 -1000 -1000 -1000 -10 0.253283
Car -1 -1 0.00 642 173 670 197 -1 -1 -1 -1000 -1000 -1000 -10 -0.824074
Car -1 -1 0.00 1127 312 1217 355 -1 -1 -1 -1000 -1000 -1000 -10 -0.912872
Car -1 -1 0.00 908 284 936 307 -1 -1 -1 -1000 -1000 -1000 -10 -0.965403
Car -1 -1 0.00 290 41 322 77 -1 -1 -1 -1000 -1000 -1000 -10 -1.01502
Car -1 -1 0.00 1157 178 1188 203 -1 -1 -1 -1000 -1000 -1000 -10 -1.01514
