Car -1 -1 0.00 513 180 566 217 -1 -1 -1 -1000 -1000 -1000 -10 1.50812
Car -1 -1 0.00 813 176 882 208 -1 -1 -1 -1000 -1000 -1000 -10 0.868659
Car -1 -1 0.00 1058 173 1244 260 -1 -1 -1 -1000 -1000 -1000 -10 0.744408
Car -1 -1 0.00 193 187 466 371 -1 -1 -1 -1000 -1000 -1000 -10 0.544891
Car -1 -1 0.00 928 169 1073 232 -1 -1 -1 -1000 -1000 -1000 -10 0.510221
Car -1 -1 0.00 560 175 583 192 -1 -1 -1 -1000 -1000 -1000 -10 0.129832
Car -1 -1 0.00 863 170 900 202 -1 -1 -1 -1000 -1000 -1000 -10 -0.624474
Car -1 -1 0.00 969 225 997 245 -1 -1 -1 -1000 -1000 -1000 -10 -0.85272
Car -1 -1 0.00 246 178 296 219 -1 -1 -1 -1000 -1000 -1000 -10 -0.887398
Car -1 -1 0.00 592 197 643 231 -1 -1 -1 -1000 -1000 -1000 -10 -0.958531
Car -1 -1 0.00 1065 44 1132 88 -1 -1 -1 -1000 -1000 -1000 -10 -0.978568
Car -1 -1 0.00 1083 238 1111 258 -1 -1 -1 -1000 -1000 -1000 -10 -0.995772
Car -1 -1 0.00 1174 8 1222 31 -1 -1 -1 -1000 -1000 -1000 -10 -0.996467
Car -1 -1 0.00 507 180 598 217 -1 -1 -1 -1000 -1000 -1000 -10 -1.00812
Car -1 -1 0.00 540 18 570 36 -1 -1 -1 -1000 -1000 -1000 -10 -1.01329
Car -1 -1 0.00 709 168 741 186 -1 -1 -1 -1000 -1000 -1000 -10 -1.01355
Car -1 -1 0.00 27 165 63 195 -1 -1 -1 -1000 -1000 -1000 -10 -1.02861
