Car -1 -1 0.00 522 175 545 195 -1 -1 -1 -1000 -1000 -1000 -10 0.183283
Car -1 -1 0.00 1186 203 1211 224 -1 -1 -1 -1000 -1000 -1000 -10 -0.939955
Car -1 -1 0.00 897 90 924 120 -1 -1 -1 -1000 -1000 -1000 -10 -0.981638
Car -1 -1 0.00 1059 105 1084 117 -1 -1 -1 -1000 -1000 -1000 -10 -0.987861
Car -1 -1 0.00 990 289 1020 319 -1 -1 -1 -1000 -1000 -1000 -10 -0.990401
Car -1 -1 0.00 23 148 48 160 -1 -1 -1 -1000 -1000 -1000 -10 -1.00192
Car -1 -1 0.00 686 101 721 114 -1 -1 -1 -1000 -1000 -1000 -10 -1.00561
Car -1 -1 0.00 820 140 857 152 -1 -1 -1 -1000 -1000 -1000 -10 -1.00941
Car -1 -1 0.00 1030 287 1061 318 -1 -1 -1 -1000 -1000 -1000 -10 -1.00987
Car -1 -1 0.00 964 87 990 115 -1 -1 -1 -1000 -1000 -1000 -10 -1.01323
Car -1 -1 0.00 337 134 367 168 -1 -1 -1 -1000 -1000 -1000 -10 -1.01972
Car -1 -1 0.00 544 173 571 182 -1 -1 -1 -1000 -1000 -1000 -10 -1.02001
Car -1 -1 0.00 874 237 900 265 -1 -1 -1 -1000 -1000 -1000 -10 -1.02404
