Car -1 -1 0.00 732 172 798 223 -1 -1 -1 -1000 -1000 -1000 -10 2.18065
Car -1 -1 0.00 3 211 249 289 -1 -1 -1 -1000 -1000 -1000 -10 0.535711
Car -1 -1 0.00 930 160 999 215 -1 -1 -1 -1000 -1000 -1000 -10 0.457409
Car -1 -1 0.00 763 163 825 205 -1 -1 -1 -1000 -1000 -1000 -10 0.00367594
Car -1 -1 0.00 52 212 248 282 -1 -1 -1 -1000 -1000 -1000 -10 -0.563238
Car -1 -1 0.00 561 106 585 134 -1 -1 -1 -1000 -1000 -1000 -10 -0.933209
Car -1 -1 0.00 305 187 332 218 -1 -1 -1 -1000 -1000 -1000 -10 -0.969662
Car -1 -1 0.00 102 54 127 82 -1 -1 -1 -1000 -1000 -1000 -10 -0.975832
Car -1 -1 0.00 374 275 413 298 -1 -1 -1 -1000 -1000 -1000 -10 -0.994456
Car -1 -1 0.00 655 -9 686 15 -1 -1 -1 -1000 -1000 -1000 -10 -0.997605
Car -1 -1 0.00 323 163 348 184 -1 -1 -1 -1000 -1000 -1000 -10 -1.02236
Car -1 -1 0.00 962 109 989 130 -1 -1 -1 -1000 -1000 -1000 -10 -1.02817
