Car -1 -1 0.00 586 166 694 208 -1 -1 -1 -1000 -1000 -1000 -10 1.62854
Car -1 -1 0.00 166 181 301 223 -1 -1 -1 -1000 -1000 -1000 -10 1.41159
Car -1 -1 0.00 491 174 553 201 -1 -1 -1 -1000 -1000 -1000 -10 1.29797
Car -1 -1 0.00 868 62 894 82 -1 -1 -1 -1000 -1000 -1000 -10 -0.813352
Car -1 -1 0.00 183 39 210 67 -1 -1 -1 -1000 -1000 -1000 -10 -0.823263
Car -1 -1 0.00 47 78 74 108 -1 -1 -1 -1000 -1000 -1000 -10 -0.849811
Car -1 -1 0.00 1057 87 1101 120 -1 -1 -1 -1000 -1000 -1000 -10 -0.874532
Car -1 -1 0.00 474 162 522 198 -1 -1 -1 -1000 -1000 -1000 -10 -0.914844
Car -1 -1 0.00 583 163 712 204 -1 -1 -1 -1000 -1000 -1000 -10 -0.918515
Car -1 -1 0.00 945 56 1156 124 -1 -1 -1 -1000 -1000 -1000 -10 -0.959573
Car -1 -1 0.00 -2 187 71 215 -1 -1 -1 -1000 -1000 -1000 -10 -0.983244
Car -1 -1 0.00 354 196 398 229 -1 -1 -1 -1000 -1000 -1000 -10 -0.99379
Car -1 -1 0.00 1087 155 1164 189 -1 -1 -1 -1000 -1000 -1000 -10 -1.00463
Car -1 -1 0.00 835 35 867 48 -1 -1 -1 -1000 -1000 -1000 -10 -1.00637
Car -1 -1 0.00 1212 266 1241 285 -1 -1 -1 -1000 -1000 -1000 -10 -1.02722
Car -1 -1 0.00 834 237 871 251 -1 -1 -1 -1000 -1000 -1000 -10 -1.02857
