Car -1 -1 0.00 626 167 670 212 -1 -1 -1 -1000 -1000 -1000 -10 0.173797
Car -1 -1 0.00 640 167 666 185 -1 -1 -1 -1000 -1000 -1000 -10 -0.799447
Car -1 -1 0.00 659 80 691 104 -1 -1 -1 -1000 -1000 -1000 -10 -0.896061
Car -1 -1 0.00 914 80 946 111 -1 -1 -1 -1000 -1000 -1000 -10 -0.962652
Car -1 -1 0.00 1142 144 1197 170 -1 -1 -1 -1000 -1000 -1000 -10 -0.977478
Car -1 -1 0.00 783 315 837 349 -1 -1 -1 -1000 -1000 -1000 -10 -0.983309
Car -1 -1 0.00 460 43 493 57 -1 -1 -1 -1000 -1000 -1000 -10 -0.992221
Car -1 -1 0.00 201 247 317 342 -1 -1 -1 -1000 -1000 -1000 -10 -1.00276
Car -1 -1 0.00 561 -2 606 49 -1 -1 -1 -1000 -1000 -1000 -10 -1.02555
Car -1 -1 0.00 768 178 806 189 -1 -1 -1 -1000 -1000 -1000 -10 -1.02576
Car -1 -1 0.00 822 63 880 130 -1 -1 -1 -1000 -1000 -1000 -10 -1.02923
Car -1 -1 0.00 240 242 330 324 -1 -1 -1 -1000 -1000 -1000 -10 -1.02964
Car -1 -1 0.00 188 250 280 337 -1 -1 -1 -1000 -1000 -1000 -10 -1.02995
