Car -1 -1 0.00 676 187 739 230 -1 -1 -1 -1000 -1000 -1000 -10 2.22091
Car -1 -1 0.00 652 179 694 214 -1 -1 -1 -1000 -1000 -1000 -10 1.0762
Car -1 -1 0.00 602 178 626 203 -1 -1 -1 -1000 -1000 -1000 -10 1.01628
Car -1 -1 0.00 798 196 1218 374 -1 -1 -1 -1000 -1000 -1000 -10 0.389532
Car -1 -1 0.00 630 89 665 118 -1 -1 -1 -1000 -1000 -1000 -10 -0.872306
Car -1 -1 0.00 654 179 713 215 -1 -1 -1 -1000 -1000 -1000 -10 -0.968412
Car -1 -1 0.00 541 43 568 68 -1 -1 -1 -1000 -1000 -1000 -10 -0.98222
Car -1 -1 0.00 1001 74 1027 95 -1 -1 -1 -1000 -1000 -1000 -10 -1.00604
Car -1 -1 0.00 569 277 643 327 -1 -1 -1 -1000 -1000 -1000 -10 -1.01389
Car -1 -1 0.00 731 271 756 293 -1 -1 -1 -1000 -1000 -1000 -10 -1.01509
