Car -1 -1 0.00 986 166 1148 217 -1 -1 -1 -1000 -1000 -1000 -10 1.05135
Car -1 -1 0.00 642 157 685 173 -1 -1 -1 -1000 -1000 -1000 -10 0.409891
Car -1 -1 0.00 627 179 701 228 -1 -1 -1 -1000 -1000 -1000 -10 -0.448402
Car -1 -1 0.00 589 181 705 231 -1 -1 -1 -1000 -1000 -1000 -10 -0.752199
Car -1 -1 0.00 988 173 1139 221 -1 -1 -1 -1000 -1000 -1000 -10 -0.782326
Car -1 -1 0.00 1114 41 1143 62 -1 -1 -1 -1000 -1000 -1000 -10 -0.855676
Car -1 -1 0.00 64 148 670 373 -1 -1 -1 -1000 -1000 -1000 -10 -0.866234
Car -1 -1 0.00 1143 175 1221 235 -1 -1 -1 -1000 -1000 -1000 -10 -0.902324
Car -1 -1 0.00 813 272 846 302 -1 -1 -1 -1000 -1000 -1000 -10 -0.922572
Car -1 -1 0.00 792 238 822 249 -1 -1 -1 -1000 -1000 -1000 -10 -0.972392
Car -1 -1 0.00 33 162 83 216 -1 -1 -1 -1000 -1000 -1000 -10 -1.01
