Car -1 -1 0.00 284 169 449 279 -1 -1 -1 -1000 -1000 -1000 -10 1.53111
Car -1 -1 0.00 475 173 529 212 -1 -1 -1 -1000 -1000 -1000 -10 0.849812
Car -1 -1 0.00 548 170 571 190 -1 -1 -1 -1000 -1000 -1000 -10 -0.0986578
Car -1 -1 0.00 178 188 351 256 -1 -1 -1 -1000 -1000 -1000 -10 -0.918561
Car -1 -1 0.00 910 336 936 354 -1 -1 -1 -1000 -1000 -1000 -10 -0.919747
Car -1 -1 0.00 37 190 282 288 -1 -1 -1 -1000 -1000 -1000 -10 -0.933601
Car -1 -1 0.00 852 203 882 217 -1 -1 -1 -1000 -1000 -1000 -10 -0.97322
Car -1 -1 0.00 1064 218 1100 230 -1 -1 -1 -1000 -1000 -1000 -10 -1.0001
Car -1 -1 0.00 747 295 775 319 -1 -1 -1 -1000 -1000 -1000 -10 -1.01217
Car -1 -1 0.00 1176 344 1203 364 -1 -1 -1 -1000 -1000 -1000 -10 -1.01938
