Car -1 -1 0.00 633 163 817 227 -1 -1 -1 -1000 -1000 -1000 -10 1.75965
Car -1 -1 0.00 841 163 1032 224 -1 -1 -1 -1000 -1000 -1000 -10 1.17188
Car -1 -1 0.00 1028 155 1239 219 -1 -1 -1 -1000 -1000 -1000 -10 1.15656
Car -1 -1 0.00 532 167 622 208 -1 -1 -1 -1000 -1000 -1000 -10 0.813819
Car -1 -1 0.00 211 182 304 222 -1 -1 -1 -1000 -1000 -1000 -10 -0.408782
Car -1 -1 0.00 604 164 660 206 -1 -1 -1 -1000 -1000 -1000 -10 -0.444492
Car -1 -1 0.00 534 166 645 205 -1 -1 -1 -1000 -1000 -1000 -10 -0.839787
Car -1 -1 0.00 206 176 323 220 -1 -1 -1 -1000 -1000 -1000 -10 -0.952465
Car -1 -1 0.00 447 144 479 171 -1 -1 -1 -1000 -1000 -1000 -10 -0.994887
Car -1 -1 0.00 1109 87 1141 113 -1 -1 -1 -1000 -1000 -1000 -10 -0.995621
Car -1 -1 0.00 445 53 482 96 -1 -1 -1 -1000 -1000 -1000 -10 -1.02513
