Car -1 -1 0.00 564 178 602 212 -1 -1 -1 -1000 -1000 -1000 -10 0.972466
Car -1 -1 0.00 244 179 327 209 -1 -1 -1 -1000 -1000 -1000 -10 -0.332552
Car -1 -1 0.00 564 180 604 213 -1 -1 -1 -1000 -1000 -1000 -10 -0.534577
Car -1 -1 0.00 428 165 467 190 -1 -1 -1 -1000 -1000 -1000 -10 -0.715616
Car -1 -1 0.00 87 176 124 197 -1 -1 -1 -1000 -1000 -1000 -10 -0.962269
Car -1 -1 0.00 194 146 243 184 -1 -1 -1 -1000 -1000 -1000 -10 -0.978981
Car -1 -1 0.00 421 175 451 198 -1 -1 -1 -1000 -1000 -1000 -10 -0.988097
Car -1 -1 0.00 930 92 986 110 -1 -1 -1 -1000 -1000 -1000 -10 -0.997499
Car -1 -1 0.00 284 100 330 157 -1 -1 -1 -1000 -1000 -1000 -10 -0.998995
Car -1 -1 0.00 761 126 797 138 -1 -1 -1 -1000 -1000 -1000 -10 -1.01778
