Car -1 -1 0.00 762 170 1058 285 -1 -1 -1 -1000 -1000 -1000 -10 0.988699
Car -1 -1 0.00 239 176 448 330 -1 -1 -1 -1000 -1000 -1000 -10 0.874613
Car -1 -1 0.00 436 178 523 249 -1 -1 -1 -1000 -1000 -1000 -10 0.592144
Car -1 -1 0.00 706 172 918 254 -1 -1 -1 -1000 -1000 -1000 -10 -0.301311
Car -1 -1 0.00 651 177 752 214 -1 -1 -1 -1000 -1000 -1000 -10 -0.380202
Car -1 -1 0.00 581 180 632 195 -1 -1 -1 -1000 -1000 -1000 -10 -0.433311
Car -1 -1 0.00 528 179 564 209 -1 -1 -1 -1000 -1000 -1000 -10 -0.80051
Car -1 -1 0.00 505 175 551 206 -1 -1 -1 -1000 -1000 -1000 -10 -0.921604
Car -1 -1 0.00 621 173 713 218 -1 -1 -1 -1000 -1000 -1000 -10 -0.93726
Car -1 -1 0.00 26 146 59 177 -1 -1 -1 -1000 -1000 -1000 -10 -0.951412
Car -1 -1 0.00 8 153 34 181 -1 -1 -1 -1000 -1000 -1000 -10 -0.990129
Car -1 -1 0.00 992 263 1117 319 -1 -1 -1 -1000 -1000 -1000 -10 -0.990832
Car -1 -1 0.00 232 173 271 216 -1 -1 -1 -1000 -1000 -1000 -10 -0.994363
Car -1 -1 0.00 614 198 640 225 -1 -1 -1 -1000 -1000 -1000 -10 -1.01001
Car -1 -1 0.00 -18 303 26 317 -1 -1 -1 -1000 -1000 -1000 -10 -1.016
Car -1 -1 0.00 369 100 401 129 -1 -1 -1 -1000 -1000 -1000 -10 -1.01613
Car -1 -1 0.00 400 171 444 221 -1 -1 -1 -1000 -1000 -1000 -10 -1.0205
Car -1 -1 0.00 15 -5 244 61 -1 -1 -1 -1000 -1000 -1000 -10 -1.02228
