Car -1 -1 0.00 525 180 580 216 -1 -1 -1 -1000 -1000 -1000 -10 1.0828
Car -1 -1 0.00 155 191 476 374 -1 -1 -1 -1000 -1000 -1000 -10 0.801673
Car -1 -1 0.00 166 191 460 374 -1 -1 -1 -1000 -1000 -1000 -10 0.125965
Car -1 -1 0.00 162 298 205 340 -1 -1 -1 -1000 -1000 -1000 -10 -0.497363
Car -1 -1 0.00 1114 275 1146 292 -1 -1 -1 -1000 -1000 -1000 -10 -0.964098
Car -1 -1 0.00 1206 310 1240 328 -1 -1 -1 -1000 -1000 -1000 -10 -0.977848
Car -1 -1 0.00 546 179 592 211 -1 -1 -1 -1000 -1000 -1000 -10 -0.990495
Car -1 -1 0.00 1004 290 1026 301 -1 -1 -1 -1000 -1000 -1000 -10 -1.00136
Car -1 -1 0.00 871 91 894 118 -1 -1 -1 -1000 -1000 -1000 -10 -1.00944
Car -1 -1 0.00 1039 358 1065 371 -1 -1 -1 -1000 -1000 -1000 -10 -1.01549
Car -1 -1 0.00 194 32 227 44 -1 -1 -1 -1000 -1000 -1000 -10 -1.02027
Car -1 -1 0.00 1065 343 1092 364 -1 -1 -1 -1000 -1000 -1000 -10 -1.02468
Car -1 -1 0.00 1148 320 1196 363 -1 -1 -1 -1000 -1000 -1000 -10 -1.02848
Car -1 -1 0.00 300 74 325 103 -1 -1 -1 -1000 -1000 -1000 -10 -1.02972
