Car -1 -1 0.00 230 190 414 292 -1 -1 -1 -1000 -1000 -1000 -10 1.30115
Car -1 -1 0.00 348 182 456 254 -1 -1 -1 -1000 -1000 -1000 -10 0.976295
Car -1 -1 0.00 539 166 571 196 -1 -1 -1 -1000 -1000 -1000 -10 0.215274
Car -1 -1 0.00 486 178 514 198 -1 -1 -1 -1000 -1000 -1000 -10 -0.110627
Car -1 -1 0.00 227 182 405 293 -1 -1 -1 -1000 -1000 -1000 -10 -0.271642
Car -1 -1 0.00 425 174 478 210 -1 -1 -1 -1000 -1000 -1000 -10 -0.609769
Car -1 -1 0.00 158 170 276 251 -1 -1 -1 -1000 -1000 -1000 -10 -0.786062
Car -1 -1 0.00 75 191 111 209 -1 -1 -1 -1000 -1000 -1000 -10 -0.916196
Car -1 -1 0.00 885 333 909 356 -1 -1 -1 -1000 -1000 -1000 -10 -0.938983
Car -1 -1 0.00 396 161 448 179 -1 -1 -1 -1000 -1000 -1000 -10 -0.989695
Car -1 -1 0.00 1035 256 1061 277 -1 -1 -1 -1000 -1000 -1000 -10 -0.992785
Car -1 -1 0.00 890 336 928 369 -1 -1 -1 -1000 -1000 -1000 -10 -1.01232
Car -1 -1 0.00 470 183 504 200 -1 -1 -1 -1000 -1000 -1000 -10 -1.01432
Car -1 -1 0.00 1122 277 1199 302 -1 -1 -1 -1000 -1000 -1000 -10 -1.02678
Car -1 -1 0.00 897 276 929 287 -1 -1 -1 -1000 -1000 -1000 -10 -1.02867
