Car -1 -1 0.00 593 162 665 223 -1 -1 -1 -1000 -1000 -1000 -10 0.705707
Car -1 -1 0.00 423 84 452 101 -1 -1 -1 -1000 -1000 -1000 -10 -0.868825
Car -1 -1 0.00 680 158 773 245 -1 -1 -1 -1000 -1000 -1000 -10 -0.877245
Car -1 -1 0.00 761 138 785 165 -1 -1 -1 -1000 -1000 -1000 -10 -0.979451
Car -1 -1 0.00 306 278 381 301 -1 -1 -1 -1000 -1000 -1000 -10 -0.999768
Car -1 -1 0.00 282 174 377 200 -1 -1 -1 -1000 -1000 -1000 -10 -1.00209
Car -1 -1 0.00 507 312 554 326 -1 -1 -1 -1000 -1000 -1000 -10 -1.01107
Car -1 -1 0.00 172 151 222 202 -1 -1 -1 -1000 -1000 -1000 -10 -1.01468
Car -1 -1 0.00 229 41 284 85 -1 -1 -1 -1000 -1000 -1000 -10 -1.02231
Car -1 -1 0.00 104 177 141 190 -1 -1 -1 -1000 -1000 -1000 -10 -1.02399
