Car -1 -1 0.00 347 189 529 304 -1 -1 -1 -1000 -1000 -1000 -10 1.19927
Car -1 -1 0.00 458 183 570 265 -1 -1 -1 -1000 -1000 -1000 -10 -0.419296
Car -1 -1 0.00 448 175 561 210 -1 -1 -1 -1000 -1000 -1000 -10 -0.848218
Car -1 -1 0.00 863 140 888 164 -1 -1 -1 -1000 -1000 -1000 -10 -0.963426
Car -1 -1 0.00 893 -16 934 31 -1 -1 -1 -1000 -1000 -1000 -10 -0.977979
Car -1 -1 0.00 856 163 1233 373 -1 -1 -1 -1000 -1000 -1000 -10 -0.980812
Car -1 -1 0.00 664 170 734 196 -1 -1 -1 -1000 -1000 -1000 -10 -0.980869
Car -1 -1 0.00 169 313 269 353 -1 -1 -1 -1000 -1000 -1000 -10 -0.997787
Car -1 -1 0.00 492 76 524 116 -1 -1 -1 -1000 -1000 -1000 -10 -1.0082
Car -1 -1 0.00 537 68 590 136 -1 -1 -1 -1000 -1000 -1000 -10 -1.01538
Car -1 -1 0.00 1093 139 1117 159 -1 -1 -1 -1000 -1000 -1000 -10 -1.01609
Car -1 -1 0.00 78 151 108 183 -1 -1 -1 -1000 -1000 -1000 -10 -1.02289
