Car -1 -1 0.00 728 176 876 274 -1 -1 -1 -1000 -1000 -1000 -10 2.50626
Car -1 -1 0.00 658 173 712 215 -1 -1 -1 -1000 -1000 -1000 -10 1.87734
Car -1 -1 0.00 45 192 197 245 -1 -1 -1 -1000 -1000 -1000 -10 1.6015
Car -1 -1 0.00 699 180 774 240 -1 -1 -1 -1000 -1000 -1000 -10 1.50729
Car -1 -1 0.00 177 188 266 229 -1 -1 -1 -1000 -1000 -1000 -10 1.03957
Car -1 -1 0.00 560 173 602 190 -1 -1 -1 -1000 -1000 -1000 -10 0.437142
Car -1 -1 0.00 413 178 464 194 -1 -1 -1 -1000 -1000 -1000 -10 0.363533
Car -1 -1 0.00 339 177 399 200 -1 -1 -1 -1000 -1000 -1000 -10 -0.340045
Car -1 -1 0.00 297 174 351 198 -1 -1 -1 -1000 -1000 -1000 -10 -0.575671
Car -1 -1 0.00 48 193 232 240 -1 -1 -1 -1000 -1000 -1000 -10 -0.739323
Car -1 -1 0.00 345 163 403 201 -1 -1 -1 -1000 -1000 -1000 -10 -0.773985
Car -1 -1 0.00 751 119 799 167 -1 -1 -1 -1000 -1000 -1000 -10 -0.833547
Car -1 -1 0.00 846 -3 910 44 -1 -1 -1 -1000 -1000 -1000 -10 -0.918486
Car -1 -1 0.00 973 140 1185 214 -1 -1 -1 -1000 -1000 -1000 -10 -0.923953
Car -1 -1 0.00 101 93 178 124 -1 -1 -1 -1000 -1000 -1000 -10 -0.940985
Car -1 -1 0.00 1104 54 1128 83 -1 -1 -1 -1000 -1000 -1000 -10 -0.948667
Car -1 -1 0.00 870 363 904 384 -1 -1 -1 -1000 -1000 -1000 -10 -0.9991
Car -1 -1 0.00 673 215 702 237 -1 -1 -1 -1000 -1000 -1000 -10 -0.999359
Car -1 -1 0.00 380 79 413 124 -1 -1 -1 -1000 -1000 -1000 -10 -0.999582
Car -1 -1 0.00 250 143 274 159 -1 -1 -1 -1000 -1000 -1000 -10 -1.00266
