Car -1 -1 0.00 925 184 1013 217 -1 -1 -1 -1000 -1000 -1000 -10 0.82733
Car -1 -1 0.00 605 174 636 199 -1 -1 -1 -1000 -1000 -1000 -10 0.769665
Car -1 -1 0.00 890 186 944 208 -1 -1 -1 -1000 -1000 -1000 -10 0.0901764
Car -1 -1 0.00 963 185 1078 227 -1 -1 -1 -1000 -1000 -1000 -10 -0.496046
Car -1 -1 0.00 770 231 798 241 -1 -1 -1 -1000 -1000 -1000 -10 -0.907084
Car -1 -1 0.00 1138 184 1165 203 -1 -1 -1 -1000 -1000 -1000 -10 -0.968732
Car -1 -1 0.00 400 34 426 61 -1 -1 -1 -1000 -1000 -1000 -10 -0.996476
Car -1 -1 0.00 504 98 543 115 -1 -1 -1 -1000 -1000 -1000 -10 -0.999865
Car -1 -1 0.00 456 224 494 235 -1 -1 -1 -1000 -1000 -1000 -10 -1.00585
Car -1 -1 0.00 718 193 750 206 -1 -1 -1 -1000 -1000 -1000 -10 -1.00622
Car -1 -1 0.00 815 181 853 199 -1 -1 -1 -1000 -1000 -1000 -10 -1.00712
Car -1 -1 0.00 673 260 697 288 -1 -1 -1 -1000 -1000 -1000 -10 -1.0075
