Car -1 -1 0.00 266 190 423 282 -1 -1 -1 -1000 -1000 -1000 -10 1.91921
Car -1 -1 0.00 365 183 465 251 -1 -1 -1 -1000 -1000 -1000 -10 0.695643
Car -1 -1 0.00 539 169 572 197 -1 -1 -1 -1000 -1000 -1000 -10 0.359068
Car -1 -1 0.00 491 180 515 200 -1 -1 -1 -1000 -1000 -1000 -10 -0.364176
Car -1 -1 0.00 435 176 481 211 -1 -1 -1 -1000 -1000 -1000 -10 -0.631441
Car -1 -1 0.00 254 185 452 283 -1 -1 -1 -1000 -1000 -1000 -10 -0.705082
Car -1 -1 0.00 845 313 871 336 -1 -1 -1 -1000 -1000 -1000 -10 -0.954146
Car -1 -1 0.00 831 305 862 337 -1 -1 -1 -1000 -1000 -1000 -10 -0.958139
Car -1 -1 0.00 943 252 970 285 -1 -1 -1 -1000 -1000 -1000 -10 -0.9742
Car -1 -1 0.00 247 281 335 324 -1 -1 -1 -1000 -1000 -1000 -10 -1.00707
Car -1 -1 0.00 623 183 646 212 -1 -1 -1 -1000 -1000 -1000 -10 -1.02489
Car -1 -1 0.00 91 153 125 161 -1 -1 -1 -1000 -1000 -1000 -10 -1.02618
Car -1 -1 0.00 801 235 833 268 -1 -1 -1 -1000 -1000 -1000 -10 -1.02683
