Car -1 -1 0.00 473 177 547 214 -1 -1 -1 -1000 -1000 -1000 -10 1.5597
Car -1 -1 0.00 433 187 491 209 -1 -1 -1 -1000 -1000 -1000 -10 0.252934
Car -1 -1 0.00 1012 248 1083 285 -1 -1 -1 -1000 -1000 -1000 -10 -0.786797
Car -1 -1 0.00 674 153 721 199 -1 -1 -1 -1000 -1000 -1000 -10 -0.902565
Car -1 -1 0.00 46 112 72 134 -1 -1 -1 -1000 -1000 -1000 -10 -0.954145
Car -1 -1 0.00 8 173 72 235 -1 -1 -1 -1000 -1000 -1000 -10 -0.960899
Car -1 -1 0.00 1070 56 1113 75 -1 -1 -1 -1000 -1000 -1000 -10 -0.966864
Car -1 -1 0.00 430 81 481 109 -1 -1 -1 -1000 -1000 -1000 -10 -1.00448
Car -1 -1 0.00 1199 227 1229 242 -1 -1 -1 -1000 -1000 -1000 -10 -1.00945
Car -1 -1 0.00 875 167 910 197 -1 -1 -1 -1000 -1000 -1000 -10 -1.01381
