Car -1 -1 0.00 596 174 625 203 -1 -1 -1 -1000 -1000 -1000 -10 1.61714
Car -1 -1 0.00 729 179 895 284 -1 -1 -1 -1000 -1000 -1000 -10 1.41329
Car -1 -1 0.00 659 180 699 206 -1 -1 -1 -1000 -1000 -1000 -10 0.69974
Car -1 -1 0.00 798 176 1186 367 -1 -1 -1 -1000 -1000 -1000 -10 0.482472
Car -1 -1 0.00 688 174 782 241 -1 -1 -1 -1000 -1000 -1000 -10 0.30453
Car -1 -1 0.00 634 177 658 197 -1 -1 -1 -1000 -1000 -1000 -10 -0.431869
Car -1 -1 0.00 81 207 218 271 -1 -1 -1 -1000 -1000 -1000 -10 -0.884249
Car -1 -1 0.00 851 176 1184 373 -1 -1 -1 -1000 -1000 -1000 -10 -0.912876
Car -1 -1 0.00 686 177 719 200 -1 -1 -1 -1000 -1000 -1000 -10 -0.916502
Car -1 -1 0.00 686 188 740 209 -1 -1 -1 -1000 -1000 -1000 -10 -0.922223
Car -1 -1 0.00 645 177 683 203 -1 -1 -1 -1000 -1000 -1000 -10 -0.927681
Car -1 -1 0.00 901 44 959 88 -1 -1 -1 -1000 -1000 -1000 -10 -0.933635
Car -1 -1 0.00 1197 243 1232 262 -1 -1 -1 -1000 -1000 -1000 -10 -0.945818
Car -1 -1 0.00 424 207 465 227 -1 -1 -1 -1000 -1000 -1000 -10 -0.980529
Car -1 -1 0.00 278 268 319 283 -1 -1 -1 -1000 -1000 -1000 -10 -1.02168
