Car -1 -1 0.00 61 197 280 288 -1 -1 -1 -1000 -1000 -1000 -10 1.35907
Car -1 -1 0.00 432 186 475 213 -1 -1 -1 -1000 -1000 -1000 -10 1.30168
Car -1 -1 0.00 716 127 767 187 -1 -1 -1 -1000 -1000 -1000 -10 -0.547597
Car -1 -1 0.00 1169 167 1217 183 -1 -1 -1 -1000 -1000 -1000 -10 -0.86631
Car -1 -1 0.00 985 48 1029 68 -1 -1 -1 -1000 -1000 -1000 -10 -0.93216
Car -1 -1 0.00 419 53 445 72 -1 -1 -1 -1000 -1000 -1000 -10 -0.956847
Car -1 -1 0.00 869 147 905 157 -1 -1 -1 -1000 -1000 -1000 -10 -0.958338
Car -1 -1 0.00 575 44 601 66 -1 -1 -1 -1000 -1000 -1000 -10 -0.971388
Car -1 -1 0.00 699 44 734 71 -1 -1 -1 -1000 -1000 -1000 -10 -1.01184
Car -1 -1 0.00 838 303 866 324 -1 -1 -1 -1000 -1000 -1000 -10 -1.02359
