Car -1 -1 0.00 423 181 523 247 -1 -1 -1 -1000 -1000 -1000 -10 2.15334
Car -1 -1 0.00 656 173 726 222 -1 -1 -1 -1000 -1000 -1000 -10 1.18947
Car -1 -1 0.00 490 172 540 214 -1 -1 -1 -1000 -1000 -1000 -10 0.867089
Car -1 -1 0.00 154 186 398 373 -1 -1 -1 -1000 -1000 -1000 -10 0.530263
Car -1 -1 0.00 633 169 668 199 -1 -1 -1 -1000 -1000 -1000 -10 0.474782
Car -1 -1 0.00 635 168 680 200 -1 -1 -1 -1000 -1000 -1000 -10 -0.844075
Car -1 -1 0.00 98 206 452 366 -1 -1 -1 -1000 -1000 -1000 -10 -0.909009
Car -1 -1 0.00 543 171 568 192 -1 -1 -1 -1000 -1000 -1000 -10 -0.916031
Car -1 -1 0.00 331 112 429 163 -1 -1 -1 -1000 -1000 -1000 -10 -0.984255
Car -1 -1 0.00 1109 82 1161 117 -1 -1 -1 -1000 -1000 -1000 -10 -0.985532
Car -1 -1 0.00 66 109 93 130 -1 -1 -1 -1000 -1000 -1000 -10 -0.995369
Car -1 -1 0.00 1093 69 1128 118 -1 -1 -1 -1000 -1000 -1000 -10 -1.00161
Car -1 -1 0.00 1109 295 1209 323 -1 -1 -1 -1000 -1000 -1000 -10 -1.01459
