Car -1 -1 0.00 505 180 533 199 -1 -1 -1 -1000 -1000 -1000 -10 1.15292
Car -1 -1 0.00 571 180 674 249 -1 -1 -1 -1000 -1000 -1000 -10 0.396316
Car -1 -1 0.00 656 197 1145 373 -1 -1 -1 -1000 -1000 -1000 -10 0.331928
Car -1 -1 0.00 537 176 586 223 -1 -1 -1 -1000 -1000 -1000 -10 0.0877713
Car -1 -1 0.00 606 150 809 285 -1 -1 -1 -1000 -1000 -1000 -10 -0.0553977
Car -1 -1 0.00 201 187 250 211 -1 -1 -1 -1000 -1000 -1000 -10 -0.129416
Car -1 -1 0.00 552 182 616 238 -1 -1 -1 -1000 -1000 -1000 -10 -0.601494
Car -1 -1 0.00 1151 216 1176 236 -1 -1 -1 -1000 -1000 -1000 -10 -0.807631
Car -1 -1 0.00 814 127 852 141 -1 -1 -1 -1000 -1000 -1000 -10 -0.829031
Car -1 -1 0.00 157 115 188 141 -1 -1 -1 -1000 -1000 -1000 -10 -0.87408
Car -1 -1 0.00 239 188 277 206 -1 -1 -1 -1000 -1000 -1000 -10 -0.927702
Car -1 -1 0.00 1015 31 1040 62 -1 -1 -1 -1000 -1000 -1000 -10 -0.95531
Car -1 -1 0.00 731 37 793 90 -1 -1 -1 -1000 -1000 -1000 -10 -0.967649
Car -1 -1 0.00 617 -3 685 44 -1 -1 -1 -1000 -1000 -1000 -10 -0.981224
Car -1 -1 0.00 300 183 337 199 -1 -1 -1 -1000 -1000 -1000 -10 -0.98655
Car -1 -1 0.00 399 180 454 197 -1 -1 -1 -1000 -1000 -1000 -10 -1.00444
Car -1 -1 0.00 278 186 304 204 -1 -1 -1 -1000 -1000 -1000 -10 -1.00968
Car -1 -1 0.00 334 -3 432 23 -1 -1 -1 -1000 -1000 -1000 -10 -1.02262
