Car -1 -1 0.00 552 180 591 196 -1 -1 -1 -1000 -1000 -1000 -10 -0.00638635
Car -1 -1 0.00 1045 104 1073 125 -1 -1 -1 -1000 -1000 -1000 -10 -0.852592
Car -1 -1 0.00 887 200 925 227 -1 -1 -1 -1000 -1000 -1000 -10 -0.914014
Car -1 -1 0.00 1153 69 1195 108 -1 -1 -1 -1000 -1000 -1000 -10 -0.915832
Car -1 -1 0.00 132 27 171 55 -1 -1 -1 -1000 -1000 -1000 -10 -0.950536
Car -1 -1 0.00 574 139 599 161 -1 -1 -1 -1000 -1000 -1000 -10 -0.966449
Car -1 -1 0.00 278 74 354 99 -1 -1 -1 -1000 -1000 -1000 -10 -0.988784
Car -1 -1 0.00 213 75 287 99 -1 -1 -1 -1000 -1000 -1000 -10 -1.00738
Car -1 -1 0.00 68 284 94 297 -1 -1 -1 -1000 -1000 -1000 -10 -1.01757
Car -1 -1 0.00 909 212 945 247 -1 -1 -1 -1000 -1000 -1000 -10 -1.01765
Car -1 -1 0.00 712 165 768 185 -1 -1 -1 -1000 -1000 -1000 -10 -1.01774
Car -1 -1 0.00 1074 189 1127 206 -1 -1 -1 -1000 -1000 -1000 -10 -1.02207
Car -1 -1 0.00 715 93 751 111 -1 -1 -1 -1000 -1000 -1000 -10 -1.02265
Car -1 -1 0.00 427 217 455 230 -1 -1 -1 -1000 -1000 -1000 -10 -1.02282
Car -1 -1 0.00 28 294 50 313 -1 -1 -1 -1000 -1000 -1000 -10 -1.02503
Car -1 -1 0.00 1038 348 1072 358 -1 -1 -1 -1000 -1000 -1000 -10 -1.02911
