Car -1 -1 0.00 682 187 780 250 -1 -1 -1 -1000 -1000 -1000 -10 1.82475
Car -1 -1 0.00 737 178 933 297 -1 -1 -1 -1000 -1000 -1000 -10 1.5843
Car -1 -1 0.00 360 173 437 216 -1 -1 -1 -1000 -1000 -1000 -10 1.35996
Car -1 -1 0.00 94 170 289 254 -1 -1 -1 -1000 -1000 -1000 -10 0.992714
Car -1 -1 0.00 654 180 708 224 -1 -1 -1 -1000 -1000 -1000 -10 0.323198
Car -1 -1 0.00 638 177 664 199 -1 -1 -1 -1000 -1000 -1000 -10 -0.0824171
Car -1 -1 0.00 469 178 508 203 -1 -1 -1 -1000 -1000 -1000 -10 -0.136903
Car -1 -1 0.00 506 177 532 196 -1 -1 -1 -1000 -1000 -1000 -10 -0.604125
Car -1 -1 0.00 404 179 486 209 -1 -1 -1 -1000 -1000 -1000 -10 -0.619338
Car -1 -1 0.00 522 175 548 192 -1 -1 -1 -1000 -1000 -1000 -10 -0.875162
Car -1 -1 0.00 660 181 723 227 -1 -1 -1 -1000 -1000 -1000 -10 -0.928391
Car -1 -1 0.00 806 180 925 300 -1 -1 -1 -1000 -1000 -1000 -10 -0.980805
Car -1 -1 0.00 682 164 721 183 -1 -1 -1 -1000 -1000 -1000 -10 -0.990399
Car -1 -1 0.00 23 2 64 16 -1 -1 -1 -1000 -1000 -1000 -10 -0.994044
Car -1 -1 0.00 1115 96 1185 148 -1 -1 -1 -1000 -1000 -1000 -10 -1.0038
Car -1 -1 0.00 1178 105 1204 133 -1 -1 -1 -1000 -1000 -1000 -10 -1.00422
Car -1 -1 0.00 568 170 594 183 -1 -1 -1 -1000 -1000 -1000 -10 -1.0046
Car -1 -1 0.00 1183 288 1220 299 -1 -1 -1 -1000 -1000 -1000 -10 -1.0071
Car -1 -1 0.00 1045 146 1074 169 -1 -1 -1 -1000 -1000 -1000 -10 -1.01226
