Car -1 -1 0.00 1048 161 1143 231 -1 -1 -1 -1000 -1000 -1000 -10 1.7804
Car -1 -1 0.00 228 192 449 273 -1 -1 -1 -1000 -1000 -1000 -10 1.15853
Car -1 -1 0.00 84 180 247 249 -1 -1 -1 -1000 -1000 -1000 -10 -0.0892304
Car -1 -1 0.00 258 190 469 266 -1 -1 -1 -1000 -1000 -1000 -10 -0.582934
Car -1 -1 0.00 488 29 517 63 -1 -1 -1 -1000 -1000 -1000 -10 -0.652961
Car -1 -1 0.00 1134 34 1165 60 -1 -1 -1 -1000 -1000 -1000 -10 -0.837883
Car -1 -1 0.00 1178 147 1225 178 -1 -1 -1 -1000 -1000 -1000 -10 -0.866979
Car -1 -1 0.00 80 184 314 257 -1 -1 -1 -1000 -1000 -1000 -10 -0.939336
Car -1 -1 0.00 1027 -4 1094 39 -1 -1 -1 -1000 -1000 -1000 -10 -0.983353
Car -1 -1 0.00 829 70 879 112 -1 -1 -1 -1000 -1000 -1000 -10 -0.996274
Car -1 -1 0.00 1196 185 1234 197 -1 -1 -1 -1000 -1000 -1000 -10 -0.998839
