Car -1 -1 0.00 411 179 463 223 -1 -1 -1 -1000 -1000 -1000 -10 0.590755
Car -1 -1 0.00 226 178 398 300 -1 -1 -1 -1000 -1000 -1000 -10 0.204484
Car -1 -1 0.00 440 176 479 209 -1 -1 -1 -1000 -1000 -1000 -10 -0.313048
Car -1 -1 0.00 63 339 115 370 -1 -1 -1 -1000 -1000 -1000 -10 -0.338122
Car -1 -1 0.00 546 177 594 198 -1 -1 -1 -1000 -1000 -1000 -10 -0.353145
Car -1 -1 0.00 586 175 709 230 -1 -1 -1 -1000 -1000 -1000 -10 -0.579613
Car -1 -1 0.00 981 124 1025 146 -1 -1 -1 -1000 -1000 -1000 -10 -0.653589
Car -1 -1 0.00 307 176 425 263 -1 -1 -1 -1000 -1000 -1000 -10 -0.736467
Car -1 -1 0.00 232 210 303 238 -1 -1 -1 -1000 -1000 -1000 -10 -0.814395
Car -1 -1 0.00 597 172 769 247 -1 -1 -1 -1000 -1000 -1000 -10 -0.855001
Car -1 -1 0.00 351 173 427 207 -1 -1 -1 -1000 -1000 -1000 -10 -0.861025
Car -1 -1 0.00 468 180 503 198 -1 -1 -1 -1000 -1000 -1000 -10 -0.952623
Car -1 -1 0.00 68 136 168 174 -1 -1 -1 -1000 -1000 -1000 -10 -0.993373
Car -1 -1 0.00 680 170 724 200 -1 -1 -1 -1000 -1000 -1000 -10 -1.01074
