Car -1 -1 0.00 208 179 355 240 -1 -1 -1 -1000 -1000 -1000 -10 1.85035
Car -1 -1 0.00 689 177 784 242 -1 -1 -1 -1000 -1000 -1000 -10 1.69607
Car -1 -1 0.00 666 182 728 225 -1 -1 -1 -1000 -1000 -1000 -10 1.37343
Car -1 -1 0.00 431 177 483 207 -1 -1 -1 -1000 -1000 -1000 -10 1.35774
Car -1 -1 0.00 314 177 399 228 -1 -1 -1 -1000 -1000 -1000 -10 0.585866
Car -1 -1 0.00 -5 181 223 294 -1 -1 -1 -1000 -1000 -1000 -10 0.585848
Car -1 -1 0.00 653 181 695 213 -1 -1 -1 -1000 -1000 -1000 -10 -0.325689
Car -1 -1 0.00 899 225 936 250 -1 -1 -1 -1000 -1000 -1000 -10 -0.689308
Car -1 -1 0.00 680 178 812 245 -1 -1 -1 -1000 -1000 -1000 -10 -0.768095
Car -1 -1 0.00 506 177 537 198 -1 -1 -1 -1000 -1000 -1000 -10 -0.879345
Car -1 -1 0.00 91 40 117 62 -1 -1 -1 -1000 -1000 -1000 -10 -0.895823
Car -1 -1 0.00 429 175 488 206 -1 -1 -1 -1000 -1000 -1000 -10 -0.954741
Car -1 -1 0.00 721 178 789 243 -1 -1 -1 -1000 -1000 -1000 -10 -1.012
