Car -1 -1 0.00 478 172 561 209 -1 -1 -1 -1000 -1000 -1000 -10 1.08046
Car -1 -1 0.00 533 158 676 288 -1 -1 -1 -1000 -1000 -1000 -10 0.870072
Car -1 -1 0.00 754 164 817 193 -1 -1 -1 -1000 -1000 -1000 -10 0.704626
Car -1 -1 0.00 753 170 801 192 -1 -1 -1 -1000 -1000 -1000 -10 -0.449651
Car -1 -1 0.00 -23 183 447 379 -1 -1 -1 -1000 -1000 -1000 -10 -0.465725
Car -1 -1 0.00 472 177 547 210 -1 -1 -1 -1000 -1000 -1000 -10 -0.687226
Car -1 -1 0.00 319 171 386 194 -1 -1 -1 -1000 -1000 -1000 -10 -0.705346
Car -1 -1 0.00 255 177 305 194 -1 -1 -1 -1000 -1000 -1000 -10 -0.714451
Car -1 -1 0.00 575 -4 599 17 -1 -1 -1 -1000 -1000 -1000 -10 -0.746276
Car -1 -1 0.00 145 180 182 199 -1 -1 -1 -1000 -1000 -1000 -10 -0.793088
Car -1 -1 0.00 443 171 483 186 -1 -1 -1 -1000 -1000 -1000 -10 -0.826283
Car -1 -1 0.00 784 172 820 191 -1 -1 -1 -1000 -1000 -1000 -10 -0.914413
Car -1 -1 0.00 312 180 338 196 -1 -1 -1 -1000 -1000 -1000 -10 -0.924378
Car -1 -1 0.00 411 172 434 189 -1 -1 -1 -1000 -1000 -1000 -10 -0.928667
Car -1 -1 0.00 290 149 319 181 -1 -1 -1 -1000 -1000 -1000 -10 -0.948793
Car -1 -1 0.00 765 141 794 162 -1 -1 -1 -1000 -1000 -1000 -10 -0.956219
Car -1 -1 0.00 685 41 1057 170 -1 -1 -1 -1000 -1000 -1000 -10 -1.00854
Car -1 -1 0.00 953 253 989 290 -1 -1 -1 -1000 -1000 -1000 -10 -1.00956
Car -1 -1 0.00 970 238 1031 258 -1 -1 -1 -1000 -1000 -1000 -10 -1.02491
Car -1 -1 0.00 683 147 753 175 -1 -1 -1 -1000 -1000 -1000 -10 -1.02836
Car -1 -1 0.00 753 238 814 289 -1 -1 -1 -1000 -1000 -1000 -10 -1.02906
