Car -1 -1 0.00 784 156 959 298 -1 -1 -1 -1000 -1000 -1000 -10 1.32464
Car -1 -1 0.00 746 184 825 246 -1 -1 -1 -1000 -1000 -1000 -10 0.347929
Car -1 -1 0.00 1153 339 1185 360 -1 -1 -1 -1000 -1000 -1000 -10 -0.955102
Car -1 -1 0.00 379 12 405 33 -1 -1 -1 -1000 -1000 -1000 -10 -0.996122
Car -1 -1 0.00 591 316 688 348 -1 -1 -1 -1000 -1000 -1000 -10 -1.00699
Car -1 -1 0.00 456 280 512 298 -1 -1 -1 -1000 -1000 -1000 -10 -1.00921
Car -1 -1 0.00 539 -2 606 18 -1 -1 -1 -1000 -1000 -1000 -10 -1.01129
Car -1 -1 0.00 636 -3 745 32 -1 -1 -1 -1000 -1000 -1000 -10 -1.01308
Car -1 -1 0.00 623 96 679 155 -1 -1 -1 -1000 -1000 -1000 -10 -1.02357
Car -1 -1 0.00 514 120 550 158 -1 -1 -1 -1000 -1000 -1000 -10 -1.02744
Car -1 -1 0.00 672 -3 780 32 -1 -1 -1 -1000 -1000 -1000 -10 -1.0277
Car -1 -1 0.00 89 81 131 98 -1 -1 -1 -1000 -1000 -1000 -10 -1.02873
Car -1 -1 0.00 122 168 166 181 -1 -1 -1 -1000 -1000 -1000 -10 -1.02978
