Car -1 -1 0.00 657 176 783 259 -1 -1 -1 -1000 -1000 -1000 -10 2.38085
Car -1 -1 0.00 625 173 702 235 -1 -1 -1 -1000 -1000 -1000 -10 1.65593
Car -1 -1 0.00 79 168 366 284 -1 -1 -1 -1000 -1000 -1000 -10 0.307337
Car -1 -1 0.00 545 167 581 200 -1 -1 -1 -1000 -1000 -1000 -10 0.17202
Car -1 -1 0.00 309 174 451 234 -1 -1 -1 -1000 -1000 -1000 -10 -0.63793
Car -1 -1 0.00 392 176 454 210 -1 -1 -1 -1000 -1000 -1000 -10 -0.719432
Car -1 -1 0.00 1057 222 1179 308 -1 -1 -1 -1000 -1000 -1000 -10 -0.728059
Car -1 -1 0.00 246 170 309 203 -1 -1 -1 -1000 -1000 -1000 -10 -0.955297
Car -1 -1 0.00 33 333 77 374 -1 -1 -1 -1000 -1000 -1000 -10 -0.965518
Car -1 -1 0.00 286 140 317 164 -1 -1 -1 -1000 -1000 -1000 -10 -0.966301
Car -1 -1 0.00 784 194 860 221 -1 -1 -1 -1000 -1000 -1000 -10 -1.01791
