Car -1 -1 0.00 714 165 899 290 -1 -1 -1 -1000 -1000 -1000 -10 0.546357
Car -1 -1 0.00 567 173 624 216 -1 -1 -1 -1000 -1000 -1000 -10 0.193682
Car -1 -1 0.00 579 34 612 54 -1 -1 -1 -1000 -1000 -1000 -10 -0.92636
Car -1 -1 0.00 711 84 755 106 -1 -1 -1 -1000 -1000 -1000 -10 -0.938406
Car -1 -1 0.00 314 84 340 113 -1 -1 -1 -1000 -1000 -1000 -10 -0.938859
Car -1 -1 0.00 750 152 777 173 -1 -1 -1 -1000 -1000 -1000 -10 -0.971056
Car -1 -1 0.00 859 203 939 261 -1 -1 -1 -1000 -1000 -1000 -10 -0.991836
Car -1 -1 0.00 904 331 932 351 -1 -1 -1 -1000 -1000 -1000 -10 -1.00447
Car -1 -1 0.00 728 169 936 311 -1 -1 -1 -1000 -1000 -1000 -10 -1.01045
Car -1 -1 0.00 440 134 467 163 -1 -1 -1 -1000 -1000 -1000 -10 -1.02362
Car -1 -1 0.00 1046 152 1101 178 -1 -1 -1 -1000 -1000 -1000 -10 -1.02505
Car -1 -1 0.00 366 27 413 41 -1 -1 -1 -1000 -1000 -1000 -10 -1.02639
