Car -1 -1 0.00 665 189 725 230 -1 -1 -1 -1000 -1000 -1000 -10 1.58273
Car -1 -1 0.00 703 191 844 289 -1 -1 -1 -1000 -1000 -1000 -10 1.54527
Car -1 -1 0.00 187 180 282 217 -1 -1 -1 -1000 -1000 -1000 -10 0.805514
Car -1 -1 0.00 269 171 343 209 -1 -1 -1 -1000 -1000 -1000 -10 0.611871
Car -1 -1 0.00 653 182 695 216 -1 -1 -1 -1000 -1000 -1000 -10 -0.317821
Car -1 -1 0.00 59 177 197 229 -1 -1 -1 -1000 -1000 -1000 -10 -0.647462
Car -1 -1 0.00 702 168 878 293 -1 -1 -1 -1000 -1000 -1000 -10 -0.772974
Car -1 -1 0.00 573 178 603 194 -1 -1 -1 -1000 -1000 -1000 -10 -0.904737
Car -1 -1 0.00 1075 95 1101 116 -1 -1 -1 -1000 -1000 -1000 -10 -0.916705
Car -1 -1 0.00 423 297 456 321 -1 -1 -1 -1000 -1000 -1000 -10 -0.936632
Car -1 -1 0.00 760 192 1109 375 -1 -1 -1 -1000 -1000 -1000 -10 -0.97971
Car -1 -1 0.00 1186 106 1210 118 -1 -1 -1 -1000 -1000 -1000 -10 -0.994311
Car -1 -1 0.00 241 192 279 215 -1 -1 -1 -1000 -1000 -1000 -10 -1.01439
Car -1 -1 0.00 248 173 287 190 -1 -1 -1 -1000 -1000 -1000 -10 -1.02595
