Car -1 -1 0.00 517 179 568 199 -1 -1 -1 -1000 -1000 -1000 -10 0.65787
Car -1 -1 0.00 686 164 774 210 -1 -1 -1 -1000 -1000 -1000 -10 -0.629357
Car -1 -1 0.00 930 251 959 272 -1 -1 -1 -1000 -1000 -1000 -10 -0.68155
Car -1 -1 0.00 514 177 587 196 -1 -1 -1 -1000 -1000 -1000 -10 -0.725196
Car -1 -1 0.00 387 167 430 184 -1 -1 -1 -1000 -1000 -1000 -10 -0.864493
Car -1 -1 0.00 455 127 577 170 -1 -1 -1 -1000 -1000 -1000 -10 -0.874764
Car -1 -1 0.00 434 93 476 139 -1 -1 -1 -1000 -1000 -1000 -10 -0.893489
Car -1 -1 0.00 675 327 751 350 -1 -1 -1 -1000 -1000 -1000 -10 -0.958415
Car -1 -1 0.00 550 299 594 324 -1 -1 -1 -1000 -1000 -1000 -10 -0.981324
Car -1 -1 0.00 617 327 652 337 -1 -1 -1 -1000 -1000 -1000 -10 -0.996553
Car -1 -1 0.00 596 326 631 337 -1 -1 -1 -1000 -1000 -1000 -10 -1.00027
Car -1 -1 0.00 763 330 804 341 -1 -1 -1 -1000 -1000 -1000 -10 -1.00493
Car -1 -1 0.00 83 220 121 248 -1 -1 -1 -1000 -1000 -1000 -10 -1.0056
Car -1 -1 0.00 497 141 629 178 -1 -1 -1 -1000 -1000 -1000 -10 -1.00733
Car -1 -1 0.00 215 202 245 222 -1 -1 -1 -1000 -1000 -1000 -10 -1.01424
Car -1 -1 0.00 433 256 469 267 -1 -1 -1 -1000 -1000 -1000 -10 -1.01705
Car -1 -1 0.00 835 222 938 253 -1 -1 -1 -1000 -1000 -1000 -10 -1.01734
Car -1 -1 0.00 1166 43 1193 64 -1 -1 -1 -1000 -1000 -1000 -10 -1.02468
