Car -1 -1 0.00 371 183 504 286 -1 -1 -1 -1000 -1000 -1000 -10 1.46161
Car -1 -1 0.00 75 209 410 374 -1 -1 -1 -1000 -1000 -1000 -10 -0.101871
Car -1 -1 0.00 113 208 399 372 -1 -1 -1 -1000 -1000 -1000 -10 -0.185379
Car -1 -1 0.00 620 179 647 199 -1 -1 -1 -1000 -1000 -1000 -10 -0.35729
Car -1 -1 0.00 635 167 693 208 -1 -1 -1 -1000 -1000 -1000 -10 -0.778773
Car -1 -1 0.00 285 29 316 58 -1 -1 -1 -1000 -1000 -1000 -10 -0.86227
Car -1 -1 0.00 78 314 104 332 -1 -1 -1 -1000 -1000 -1000 -10 -0.961035
Car -1 -1 0.00 772 131 818 158 -1 -1 -1 -1000 -1000 -1000 -10 -0.994571
Car -1 -1 0.00 1001 146 1050 158 -1 -1 -1 -1000 -1000 -1000 -10 -1.01123
Car -1 -1 0.00 376 223 402 245 -1 -1 -1 -1000 -1000 -1000 -10 -1.01321
Car -1 -1 0.00 962 260 1020 281 -1 -1 -1 -1000 -1000 -1000 -10 -1.01357
Car -1 -1 0.00 1156 171 1183 199 -1 -1 -1 -1000 -1000 -1000 -10 -1.01944
