Car -1 -1 0.00 528 180 571 210 -1 -1 -1 -1000 -1000 -1000 -10 1.40908
Car -1 -1 0.00 509 174 540 196 -1 -1 -1 -1000 -1000 -1000 -10 1.0124
Car -1 -1 0.00 684 180 758 233 -1 -1 -1 -1000 -1000 -1000 -10 0.957201
Car -1 -1 0.00 787 174 1088 372 -1 -1 -1 -1000 -1000 -1000 -10 0.758188
Car -1 -1 0.00 659 177 700 209 -1 -1 -1 -1000 -1000 -1000 -10 0.724444
Car -1 -1 0.00 566 179 589 197 -1 -1 -1 -1000 -1000 -1000 -10 0.174097
Car -1 -1 0.00 678 178 826 234 -1 -1 -1 -1000 -1000 -1000 -10 -0.694158
Car -1 -1 0.00 155 205 225 261 -1 -1 -1 -1000 -1000 -1000 -10 -0.705081
Car -1 -1 0.00 1176 58 1219 95 -1 -1 -1 -1000 -1000 -1000 -10 -0.910522
Car -1 -1 0.00 1081 129 1109 160 -1 -1 -1 -1000 -1000 -1000 -10 -0.944174
Car -1 -1 0.00 1027 230 1081 279 -1 -1 -1 -1000 -1000 -1000 -10 -0.950461
Car -1 -1 0.00 1080 163 1107 195 -1 -1 -1 -1000 -1000 -1000 -10 -0.959464
Car -1 -1 0.00 1051 183 1167 234 -1 -1 -1 -1000 -1000 -1000 -10 -0.969398
Car -1 -1 0.00 1181 50 1214 72 -1 -1 -1 -1000 -1000 -1000 -10 -0.996516
Car -1 -1 0.00 489 148 545 169 -1 -1 -1 -1000 -1000 -1000 -10 -1.02559
Car -1 -1 0.00 169 239 193 264 -1 -1 -1 -1000 -1000 -1000 -10 -1.02936
