Car -1 -1 0.00 265 184 427 248 -1 -1 -1 -1000 -1000 -1000 -10 1.43649
Car -1 -1 0.00 674 174 744 224 -1 -1 -1 -1000 -1000 -1000 -10 1.22832
Car -1 -1 0.00 468 179 509 203 -1 -1 -1 -1000 -1000 -1000 -10 0.950512
Car -1 -1 0.00 394 180 452 218 -1 -1 -1 -1000 -1000 -1000 -10 0.263168
Car -1 -1 0.00 661 177 705 213 -1 -1 -1 -1000 -1000 -1000 -10 0.223657
Car -1 -1 0.00 -14 189 189 268 -1 -1 -1 -1000 -1000 -1000 -10 0.0374213
Car -1 -1 0.00 648 177 684 203 -1 -1 -1 -1000 -1000 -1000 -10 -0.730791
Car -1 -1 0.00 466 179 513 205 -1 -1 -1 -1000 -1000 -1000 -10 -0.759909
Car -1 -1 0.00 692 177 741 222 -1 -1 -1 -1000 -1000 -1000 -10 -0.830173
Car -1 -1 0.00 715 154 739 181 -1 -1 -1 -1000 -1000 -1000 -10 -0.936404
Car -1 -1 0.00 754 184 795 199 -1 -1 -1 -1000 -1000 -1000 -10 -0.988675
Car -1 -1 0.00 234 -3 266 19 -1 -1 -1 -1000 -1000 -1000 -10 -0.99657
Car -1 -1 0.00 1055 245 1089 256 -1 -1 -1 -1000 -1000 -1000 -10 -0.999333
Car -1 -1 0.00 750 241 999 428 -1 -1 -1 -1000 -1000 -1000 -10 -1.00205
Car -1 -1 0.00 649 305 672 335 -1 -1 -1 -1000 -1000 -1000 -10 -1.00271
Car -1 -1 0.00 151 -2 183 18 -1 -1 -1 -1000 -1000 -1000 -10 -1.00733
Car -1 -1 0.00 621 195 647 221 -1 -1 -1 -1000 -1000 -1000 -10 -1.01167
Car -1 -1 0.00 261 150 288 170 -1 -1 -1 -1000 -1000 -1000 -10 -1.02524
