Car -1 -1 0.00 704 52 740 67 -1 -1 -1 -1000 -1000 -1000 -10 -0.636291
Car -1 -1 0.00 431 265 483 287 -1 -1 -1 -1000 -1000 -1000 -10 -0.82067
Car -1 -1 0.00 142 353 171 364 -1 -1 -1 -1000 -1000 -1000 -10 -0.871748
Car -1 -1 0.00 120 90 185 121 -1 -1 -1 -1000 -1000 -1000 -10 -0.908976
Car -1 -1 0.00 50 247 75 266 -1 -1 -1 -1000 -1000 -1000 -10 -0.944381
Car -1 -1 0.00 490 286 521 318 -1 -1 -1 -1000 -1000 -1000 -10 -0.961681
Car -1 -1 0.00 584 283 622 322 -1 -1 -1 -1000 -1000 -1000 -10 -0.964722
Car -1 -1 0.00 1144 211 1182 246 -1 -1 -1 -1000 -1000 -1000 -10 -0.997384
Car -1 -1 0.00 544 303 600 362 -1 -1 -1 -1000 -1000 -1000 -10 -1.02376
Car -1 -1 0.00 27 166 54 187 -1 -1 -1 -1000 -1000 -1000 -10 -1.02674
Car -1 -1 0.00 795 198 840 218 -1 -1 -1 -1000 -1000 -1000 -10 -1.02742
Car -1 -1 0.00 958 -3 1052 29 -1 -1 -1 -1000 -1000 -1000 -10 -1.02987
