Car -1 -1 0.00 673 179 754 238 -1 -1 -1 -1000 -1000 -1000 -10 2.01639
Car -1 -1 0.00 394 175 524 229 -1 -1 -1 -1000 -1000 -1000 -10 1.54655
Car -1 -1 0.00 227 175 450 259 -1 -1 -1 -1000 -1000 -1000 -10 1.53185
Car -1 -1 0.00 655 176 697 212 -1 -1 -1 -1000 -1000 -1000 -10 1.35592
Car -1 -1 0.00 636 177 670 202 -1 -1 -1 -1000 -1000 -1000 -10 -0.435522
Car -1 -1 0.00 546 167 576 191 -1 -1 -1 -1000 -1000 -1000 -10 -0.73103
Car -1 -1 0.00 218 182 463 261 -1 -1 -1 -1000 -1000 -1000 -10 -0.864233
Car -1 -1 0.00 500 45 565 97 -1 -1 -1 -1000 -1000 -1000 -10 -0.922051
Car -1 -1 0.00 1062 356 1124 374 -1 -1 -1 -1000 -1000 -1000 -10 -0.956518
Car -1 -1 0.00 1037 226 1070 259 -1 -1 -1 -1000 -1000 -1000 -10 -1.01205
Car -1 -1 0.00 687 76 713 88 -1 -1 -1 -1000 -1000 -1000 -10 -1.01299
Car -1 -1 0.00 1073 140 1227 319 -1 -1 -1 -1000 -1000 -1000 -10 -1.02651
