Car -1 -1 0.00 539 176 571 201 -1 -1 -1 -1000 -1000 -1000 -10 1.95913
Car -1 -1 0.00 539 178 569 201 -1 -1 -1 -1000 -1000 -1000 -10 0.225069
Car -1 -1 0.00 922 183 1198 374 -1 -1 -1 -1000 -1000 -1000 -10 0.193948
Car -1 -1 0.00 696 175 859 232 -1 -1 -1 -1000 -1000 -1000 -10 0.0545442
Car -1 -1 0.00 315 224 368 263 -1 -1 -1 -1000 -1000 -1000 -10 -0.722528
Car -1 -1 0.00 595 240 620 263 -1 -1 -1 -1000 -1000 -1000 -10 -0.874421
Car -1 -1 0.00 660 173 729 208 -1 -1 -1 -1000 -1000 -1000 -10 -0.889371
Car -1 -1 0.00 378 193 480 262 -1 -1 -1 -1000 -1000 -1000 -10 -0.901499
Car -1 -1 0.00 626 -8 704 14 -1 -1 -1 -1000 -1000 -1000 -10 -0.947896
Car -1 -1 0.00 534 -2 608 18 -1 -1 -1 -1000 -1000 -1000 -10 -0.952006
Car -1 -1 0.00 869 282 896 302 -1 -1 -1 -1000 -1000 -1000 -10 -0.980144
Car -1 -1 0.00 304 222 366 238 -1 -1 -1 -1000 -1000 -1000 -10 -0.980971
Car -1 -1 0.00 875 4 970 33 -1 -1 -1 -1000 -1000 -1000 -10 -0.985594
Car -1 -1 0.00 486 -2 550 18 -1 -1 -1 -1000 -1000 -1000 -10 -0.993044
Car -1 -1 0.00 503 -2 608 27 -1 -1 -1 -1000 -1000 -1000 -10 -0.99651
Car -1 -1 0.00 1061 80 1102 99 -1 -1 -1 -1000 -1000 -1000 -10 -0.997799
Car -1 -1 0.00 615 234 643 258 -1 -1 -1 -1000 -1000 -1000 -10 -1.01005
Car -1 -1 0.00 283 285 307 307 -1 -1 -1 -1000 -1000 -1000 -10 -1.01908
Car -1 -1 0.00 637 143 688 186 -1 -1 -1 -1000 -1000 -1000 -10 -1.01962
Car -1 -1 0.00 44 107 74 140 -1 -1 -1 -1000 -1000 -1000 -10 -1.02439
Car -1 -1 0.00 634 -9 701 6 -1 -1 -1 -1000 -1000 -1000 -10 -1.02966
