Car -1 -1 0.00 285 180 418 267 -1 -1 -1 -1000 -1000 -1000 -10 1.88233
Car -1 -1 0.00 663 149 725 187 -1 -1 -1 -1000 -1000 -1000 -10 -0.818872
Car -1 -1 0.00 220 132 247 155 -1 -1 -1 -1000 -1000 -1000 -10 -0.927859
Car -1 -1 0.00 604 357 633 371 -1 -1 -1 -1000 -1000 -1000 -10 -0.929961
Car -1 -1 0.00 522 139 570 156 -1 -1 -1 -1000 -1000 -1000 -10 -0.930844
Car -1 -1 0.00 298 360 339 374 -1 -1 -1 -1000 -1000 -1000 -10 -0.986653
Car -1 -1 0.00 92 352 218 383 -1 -1 -1 -1000 -1000 -1000 -10 -1.01565
Car -1 -1 0.00 162 211 200 229 -1 -1 -1 -1000 -1000 -1000 -10 -1.01724
Car -1 -1 0.00 1227 239 1252 260 -1 -1 -1 -1000 -1000 -1000 -10 -1.0231
Car -1 -1 0.00 938 227 984 242 -1 -1 -1 -1000 -1000 -1000 -10 -1.02544
