Car -1 -1 0.00 515 183 605 229 -1 -1 -1 -1000 -1000 -1000 -10 0.0613563
Car -1 -1 0.00 411 180 479 214 -1 -1 -1 -1000 -1000 -1000 -10 -0.338667
Car -1 -1 0.00 520 188 648 231 -1 -1 -1 -1000 -1000 -1000 -10 -0.472892
Car -1 -1 0.00 456 169 540 225 -1 -1 -1 -1000 -1000 -1000 -10 -0.719427
Car -1 -1 0.00 1115 63 1150 90 -1 -1 -1 -1000 -1000 -1000 -10 -0.760903
Car -1 -1 0.00 366 176 407 205 -1 -1 -1 -1000 -1000 -1000 -10 -0.763443
Car -1 -1 0.00 592 161 825 248 -1 -1 -1 -1000 -1000 -1000 -10 -0.7654
Car -1 -1 0.00 593 121 620 135 -1 -1 -1 -1000 -1000 -1000 -10 -0.989732
Car -1 -1 0.00 376 177 416 206 -1 -1 -1 -1000 -1000 -1000 -10 -1.01888
Car -1 -1 0.00 1121 200 1195 258 -1 -1 -1 -1000 -1000 -1000 -10 -1.0213
