Car -1 -1 0.00 1179 230 1204 249 -1 -1 -1 -1000 -1000 -1000 -10 -0.842425
Car -1 -1 0.00 791 115 833 134 -1 -1 -1 -1000 -1000 -1000 -10 -0.848022
Car -1 -1 0.00 1022 91 1132 122 -1 -1 -1 -1000 -1000 -1000 -10 -0.849863
Car -1 -1 0.00 104 89 189 128 -1 -1 -1 -1000 -1000 -1000 -10 -0.884712
Car -1 -1 0.00 951 332 1048 369 -1 -1 -1 -1000 -1000 -1000 -10 -0.900232
Car -1 -1 0.00 440 64 473 78 -1 -1 -1 -1000 -1000 -1000 -10 -0.946981
Car -1 -1 0.00 167 10 226 38 -1 -1 -1 -1000 -1000 -1000 -10 -0.950779
Car -1 -1 0.00 914 104 969 128 -1 -1 -1 -1000 -1000 -1000 -10 -0.959131
Car -1 -1 0.00 975 51 1002 67 -1 -1 -1 -1000 -1000 -1000 -10 -0.964411
Car -1 -1 0.00 401 238 430 271 -1 -1 -1 -1000 -1000 -1000 -10 -0.974469
Car -1 -1 0.00 325 298 350 309 -1 -1 -1 -1000 -1000 -1000 -10 -0.991707
Car -1 -1 0.00 544 302 599 361 -1 -1 -1 -1000 -1000 -1000 -10 -0.998547
Car -1 -1 0.00 553 279 587 319 -1 -1 -1 -1000 -1000 -1000 -10 -1.00488
