Car -1 -1 0.00 605 174 635 199 -1 -1 -1 -1000 -1000 -1000 -10 0.745706
Car -1 -1 0.00 924 184 1012 219 -1 -1 -1 -1000 -1000 -1000 -10 0.634311
Car -1 -1 0.00 888 185 941 209 -1 -1 -1 -1000 -1000 -1000 -10 -0.544388
Car -1 -1 0.00 963 185 1080 226 -1 -1 -1 -1000 -1000 -1000 -10 -0.55731
Car -1 -1 0.00 837 204 939 236 -1 -1 -1 -1000 -1000 -1000 -10 -0.919588
Car -1 -1 0.00 718 193 750 206 -1 -1 -1 -1000 -1000 -1000 -10 -0.958795
Car -1 -1 0.00 673 260 697 288 -1 -1 -1 -1000 -1000 -1000 -10 -0.977644
Car -1 -1 0.00 400 34 426 61 -1 -1 -1 -1000 -1000 -1000 -10 -1.00933
Car -1 -1 0.00 504 98 543 114 -1 -1 -1 -1000 -1000 -1000 -10 -1.01277
Car -1 -1 0.00 961 285 997 296 -1 -1 -1 -1000 -1000 -1000 -10 -1.02207
Car -1 -1 0.00 1122 197 1189 252 -1 -1 -1 -1000 -1000 -1000 -10 -1.02216
Car -1 -1 0.00 397 247 429 276 -1 -1 -1 -1000 -1000 -1000 -10 -1.02475
