Car -1 -1 0.00 837 208 862 231 -1 -1 -1 -1000 -1000 -1000 -10 -0.757863
Car -1 -1 0.00 105 86 184 121 -1 -1 -1 -1000 -1000 -1000 -10 -0.872461
Car -1 -1 0.00 234 21 274 43 -1 -1 -1 -1000 -1000 -1000 -10 -0.891912
Car -1 -1 0.00 969 254 1002 279 -1 -1 -1 -1000 -1000 -1000 -10 -0.906272
Car -1 -1 0.00 659 51 694 69 -1 -1 -1 -1000 -1000 -1000 -10 -0.957177
Car -1 -1 0.00 121 80 157 97 -1 -1 -1 -1000 -1000 -1000 -10 -0.95874
Car -1 -1 0.00 89 99 146 129 -1 -1 -1 -1000 -1000 -1000 -10 -0.97434
Car -1 -1 0.00 584 283 623 322 -1 -1 -1 -1000 -1000 -1000 -10 -0.993052
Car -1 -1 0.00 959 -3 1054 29 -1 -1 -1 -1000 -1000 -1000 -10 -0.993101
Car -1 -1 0.00 544 302 599 360 -1 -1 -1 -1000 -1000 -1000 -10 -0.996404
Car -1 -1 0.00 553 278 588 315 -1 -1 -1 -1000 -1000 -1000 -10 -0.99711
Car -1 -1 0.00 631 329 680 369 -1 -1 -1 -1000 -1000 -1000 -10 -1.00778
Car -1 -1 0.00 107 49 160 72 -1 -1 -1 -1000 -1000 -1000 -10 -1.00927
Car -1 -1 0.00 1111 124 1135 151 -1 -1 -1 -1000 -1000 -1000 -10 -1.00999
Car -1 -1 0.00 873 94 903 108 -1 -1 -1 -1000 -1000 -1000 -10 -1.01729
Car -1 -1 0.00 56 292 82 319 -1 -1 -1 -1000 -1000 -1000 -10 -1.02164
Car -1 -1 0.00 1021 12 1092 35 -1 -1 -1 -1000 -1000 -1000 -10 -1.0233
Car -1 -1 0.00 645 361 677 375 -1 -1 -1 -1000 -1000 -1000 -10 -1.02703
