Car -1 -1 0.00 42 169 174 226 -1 -1 -1 -1000 -1000 -1000 -10 1.73277
Car -1 -1 0.00 704 172 790 228 -1 -1 -1 -1000 -1000 -1000 -10 1.41764
Car -1 -1 0.00 378 169 523 275 -1 -1 -1 -1000 -1000 -1000 -10 1.36249
Car -1 -1 0.00 476 180 553 237 -1 -1 -1 -1000 -1000 -1000 -10 1.15795
Car -1 -1 0.00 274 176 346 205 -1 -1 -1 -1000 -1000 -1000 -10 0.531262
Car -1 -1 0.00 661 181 692 201 -1 -1 -1 -1000 -1000 -1000 -10 0.431935
Car -1 -1 0.00 159 171 274 215 -1 -1 -1 -1000 -1000 -1000 -10 0.295871
Car -1 -1 0.00 97 191 436 369 -1 -1 -1 -1000 -1000 -1000 -10 -0.0295194
Car -1 -1 0.00 334 175 393 200 -1 -1 -1 -1000 -1000 -1000 -10 -0.0444316
Car -1 -1 0.00 863 202 1244 373 -1 -1 -1 -1000 -1000 -1000 -10 -0.169642
Car -1 -1 0.00 884 184 1027 221 -1 -1 -1 -1000 -1000 -1000 -10 -0.382264
Car -1 -1 0.00 340 167 493 277 -1 -1 -1 -1000 -1000 -1000 -10 -0.506407
Car -1 -1 0.00 541 174 580 205 -1 -1 -1 -1000 -1000 -1000 -10 -0.703048
Car -1 -1 0.00 1114 140 1143 167 -1 -1 -1 -1000 -1000 -1000 -10 -0.861569
Car -1 -1 0.00 400 325 433 355 -1 -1 -1 -1000 -1000 -1000 -10 -0.942806
Car -1 -1 0.00 516 169 567 212 -1 -1 -1 -1000 -1000 -1000 -10 -0.943736
Car -1 -1 0.00 517 211 541 237 -1 -1 -1 -1000 -1000 -1000 -10 -0.962116
Car -1 -1 0.00 165 86 194 117 -1 -1 -1 -1000 -1000 -1000 -10 -0.97879
Car -1 -1 0.00 854 183 949 222 -1 -1 -1 -1000 -1000 -1000 -10 -1.00508
Car -1 -1 0.00 342 134 376 174 -1 -1 -1 -1000 -1000 -1000 -10 -1.0249
