Car -1 -1 0.00 850 167 1192 308 -1 -1 -1 -1000 -1000 -1000 -10 1.39772
Car -1 -1 0.00 441 184 497 225 -1 -1 -1 -1000 -1000 -1000 -10 0.931724
Car -1 -1 0.00 635 167 680 186 -1 -1 -1 -1000 -1000 -1000 -10 0.118176
Car -1 -1 0.00 402 185 468 234 -1 -1 -1 -1000 -1000 -1000 -10 0.0843023
Car -1 -1 0.00 726 167 888 250 -1 -1 -1 -1000 -1000 -1000 -10 -0.312932
Car -1 -1 0.00 745 162 1157 312 -1 -1 -1 -1000 -1000 -1000 -10 -0.555815
Car -1 -1 0.00 359 191 474 240 -1 -1 -1 -1000 -1000 -1000 -10 -0.728088
Car -1 -1 0.00 249 197 304 228 -1 -1 -1 -1000 -1000 -1000 -10 -0.86754
Car -1 -1 0.00 954 149 979 168 -1 -1 -1 -1000 -1000 -1000 -10 -0.879096
Car -1 -1 0.00 461 184 510 219 -1 -1 -1 -1000 -1000 -1000 -10 -0.908131
Car -1 -1 0.00 594 168 618 189 -1 -1 -1 -1000 -1000 -1000 -10 -0.912031
Car -1 -1 0.00 894 -10 958 7 -1 -1 -1 -1000 -1000 -1000 -10 -0.923801
Car -1 -1 0.00 635 171 680 186 -1 -1 -1 -1000 -1000 -1000 -10 -0.941194
Car -1 -1 0.00 1075 135 1109 159 -1 -1 -1 -1000 -1000 -1000 -10 -0.953168
Car -1 -1 0.00 931 73 962 109 -1 -1 -1 -1000 -1000 -1000 -10 -0.953873
Car -1 -1 0.00 802 300 838 325 -1 -1 -1 -1000 -1000 -1000 -10 -1.01513
Car -1 -1 0.00 63 262 86 274 -1 -1 -1 -1000 -1000 -1000 -10 -1.01843
