Car -1 -1 0.00 690 186 761 229 -1 -1 -1 -1000 -1000 -1000 -10 1.81286
Car -1 -1 0.00 435 178 519 241 -1 -1 -1 -1000 -1000 -1000 -10 1.36341
Car -1 -1 0.00 417 170 449 192 -1 -1 -1 -1000 -1000 -1000 -10 1.33788
Car -1 -1 0.00 503 171 557 214 -1 -1 -1 -1000 -1000 -1000 -10 0.979976
Car -1 -1 0.00 845 245 914 271 -1 -1 -1 -1000 -1000 -1000 -10 0.0373974
Car -1 -1 0.00 556 177 607 192 -1 -1 -1 -1000 -1000 -1000 -10 -0.611064
Car -1 -1 0.00 71 345 161 372 -1 -1 -1 -1000 -1000 -1000 -10 -0.940908
Car -1 -1 0.00 1040 252 1064 265 -1 -1 -1 -1000 -1000 -1000 -10 -0.974506
Car -1 -1 0.00 882 104 909 132 -1 -1 -1 -1000 -1000 -1000 -10 -0.983594
Car -1 -1 0.00 761 182 785 194 -1 -1 -1 -1000 -1000 -1000 -10 -0.989238
Car -1 -1 0.00 749 355 788 373 -1 -1 -1 -1000 -1000 -1000 -10 -1.00785
Car -1 -1 0.00 394 143 448 166 -1 -1 -1 -1000 -1000 -1000 -10 -1.01578
Car -1 -1 0.00 259 65 306 85 -1 -1 -1 -1000 -1000 -1000 -10 -1.02431
Car -1 -1 0.00 352 249 387 280 -1 -1 -1 -1000 -1000 -1000 -10 -1.02508
Car -1 -1 0.00 438 182 515 243 -1 -1 -1 -1000 -1000 -1000 -10 -1.02514
Car -1 -1 0.00 564 244 614 262 -1 -1 -1 -1000 -1000 -1000 -10 -1.0287
