Car -1 -1 0.00 838 208 862 231 -1 -1 -1 -1000 -1000 -1000 -10 -0.728634
Car -1 -1 0.00 442 169 470 183 -1 -1 -1 -1000 -1000 -1000 -10 -0.909031
Car -1 -1 0.00 642 361 676 375 -1 -1 -1 -1000 -1000 -1000 -10 -0.909228
Car -1 -1 0.00 1178 229 1205 248 -1 -1 -1 -1000 -1000 -1000 -10 -0.929528
Car -1 -1 0.00 405 251 458 286 -1 -1 -1 -1000 -1000 -1000 -10 -0.934781
Car -1 -1 0.00 529 266 558 300 -1 -1 -1 -1000 -1000 -1000 -10 -0.94879
Car -1 -1 0.00 553 279 587 318 -1 -1 -1 -1000 -1000 -1000 -10 -0.953548
Car -1 -1 0.00 106 91 181 126 -1 -1 -1 -1000 -1000 -1000 -10 -0.955941
Car -1 -1 0.00 1139 206 1183 246 -1 -1 -1 -1000 -1000 -1000 -10 -0.98634
Car -1 -1 0.00 611 347 638 369 -1 -1 -1 -1000 -1000 -1000 -10 -0.996819
Car -1 -1 0.00 916 103 967 129 -1 -1 -1 -1000 -1000 -1000 -10 -1.013
Car -1 -1 0.00 493 344 533 378 -1 -1 -1 -1000 -1000 -1000 -10 -1.01365
Car -1 -1 0.00 168 10 226 38 -1 -1 -1 -1000 -1000 -1000 -10 -1.01871
Car -1 -1 0.00 88 102 136 127 -1 -1 -1 -1000 -1000 -1000 -10 -1.02554
