Car -1 -1 0.00 1031 161 1126 198 -1 -1 -1 -1000 -1000 -1000 -10 1.84423
Car -1 -1 0.00 527 159 649 210 -1 -1 -1 -1000 -1000 -1000 -10 0.356413
Car -1 -1 0.00 506 163 650 210 -1 -1 -1 -1000 -1000 -1000 -10 -0.593972
Car -1 -1 0.00 245 72 299 89 -1 -1 -1 -1000 -1000 -1000 -10 -0.955458
Car -1 -1 0.00 852 129 922 180 -1 -1 -1 -1000 -1000 -1000 -10 -0.963974
Car -1 -1 0.00 768 198 804 219 -1 -1 -1 -1000 -1000 -1000 -10 -0.972301
Car -1 -1 0.00 292 167 326 182 -1 -1 -1 -1000 -1000 -1000 -10 -0.99298
Car -1 -1 0.00 1160 132 1186 152 -1 -1 -1 -1000 -1000 -1000 -10 -1.00196
Car -1 -1 0.00 689 146 714 166 -1 -1 -1 -1000 -1000 -1000 -10 -1.00537
Car -1 -1 0.00 1054 227 1079 250 -1 -1 -1 -1000 -1000 -1000 -10 -1.02702
