Car -1 -1 0.00 139 162 269 217 -1 -1 -1 -1000 -1000 -1000 -10 1.39156
Car -1 -1 0.00 578 176 638 233 -1 -1 -1 -1000 -1000 -1000 -10 0.991268
Car -1 -1 0.00 679 184 781 264 -1 -1 -1 -1000 -1000 -1000 -10 0.553595
Car -1 -1 0.00 236 172 323 208 -1 -1 -1 -1000 -1000 -1000 -10 -0.133556
Car -1 -1 0.00 430 177 456 193 -1 -1 -1 -1000 -1000 -1000 -10 -0.311449
Car -1 -1 0.00 322 171 376 202 -1 -1 -1 -1000 -1000 -1000 -10 -0.385556
Car -1 -1 0.00 776 215 1137 375 -1 -1 -1 -1000 -1000 -1000 -10 -0.527033
Car -1 -1 0.00 1182 142 1209 165 -1 -1 -1 -1000 -1000 -1000 -10 -0.946595
Car -1 -1 0.00 1079 305 1205 352 -1 -1 -1 -1000 -1000 -1000 -10 -0.951301
Car -1 -1 0.00 154 305 212 321 -1 -1 -1 -1000 -1000 -1000 -10 -0.988612
Car -1 -1 0.00 223 230 263 242 -1 -1 -1 -1000 -1000 -1000 -10 -0.992363
Car -1 -1 0.00 601 129 626 151 -1 -1 -1 -1000 -1000 -1000 -10 -0.993727
Car -1 -1 0.00 8 269 34 288 -1 -1 -1 -1000 -1000 -1000 -10 -0.998098
Car -1 -1 0.00 1168 137 1206 165 -1 -1 -1 -1000 -1000 -1000 -10 -1.01323
Car -1 -1 0.00 793 111 854 134 -1 -1 -1 -1000 -1000 -1000 -10 -1.02344
