Car -1 -1 0.00 518 174 570 211 -1 -1 -1 -1000 -1000 -1000 -10 1.39734
Car -1 -1 0.00 570 158 623 202 -1 -1 -1 -1000 -1000 -1000 -10 -0.271231
Car -1 -1 0.00 526 173 568 211 -1 -1 -1 -1000 -1000 -1000 -10 -0.459444
Car -1 -1 0.00 926 75 1000 159 -1 -1 -1 -1000 -1000 -1000 -10 -0.93817
Car -1 -1 0.00 58 144 90 171 -1 -1 -1 -1000 -1000 -1000 -10 -0.939379
Car -1 -1 0.00 924 57 999 142 -1 -1 -1 -1000 -1000 -1000 -10 -0.975766
Car -1 -1 0.00 755 163 895 225 -1 -1 -1 -1000 -1000 -1000 -10 -0.982974
Car -1 -1 0.00 415 360 448 372 -1 -1 -1 -1000 -1000 -1000 -10 -1.00344
Car -1 -1 0.00 1095 46 1156 117 -1 -1 -1 -1000 -1000 -1000 -10 -1.00695
Car -1 -1 0.00 30 135 68 155 -1 -1 -1 -1000 -1000 -1000 -10 -1.01674
Car -1 -1 0.00 25 103 55 134 -1 -1 -1 -1000 -1000 -1000 -10 -1.02219
Car -1 -1 0.00 1089 -21 1152 39 -1 -1 -1 -1000 -1000 -1000 -10 -1.02344
