Car -1 -1 0.00 51 161 83 186 -1 -1 -1 -1000 -1000 -1000 -10 -0.872655
Car -1 -1 0.00 774 354 803 366 -1 -1 -1 -1000 -1000 -1000 -10 -0.931791
Car -1 -1 0.00 207 272 245 307 -1 -1 -1 -1000 -1000 -1000 -10 -0.940316
Car -1 -1 0.00 170 209 211 240 -1 -1 -1 -1000 -1000 -1000 -10 -0.958956
Car -1 -1 0.00 386 96 417 119 -1 -1 -1 -1000 -1000 -1000 -10 -0.97306
Car -1 -1 0.00 918 76 953 94 -1 -1 -1 -1000 -1000 -1000 -10 -0.978131
Car -1 -1 0.00 871 218 920 256 -1 -1 -1 -1000 -1000 -1000 -10 -0.97911
Car -1 -1 0.00 11 117 36 144 -1 -1 -1 -1000 -1000 -1000 -10 -1.00053
Car -1 -1 0.00 62 68 87 90 -1 -1 -1 -1000 -1000 -1000 -10 -1.00604
Car -1 -1 0.00 88 100 137 117 -1 -1 -1 -1000 -1000 -1000 -10 -1.02364
