Car -1 -1 0.00 592 176 617 202 -1 -1 -1 -1000 -1000 -1000 -10 1.59063
Car -1 -1 0.00 470 183 526 204 -1 -1 -1 -1000 -1000 -1000 -10 0.434737
Car -1 -1 0.00 1145 139 1172 150 -1 -1 -1 -1000 -1000 -1000 -10 -0.875365
Car -1 -1 0.00 120 74 145 102 -1 -1 -1 -1000 -1000 -1000 -10 -1.00956
Car -1 -1 0.00 386 286 437 302 -1 -1 -1 -1000 -1000 -1000 -10 -1.01015
Car -1 -1 0.00 269 89 311 102 -1 -1 -1 -1000 -1000 -1000 -10 -1.0135
Car -1 -1 0.00 480 82 541 103 -1 -1 -1 -1000 -1000 -1000 -10 -1.02151
Car -1 -1 0.00 417 280 442 291 -1 -1 -1 -1000 -1000 -1000 -10 -1.02696
Car -1 -1 0.00 369 183 398 204 -1 -1 -1 -1000 -1000 -1000 -10 -1.02862
Car -1 -1 0.00 877 -1 910 35 -1 -1 -1 -1000 -1000 -1000 -10 -1.02906
