Car -1 -1 0.00 965 173 1070 223 -1 -1 -1 -1000 -1000 -1000 -10 -0.0586771
Car -1 -1 0.00 542 169 574 193 -1 -1 -1 -1000 -1000 -1000 -10 -0.286851
Car -1 -1 0.00 622 161 795 225 -1 -1 -1 -1000 -1000 -1000 -10 -0.37734
Car -1 -1 0.00 1113 184 1224 228 -1 -1 -1 -1000 -1000 -1000 -10 -0.385757
Car -1 -1 0.00 1058 178 1159 223 -1 -1 -1 -1000 -1000 -1000 -10 -0.585161
Car -1 -1 0.00 1006 181 1151 227 -1 -1 -1 -1000 -1000 -1000 -10 -0.915948
Car -1 -1 0.00 626 160 679 206 -1 -1 -1 -1000 -1000 -1000 -10 -0.931652
Car -1 -1 0.00 241 163 291 193 -1 -1 -1 -1000 -1000 -1000 -10 -0.942491
Car -1 -1 0.00 66 188 112 215 -1 -1 -1 -1000 -1000 -1000 -10 -0.953856
Car -1 -1 0.00 537 148 627 204 -1 -1 -1 -1000 -1000 -1000 -10 -0.955013
Car -1 -1 0.00 1137 50 1164 61 -1 -1 -1 -1000 -1000 -1000 -10 -0.966396
Car -1 -1 0.00 20 154 70 188 -1 -1 -1 -1000 -1000 -1000 -10 -0.969162
Car -1 -1 0.00 861 291 893 305 -1 -1 -1 -1000 -1000 -1000 -10 -1.00131
Car -1 -1 0.00 423 32 459 69 -1 -1 -1 -1000 -1000 -1000 -10 -1.00473
Car -1 -1 0.00 17 213 55 262 -1 -1 -1 -1000 -1000 -1000 -10 -1.00744
Car -1 -1 0.00 41 125 110 160 -1 -1 -1 -1000 -1000 -1000 -10 -1.00943
Car -1 -1 0.00 245 -2 272 26 -1 -1 -1 -1000 -1000 -1000 -10 -1.02738
