Car -1 -1 0.00 940 335 1041 369 -1 -1 -1 -1000 -1000 -1000 -10 -0.709619
Car -1 -1 0.00 103 90 189 128 -1 -1 -1 -1000 -1000 -1000 -10 -0.894853
Car -1 -1 0.00 791 116 833 134 -1 -1 -1 -1000 -1000 -1000 -10 -0.897526
Car -1 -1 0.00 1022 91 1131 123 -1 -1 -1 -1000 -1000 -1000 -10 -0.924841
Car -1 -1 0.00 250 123 305 151 -1 -1 -1 -1000 -1000 -1000 -10 -0.94584
Car -1 -1 0.00 870 92 910 109 -1 -1 -1 -1000 -1000 -1000 -10 -0.969794
Car -1 -1 0.00 665 172 722 214 -1 -1 -1 -1000 -1000 -1000 -10 -0.984007
Car -1 -1 0.00 695 186 728 219 -1 -1 -1 -1000 -1000 -1000 -10 -0.984035
Car -1 -1 0.00 1144 211 1182 245 -1 -1 -1 -1000 -1000 -1000 -10 -0.987013
Car -1 -1 0.00 235 254 260 274 -1 -1 -1 -1000 -1000 -1000 -10 -0.995085
Car -1 -1 0.00 553 279 587 318 -1 -1 -1 -1000 -1000 -1000 -10 -1.0012
Car -1 -1 0.00 603 344 638 380 -1 -1 -1 -1000 -1000 -1000 -10 -1.02784
