Car -1 -1 0.00 469 164 558 204 -1 -1 -1 -1000 -1000 -1000 -10 1.52307
Car -1 -1 0.00 110 163 170 190 -1 -1 -1 -1000 -1000 -1000 -10 -0.0588608
Car -1 -1 0.00 516 136 561 174 -1 -1 -1 -1000 -1000 -1000 -10 -0.782529
Car -1 -1 0.00 114 337 163 357 -1 -1 -1 -1000 -1000 -1000 -10 -0.854875
Car -1 -1 0.00 916 221 950 242 -1 -1 -1 -1000 -1000 -1000 -10 -0.964714
Car -1 -1 0.00 956 34 979 55 -1 -1 -1 -1000 -1000 -1000 -10 -0.975958
Car -1 -1 0.00 692 126 736 146 -1 -1 -1 -1000 -1000 -1000 -10 -0.994282
Car -1 -1 0.00 758 164 847 193 -1 -1 -1 -1000 -1000 -1000 -10 -1.00573
Car -1 -1 0.00 422 361 449 387 -1 -1 -1 -1000 -1000 -1000 -10 -1.01233
Car -1 -1 0.00 40 360 86 374 -1 -1 -1 -1000 -1000 -1000 -10 -1.02807
Car -1 -1 0.00 172 117 277 153 -1 -1 -1 -1000 -1000 -1000 -10 -1.02875
Car -1 -1 0.00 898 127 924 140 -1 -1 -1 -1000 -1000 -1000 -10 -1.02886
Car -1 -1 0.00 1065 162 1122 179 -1 -1 -1 -1000 -1000 -1000 -10 -1.02966
Car -1 -1 0.00 45 140 68 167 -1 -1 -1 -1000 -1000 -1000 -10 -1.02974
