Car -1 -1 0.00 757 187 1178 355 -1 -1 -1 -1000 -1000 -1000 -10 0.470941
Car -1 -1 0.00 -1 195 236 369 -1 -1 -1 -1000 -1000 -1000 -10 0.303399
Car -1 -1 0.00 279 177 325 219 -1 -1 -1 -1000 -1000 -1000 -10 0.125249
Car -1 -1 0.00 456 169 600 233 -1 -1 -1 -1000 -1000 -1000 -10 -0.464312
Car -1 -1 0.00 402 174 462 196 -1 -1 -1 -1000 -1000 -1000 -10 -0.647001
Car -1 -1 0.00 327 176 362 194 -1 -1 -1 -1000 -1000 -1000 -10 -0.695772
Car -1 -1 0.00 429 167 549 216 -1 -1 -1 -1000 -1000 -1000 -10 -0.698793
Car -1 -1 0.00 353 175 387 184 -1 -1 -1 -1000 -1000 -1000 -10 -0.699806
Car -1 -1 0.00 444 167 611 224 -1 -1 -1 -1000 -1000 -1000 -10 -0.939369
Car -1 -1 0.00 643 115 681 146 -1 -1 -1 -1000 -1000 -1000 -10 -0.979727
Car -1 -1 0.00 772 195 798 224 -1 -1 -1 -1000 -1000 -1000 -10 -0.983354
Car -1 -1 0.00 674 187 710 200 -1 -1 -1 -1000 -1000 -1000 -10 -0.985247
Car -1 -1 0.00 1132 42 1227 89 -1 -1 -1 -1000 -1000 -1000 -10 -1.00058
Car -1 -1 0.00 191 160 216 171 -1 -1 -1 -1000 -1000 -1000 -10 -1.00176
Car -1 -1 0.00 689 205 1148 364 -1 -1 -1 -1000 -1000 -1000 -10 -1.01424
Car -1 -1 0.00 118 169 288 283 -1 -1 -1 -1000 -1000 -1000 -10 -1.02281
