Car -1 -1 0.00 547 175 632 230 -1 -1 -1 -1000 -1000 -1000 -10 1.73334
Car -1 -1 0.00 501 173 544 206 -1 -1 -1 -1000 -1000 -1000 -10 1.0324
Car -1 -1 0.00 1030 67 1083 113 -1 -1 -1 -1000 -1000 -1000 -10 -0.94187
Car -1 -1 0.00 238 302 279 316 -1 -1 -1 -1000 -1000 -1000 -10 -0.991943
Car -1 -1 0.00 247 298 283 309 -1 -1 -1 -1000 -1000 -1000 -10 -1.00412
Car -1 -1 0.00 557 325 643 390 -1 -1 -1 -1000 -1000 -1000 -10 -1.00962
Car -1 -1 0.00 434 349 481 392 -1 -1 -1 -1000 -1000 -1000 -10 -1.01541
Car -1 -1 0.00 234 314 278 328 -1 -1 -1 -1000 -1000 -1000 -10 -1.01649
Car -1 -1 0.00 734 62 792 79 -1 -1 -1 -1000 -1000 -1000 -10 -1.01751
Car -1 -1 0.00 806 340 848 367 -1 -1 -1 -1000 -1000 -1000 -10 -1.01785
Car -1 -1 0.00 231 327 310 351 -1 -1 -1 -1000 -1000 -1000 -10 -1.01949
Car -1 -1 0.00 236 306 288 322 -1 -1 -1 -1000 -1000 -1000 -10 -1.02385
Car -1 -1 0.00 250 305 291 318 -1 -1 -1 -1000 -1000 -1000 -10 -1.02423
Car -1 -1 0.00 451 170 481 189 -1 -1 -1 -1000 -1000 -1000 -10 -1.02711
Car -1 -1 0.00 252 302 287 313 -1 -1 -1 -1000 -1000 -1000 -10 -1.02986
