Car -1 -1 0.00 676 182 753 234 -1 -1 -1 -1000 -1000 -1000 -10 2.08456
Car -1 -1 0.00 709 185 833 267 -1 -1 -1 -1000 -1000 -1000 -10 1.57899
Car -1 -1 0.00 753 188 1005 333 -1 -1 -1 -1000 -1000 -1000 -10 1.35
Car -1 -1 0.00 157 189 252 229 -1 -1 -1 -1000 -1000 -1000 -10 0.917319
Car -1 -1 0.00 229 191 289 221 -1 -1 -1 -1000 -1000 -1000 -10 0.380058
Car -1 -1 0.00 598 180 619 196 -1 -1 -1 -1000 -1000 -1000 -10 0.334478
Car -1 -1 0.00 369 183 406 205 -1 -1 -1 -1000 -1000 -1000 -10 0.31222
Car -1 -1 0.00 60 194 185 241 -1 -1 -1 -1000 -1000 -1000 -10 0.131463
Car -1 -1 0.00 413 181 440 199 -1 -1 -1 -1000 -1000 -1000 -10 -0.415557
Car -1 -1 0.00 437 182 468 196 -1 -1 -1 -1000 -1000 -1000 -10 -0.553907
Car -1 -1 0.00 552 169 582 192 -1 -1 -1 -1000 -1000 -1000 -10 -0.715039
Car -1 -1 0.00 1109 342 1142 363 -1 -1 -1 -1000 -1000 -1000 -10 -0.877919
Car -1 -1 0.00 180 137 213 163 -1 -1 -1 -1000 -1000 -1000 -10 -0.895097
Car -1 -1 0.00 695 190 899 266 -1 -1 -1 -1000 -1000 -1000 -10 -0.940443
Car -1 -1 0.00 656 183 709 221 -1 -1 -1 -1000 -1000 -1000 -10 -0.944255
Car -1 -1 0.00 242 110 268 131 -1 -1 -1 -1000 -1000 -1000 -10 -0.986069
Car -1 -1 0.00 626 186 655 209 -1 -1 -1 -1000 -1000 -1000 -10 -0.994062
Car -1 -1 0.00 1027 -6 1061 16 -1 -1 -1 -1000 -1000 -1000 -10 -0.995507
Car -1 -1 0.00 145 89 180 122 -1 -1 -1 -1000 -1000 -1000 -10 -1.00992
Car -1 -1 0.00 232 113 293 134 -1 -1 -1 -1000 -1000 -1000 -10 -1.02339
Car -1 -1 0.00 14 352 50 363 -1 -1 -1 -1000 -1000 -1000 -10 -1.02383
Car -1 -1 0.00 427 181 455 199 -1 -1 -1 -1000 -1000 -1000 -10 -1.02517
Car -1 -1 0.00 462 165 524 187 -1 -1 -1 -1000 -1000 -1000 -10 -1.02677
