Car -1 -1 0.00 505 168 543 199 -1 -1 -1 -1000 -1000 -1000 -10 0.87311
Car -1 -1 0.00 608 169 658 207 -1 -1 -1 -1000 -1000 -1000 -10 0.618519
Car -1 -1 0.00 745 187 1063 367 -1 -1 -1 -1000 -1000 -1000 -10 0.587203
Car -1 -1 0.00 179 180 309 286 -1 -1 -1 -1000 -1000 -1000 -10 -0.0158535
Car -1 -1 0.00 550 174 601 194 -1 -1 -1 -1000 -1000 -1000 -10 -0.156696
Car -1 -1 0.00 762 186 1069 369 -1 -1 -1 -1000 -1000 -1000 -10 -0.730005
Car -1 -1 0.00 293 174 422 233 -1 -1 -1 -1000 -1000 -1000 -10 -0.788622
Car -1 -1 0.00 400 171 492 210 -1 -1 -1 -1000 -1000 -1000 -10 -0.849789
Car -1 -1 0.00 1077 230 1105 247 -1 -1 -1 -1000 -1000 -1000 -10 -0.893785
Car -1 -1 0.00 1053 223 1086 244 -1 -1 -1 -1000 -1000 -1000 -10 -0.910037
Car -1 -1 0.00 1185 58 1214 70 -1 -1 -1 -1000 -1000 -1000 -10 -0.94443
Car -1 -1 0.00 514 109 559 153 -1 -1 -1 -1000 -1000 -1000 -10 -0.964587
Car -1 -1 0.00 819 172 860 196 -1 -1 -1 -1000 -1000 -1000 -10 -0.999547
Car -1 -1 0.00 981 150 1033 167 -1 -1 -1 -1000 -1000 -1000 -10 -1.00061
Car -1 -1 0.00 597 171 633 200 -1 -1 -1 -1000 -1000 -1000 -10 -1.00736
Car -1 -1 0.00 564 103 664 150 -1 -1 -1 -1000 -1000 -1000 -10 -1.01718
Car -1 -1 0.00 1017 97 1041 127 -1 -1 -1 -1000 -1000 -1000 -10 -1.02161
