Car -1 -1 0.00 407 187 480 245 -1 -1 -1 -1000 -1000 -1000 -10 0.32719
Car -1 -1 0.00 558 187 583 203 -1 -1 -1 -1000 -1000 -1000 -10 0.192784
Car -1 -1 0.00 701 190 872 262 -1 -1 -1 -1000 -1000 -1000 -10 -0.232926
Car -1 -1 0.00 1051 208 1188 263 -1 -1 -1 -1000 -1000 -1000 -10 -0.651964
Car -1 -1 0.00 694 193 722 206 -1 -1 -1 -1000 -1000 -1000 -10 -0.680421
Car -1 -1 0.00 428 186 500 218 -1 -1 -1 -1000 -1000 -1000 -10 -0.793683
Car -1 -1 0.00 1132 31 1167 54 -1 -1 -1 -1000 -1000 -1000 -10 -0.903637
Car -1 -1 0.00 883 237 935 292 -1 -1 -1 -1000 -1000 -1000 -10 -0.905113
Car -1 -1 0.00 921 284 958 315 -1 -1 -1 -1000 -1000 -1000 -10 -0.972513
Car -1 -1 0.00 469 187 518 205 -1 -1 -1 -1000 -1000 -1000 -10 -0.976607
Car -1 -1 0.00 773 244 825 266 -1 -1 -1 -1000 -1000 -1000 -10 -0.990991
Car -1 -1 0.00 1089 54 1120 70 -1 -1 -1 -1000 -1000 -1000 -10 -1.0298
