Car -1 -1 0.00 881 188 1030 240 -1 -1 -1 -1000 -1000 -1000 -10 1.57408
Car -1 -1 0.00 1041 180 1140 210 -1 -1 -1 -1000 -1000 -1000 -10 0.53067
Car -1 -1 0.00 393 24 428 47 -1 -1 -1 -1000 -1000 -1000 -10 -0.722823
Car -1 -1 0.00 59 193 98 240 -1 -1 -1 -1000 -1000 -1000 -10 -0.863435
Car -1 -1 0.00 7 352 39 374 -1 -1 -1 -1000 -1000 -1000 -10 -0.968106
Car -1 -1 0.00 580 -6 650 38 -1 -1 -1 -1000 -1000 -1000 -10 -0.988109
Car -1 -1 0.00 617 257 796 394 -1 -1 -1 -1000 -1000 -1000 -10 -0.993236
Car -1 -1 0.00 951 185 1071 231 -1 -1 -1 -1000 -1000 -1000 -10 -1.00966
Car -1 -1 0.00 399 29 503 98 -1 -1 -1 -1000 -1000 -1000 -10 -1.01064
Car -1 -1 0.00 1144 88 1173 115 -1 -1 -1 -1000 -1000 -1000 -10 -1.0216
Car -1 -1 0.00 804 321 830 350 -1 -1 -1 -1000 -1000 -1000 -10 -1.0279
