Car -1 -1 0.00 693 180 791 256 -1 -1 -1 -1000 -1000 -1000 -10 2.16036
Car -1 -1 0.00 740 181 926 293 -1 -1 -1 -1000 -1000 -1000 -10 1.62262
Car -1 -1 0.00 650 174 698 207 -1 -1 -1 -1000 -1000 -1000 -10 0.26887
Car -1 -1 0.00 483 166 561 202 -1 -1 -1 -1000 -1000 -1000 -10 -0.0276881
Car -1 -1 0.00 510 62 538 84 -1 -1 -1 -1000 -1000 -1000 -10 -0.656928
Car -1 -1 0.00 197 182 418 317 -1 -1 -1 -1000 -1000 -1000 -10 -0.697037
Car -1 -1 0.00 520 166 585 184 -1 -1 -1 -1000 -1000 -1000 -10 -0.883188
Car -1 -1 0.00 514 170 561 205 -1 -1 -1 -1000 -1000 -1000 -10 -0.897368
Car -1 -1 0.00 6 17 43 37 -1 -1 -1 -1000 -1000 -1000 -10 -0.903285
Car -1 -1 0.00 384 181 431 203 -1 -1 -1 -1000 -1000 -1000 -10 -0.982937
Car -1 -1 0.00 340 322 374 333 -1 -1 -1 -1000 -1000 -1000 -10 -0.989208
Car -1 -1 0.00 -12 212 347 379 -1 -1 -1 -1000 -1000 -1000 -10 -0.997408
Car -1 -1 0.00 408 26 435 49 -1 -1 -1 -1000 -1000 -1000 -10 -0.999353
