Car -1 -1 0.00 916 103 966 130 -1 -1 -1 -1000 -1000 -1000 -10 -0.835849
Car -1 -1 0.00 431 265 483 287 -1 -1 -1 -1000 -1000 -1000 -10 -0.84585
Car -1 -1 0.00 123 82 155 98 -1 -1 -1 -1000 -1000 -1000 -10 -0.848514
Car -1 -1 0.00 120 90 185 121 -1 -1 -1 -1000 -1000 -1000 -10 -0.883408
Car -1 -1 0.00 1138 206 1184 246 -1 -1 -1 -1000 -1000 -1000 -10 -0.933375
Car -1 -1 0.00 388 273 414 303 -1 -1 -1 -1000 -1000 -1000 -10 -0.977009
Car -1 -1 0.00 702 49 749 68 -1 -1 -1 -1000 -1000 -1000 -10 -0.98451
Car -1 -1 0.00 544 303 600 362 -1 -1 -1 -1000 -1000 -1000 -10 -1.00501
Car -1 -1 0.00 713 93 752 108 -1 -1 -1 -1000 -1000 -1000 -10 -1.00904
Car -1 -1 0.00 969 254 1014 279 -1 -1 -1 -1000 -1000 -1000 -10 -1.00991
