Car -1 -1 0.00 218 185 270 218 -1 -1 -1 -1000 -1000 -1000 -10 -0.146859
Car -1 -1 0.00 186 185 240 216 -1 -1 -1 -1000 -1000 -1000 -10 -0.22884
Car -1 -1 0.00 185 184 261 216 -1 -1 -1 -1000 -1000 -1000 -10 -0.298221
Car -1 -1 0.00 294 184 457 232 -1 -1 -1 -1000 -1000 -1000 -10 -0.727774
Car -1 -1 0.00 17 186 93 219 -1 -1 -1 -1000 -1000 -1000 -10 -0.730664
Car -1 -1 0.00 548 346 592 374 -1 -1 -1 -1000 -1000 -1000 -10 -0.979861
Car -1 -1 0.00 18 30 52 42 -1 -1 -1 -1000 -1000 -1000 -10 -0.99518
Car -1 -1 0.00 1233 180 1262 213 -1 -1 -1 -1000 -1000 -1000 -10 -1.00024
Car -1 -1 0.00 126 215 184 231 -1 -1 -1 -1000 -1000 -1000 -10 -1.00303
Car -1 -1 0.00 1233 223 1262 256 -1 -1 -1 -1000 -1000 -1000 -10 -1.00585
Car -1 -1 0.00 645 98 673 123 -1 -1 -1 -1000 -1000 -1000 -10 -1.01582
Car -1 -1 0.00 47 330 83 342 -1 -1 -1 -1000 -1000 -1000 -10 -1.01694
Car -1 -1 0.00 753 74 782 99 -1 -1 -1 -1000 -1000 -1000 -10 -1.02654
Car -1 -1 0.00 573 329 598 341 -1 -1 -1 -1000 -1000 -1000 -10 -1.02942
