Car -1 -1 0.00 691 179 792 251 -1 -1 -1 -1000 -1000 -1000 -10 2.42305
Car -1 -1 0.00 651 181 698 214 -1 -1 -1 -1000 -1000 -1000 -10 1.24408
Car -1 -1 0.00 237 152 496 262 -1 -1 -1 -1000 -1000 -1000 -10 0.250207
Car -1 -1 0.00 -64 174 312 354 -1 -1 -1 -1000 -1000 -1000 -10 -0.221767
Car -1 -1 0.00 987 285 1075 354 -1 -1 -1 -1000 -1000 -1000 -10 -0.461041
Car -1 -1 0.00 434 173 522 218 -1 -1 -1 -1000 -1000 -1000 -10 -0.524359
Car -1 -1 0.00 473 174 515 207 -1 -1 -1 -1000 -1000 -1000 -10 -0.732004
Car -1 -1 0.00 392 135 425 154 -1 -1 -1 -1000 -1000 -1000 -10 -0.816138
Car -1 -1 0.00 790 190 1188 362 -1 -1 -1 -1000 -1000 -1000 -10 -0.830603
Car -1 -1 0.00 619 173 641 190 -1 -1 -1 -1000 -1000 -1000 -10 -0.931768
Car -1 -1 0.00 520 362 547 387 -1 -1 -1 -1000 -1000 -1000 -10 -1.02155
Car -1 -1 0.00 54 107 86 130 -1 -1 -1 -1000 -1000 -1000 -10 -1.02199
