Car -1 -1 0.00 1078 290 1105 313 -1 -1 -1 -1000 -1000 -1000 -10 -0.957452
Car -1 -1 0.00 414 127 458 142 -1 -1 -1 -1000 -1000 -1000 -10 -0.964858
Car -1 -1 0.00 835 287 862 310 -1 -1 -1 -1000 -1000 -1000 -10 -0.992469
Car -1 -1 0.00 1024 317 1052 338 -1 -1 -1 -1000 -1000 -1000 -10 -0.995648
Car -1 -1 0.00 1193 230 1225 255 -1 -1 -1 -1000 -1000 -1000 -10 -1.00448
Car -1 -1 0.00 566 363 631 381 -1 -1 -1 -1000 -1000 -1000 -10 -1.01382
Car -1 -1 0.00 840 6 879 40 -1 -1 -1 -1000 -1000 -1000 -10 -1.01423
Car -1 -1 0.00 1131 269 1160 282 -1 -1 -1 -1000 -1000 -1000 -10 -1.02264
Car -1 -1 0.00 944 267 976 280 -1 -1 -1 -1000 -1000 -1000 -10 -1.024
Car -1 -1 0.00 920 199 973 253 -1 -1 -1 -1000 -1000 -1000 -10 -1.02537
Car -1 -1 0.00 1136 320 1170 352 -1 -1 -1 -1000 -1000 -1000 -10 -1.02653
Car -1 -1 0.00 925 340 962 370 -1 -1 -1 -1000 -1000 -1000 -10 -1.02881
