Car -1 -1 0.00 688 179 768 234 -1 -1 -1 -1000 -1000 -1000 -10 1.58078
Car -1 -1 0.00 598 173 624 198 -1 -1 -1 -1000 -1000 -1000 -10 1.32597
Car -1 -1 0.00 760 185 946 301 -1 -1 -1 -1000 -1000 -1000 -10 0.979383
Car -1 -1 0.00 673 178 717 218 -1 -1 -1 -1000 -1000 -1000 -10 -0.0311669
Car -1 -1 0.00 651 173 689 210 -1 -1 -1 -1000 -1000 -1000 -10 -0.287917
Car -1 -1 0.00 657 173 703 212 -1 -1 -1 -1000 -1000 -1000 -10 -0.606215
Car -1 -1 0.00 638 174 668 197 -1 -1 -1 -1000 -1000 -1000 -10 -0.652111
Car -1 -1 0.00 831 169 873 198 -1 -1 -1 -1000 -1000 -1000 -10 -0.835606
Car -1 -1 0.00 1014 -3 1157 28 -1 -1 -1 -1000 -1000 -1000 -10 -0.930185
Car -1 -1 0.00 725 109 765 143 -1 -1 -1 -1000 -1000 -1000 -10 -0.96422
Car -1 -1 0.00 1163 264 1197 286 -1 -1 -1 -1000 -1000 -1000 -10 -0.98237
Car -1 -1 0.00 225 186 250 211 -1 -1 -1 -1000 -1000 -1000 -10 -0.993042
Car -1 -1 0.00 420 333 459 361 -1 -1 -1 -1000 -1000 -1000 -10 -1.00277
