Car -1 -1 0.00 329 183 460 272 -1 -1 -1 -1000 -1000 -1000 -10 1.65449
Car -1 -1 0.00 90 159 162 190 -1 -1 -1 -1000 -1000 -1000 -10 1.14967
Car -1 -1 0.00 539 170 567 198 -1 -1 -1 -1000 -1000 -1000 -10 0.97315
Car -1 -1 0.00 575 172 599 191 -1 -1 -1 -1000 -1000 -1000 -10 0.605387
Car -1 -1 0.00 466 171 494 198 -1 -1 -1 -1000 -1000 -1000 -10 0.477992
Car -1 -1 0.00 620 148 647 174 -1 -1 -1 -1000 -1000 -1000 -10 -0.691995
Car -1 -1 0.00 467 171 496 197 -1 -1 -1 -1000 -1000 -1000 -10 -0.957494
Car -1 -1 0.00 564 158 592 170 -1 -1 -1 -1000 -1000 -1000 -10 -0.964337
Car -1 -1 0.00 1096 301 1123 323 -1 -1 -1 -1000 -1000 -1000 -10 -0.996647
Car -1 -1 0.00 447 79 528 101 -1 -1 -1 -1000 -1000 -1000 -10 -1.01099
Car -1 -1 0.00 767 151 794 183 -1 -1 -1 -1000 -1000 -1000 -10 -1.02224
Car -1 -1 0.00 220 131 336 174 -1 -1 -1 -1000 -1000 -1000 -10 -1.02912
