Car -1 -1 0.00 811 166 1151 311 -1 -1 -1 -1000 -1000 -1000 -10 0.947512
Car -1 -1 0.00 413 179 517 257 -1 -1 -1 -1000 -1000 -1000 -10 0.896112
Car -1 -1 0.00 124 165 437 373 -1 -1 -1 -1000 -1000 -1000 -10 0.768253
Car -1 -1 0.00 728 175 948 271 -1 -1 -1 -1000 -1000 -1000 -10 0.032875
Car -1 -1 0.00 563 182 614 196 -1 -1 -1 -1000 -1000 -1000 -10 -0.45365
Car -1 -1 0.00 656 183 747 224 -1 -1 -1 -1000 -1000 -1000 -10 -0.480598
Car -1 -1 0.00 917 160 1142 302 -1 -1 -1 -1000 -1000 -1000 -10 -0.678762
Car -1 -1 0.00 340 178 465 292 -1 -1 -1 -1000 -1000 -1000 -10 -0.728878
Car -1 -1 0.00 668 177 791 236 -1 -1 -1 -1000 -1000 -1000 -10 -0.781706
Car -1 -1 0.00 1127 172 1156 192 -1 -1 -1 -1000 -1000 -1000 -10 -0.802294
Car -1 -1 0.00 630 175 690 217 -1 -1 -1 -1000 -1000 -1000 -10 -0.877667
Car -1 -1 0.00 389 157 425 168 -1 -1 -1 -1000 -1000 -1000 -10 -0.904275
Car -1 -1 0.00 534 180 563 208 -1 -1 -1 -1000 -1000 -1000 -10 -0.917842
Car -1 -1 0.00 1129 293 1170 324 -1 -1 -1 -1000 -1000 -1000 -10 -0.942742
Car -1 -1 0.00 226 173 349 251 -1 -1 -1 -1000 -1000 -1000 -10 -0.949954
Car -1 -1 0.00 726 83 752 104 -1 -1 -1 -1000 -1000 -1000 -10 -0.952462
Car -1 -1 0.00 631 53 662 79 -1 -1 -1 -1000 -1000 -1000 -10 -0.968753
Car -1 -1 0.00 145 92 184 124 -1 -1 -1 -1000 -1000 -1000 -10 -0.976498
Car -1 -1 0.00 466 184 543 234 -1 -1 -1 -1000 -1000 -1000 -10 -0.979863
Car -1 -1 0.00 496 174 550 214 -1 -1 -1 -1000 -1000 -1000 -10 -0.987818
Car -1 -1 0.00 213 363 238 381 -1 -1 -1 -1000 -1000 -1000 -10 -0.990822
Car -1 -1 0.00 154 164 181 186 -1 -1 -1 -1000 -1000 -1000 -10 -1.00377
Car -1 -1 0.00 62 166 89 191 -1 -1 -1 -1000 -1000 -1000 -10 -1.01993
Car -1 -1 0.00 776 175 1090 303 -1 -1 -1 -1000 -1000 -1000 -10 -1.02117
