Car -1 -1 0.00 693 189 800 269 -1 -1 -1 -1000 -1000 -1000 -10 1.29906
Car -1 -1 0.00 569 178 614 198 -1 -1 -1 -1000 -1000 -1000 -10 0.671997
Car -1 -1 0.00 785 226 1122 372 -1 -1 -1 -1000 -1000 -1000 -10 -0.0899171
Car -1 -1 0.00 542 181 579 196 -1 -1 -1 -1000 -1000 -1000 -10 -0.10377
Car -1 -1 0.00 1123 323 1194 372 -1 -1 -1 -1000 -1000 -1000 -10 -0.777908
Car -1 -1 0.00 902 54 927 66 -1 -1 -1 -1000 -1000 -1000 -10 -0.832213
Car -1 -1 0.00 41 18 73 44 -1 -1 -1 -1000 -1000 -1000 -10 -0.869664
Car -1 -1 0.00 88 157 111 170 -1 -1 -1 -1000 -1000 -1000 -10 -0.917349
Car -1 -1 0.00 605 149 652 167 -1 -1 -1 -1000 -1000 -1000 -10 -0.92382
Car -1 -1 0.00 859 165 885 194 -1 -1 -1 -1000 -1000 -1000 -10 -0.965677
Car -1 -1 0.00 272 141 294 154 -1 -1 -1 -1000 -1000 -1000 -10 -1.00624
Car -1 -1 0.00 210 306 250 340 -1 -1 -1 -1000 -1000 -1000 -10 -1.01572
Car -1 -1 0.00 251 187 309 216 -1 -1 -1 -1000 -1000 -1000 -10 -1.02524
