Car -1 -1 0.00 304 183 350 225 -1 -1 -1 -1000 -1000 -1000 -10 1.55214
Car -1 -1 0.00 156 185 235 236 -1 -1 -1 -1000 -1000 -1000 -10 1.46717
Car -1 -1 0.00 562 167 759 265 -1 -1 -1 -1000 -1000 -1000 -10 1.43962
Car -1 -1 0.00 241 169 297 212 -1 -1 -1 -1000 -1000 -1000 -10 0.973552
Car -1 -1 0.00 385 178 450 221 -1 -1 -1 -1000 -1000 -1000 -10 0.826575
Car -1 -1 0.00 1000 118 1070 169 -1 -1 -1 -1000 -1000 -1000 -10 -0.538909
Car -1 -1 0.00 1172 116 1235 156 -1 -1 -1 -1000 -1000 -1000 -10 -0.784517
Car -1 -1 0.00 916 125 1006 178 -1 -1 -1 -1000 -1000 -1000 -10 -0.874309
Car -1 -1 0.00 247 192 294 211 -1 -1 -1 -1000 -1000 -1000 -10 -0.9089
Car -1 -1 0.00 1178 43 1204 65 -1 -1 -1 -1000 -1000 -1000 -10 -0.950413
Car -1 -1 0.00 889 204 952 233 -1 -1 -1 -1000 -1000 -1000 -10 -0.97999
Car -1 -1 0.00 93 132 121 158 -1 -1 -1 -1000 -1000 -1000 -10 -0.98117
Car -1 -1 0.00 767 270 803 281 -1 -1 -1 -1000 -1000 -1000 -10 -0.98878
Car -1 -1 0.00 1204 155 1230 176 -1 -1 -1 -1000 -1000 -1000 -10 -0.995699
Car -1 -1 0.00 925 139 1004 176 -1 -1 -1 -1000 -1000 -1000 -10 -0.997495
Car -1 -1 0.00 676 296 710 307 -1 -1 -1 -1000 -1000 -1000 -10 -1.00593
Car -1 -1 0.00 799 286 835 297 -1 -1 -1 -1000 -1000 -1000 -10 -1.00694
Car -1 -1 0.00 69 252 124 300 -1 -1 -1 -1000 -1000 -1000 -10 -1.00727
Car -1 -1 0.00 1054 124 1108 150 -1 -1 -1 -1000 -1000 -1000 -10 -1.01063
Car -1 -1 0.00 1088 122 1118 156 -1 -1 -1 -1000 -1000 -1000 -10 -1.01709
Car -1 -1 0.00 1166 120 1284 160 -1 -1 -1 -1000 -1000 -1000 -10 -1.0177
Car -1 -1 0.00 385 298 421 309 -1 -1 -1 -1000 -1000 -1000 -10 -1.02162
Car -1 -1 0.00 809 274 844 285 -1 -1 -1 -1000 -1000 -1000 -10 -1.02429
Car -1 -1 0.00 761 266 796 277 -1 -1 -1 -1000 -1000 -1000 -10 -1.02463
