Car -1 -1 0.00 230 186 408 250 -1 -1 -1 -1000 -1000 -1000 -10 0.759529
Car -1 -1 0.00 782 175 917 219 -1 -1 -1 -1000 -1000 -1000 -10 -0.138504
Car -1 -1 0.00 608 159 651 176 -1 -1 -1 -1000 -1000 -1000 -10 -0.336602
Car -1 -1 0.00 845 216 882 243 -1 -1 -1 -1000 -1000 -1000 -10 -0.904392
Car -1 -1 0.00 240 250 276 266 -1 -1 -1 -1000 -1000 -1000 -10 -0.96556
Car -1 -1 0.00 430 189 520 216 -1 -1 -1 -1000 -1000 -1000 -10 -0.971004
Car -1 -1 0.00 540 248 596 265 -1 -1 -1 -1000 -1000 -1000 -10 -0.975806
Car -1 -1 0.00 301 122 326 154 -1 -1 -1 -1000 -1000 -1000 -10 -0.979212
Car -1 -1 0.00 207 351 258 370 -1 -1 -1 -1000 -1000 -1000 -10 -1.00663
Car -1 -1 0.00 480 148 532 207 -1 -1 -1 -1000 -1000 -1000 -10 -1.01535
Car -1 -1 0.00 589 234 655 261 -1 -1 -1 -1000 -1000 -1000 -10 -1.02021
