Car -1 -1 0.00 -10 184 310 363 -1 -1 -1 -1000 -1000 -1000 -10 0.311493
Car -1 -1 0.00 971 201 1007 241 -1 -1 -1 -1000 -1000 -1000 -10 -0.628612
Car -1 -1 0.00 947 273 979 293 -1 -1 -1 -1000 -1000 -1000 -10 -0.906228
Car -1 -1 0.00 388 331 444 350 -1 -1 -1 -1000 -1000 -1000 -10 -0.972474
Car -1 -1 0.00 262 334 296 345 -1 -1 -1 -1000 -1000 -1000 -10 -0.994482
Car -1 -1 0.00 247 106 275 138 -1 -1 -1 -1000 -1000 -1000 -10 -0.995579
Car -1 -1 0.00 250 336 284 347 -1 -1 -1 -1000 -1000 -1000 -10 -0.999141
Car -1 -1 0.00 277 326 313 337 -1 -1 -1 -1000 -1000 -1000 -10 -1.01275
Car -1 -1 0.00 255 338 291 349 -1 -1 -1 -1000 -1000 -1000 -10 -1.02112
Car -1 -1 0.00 286 322 320 333 -1 -1 -1 -1000 -1000 -1000 -10 -1.02449
Car -1 -1 0.00 246 340 280 351 -1 -1 -1 -1000 -1000 -1000 -10 -1.02467
Car -1 -1 0.00 267 327 340 351 -1 -1 -1 -1000 -1000 -1000 -10 -1.02814
