Car -1 -1 0.00 689 188 795 257 -1 -1 -1 -1000 -1000 -1000 -10 2.1165
Car -1 -1 0.00 624 173 649 193 -1 -1 -1 -1000 -1000 -1000 -10 1.26061
Car -1 -1 0.00 213 177 432 264 -1 -1 -1 -1000 -1000 -1000 -10 0.980056
Car -1 -1 0.00 -9 165 291 327 -1 -1 -1 -1000 -1000 -1000 -10 0.427983
Car -1 -1 0.00 223 172 281 209 -1 -1 -1 -1000 -1000 -1000 -10 -0.658064
Car -1 -1 0.00 148 77 172 99 -1 -1 -1 -1000 -1000 -1000 -10 -0.950777
Car -1 -1 0.00 465 166 506 193 -1 -1 -1 -1000 -1000 -1000 -10 -0.990722
Car -1 -1 0.00 751 139 839 180 -1 -1 -1 -1000 -1000 -1000 -10 -0.993013
Car -1 -1 0.00 510 172 553 194 -1 -1 -1 -1000 -1000 -1000 -10 -1.00577
Car -1 -1 0.00 463 47 488 68 -1 -1 -1 -1000 -1000 -1000 -10 -1.01848
Car -1 -1 0.00 465 193 499 205 -1 -1 -1 -1000 -1000 -1000 -10 -1.01887
Car -1 -1 0.00 485 191 528 202 -1 -1 -1 -1000 -1000 -1000 -10 -1.02599
