Car -1 -1 0.00 454 173 562 244 -1 -1 -1 -1000 -1000 -1000 -10 1.0113
Car -1 -1 0.00 628 183 663 207 -1 -1 -1 -1000 -1000 -1000 -10 -0.350872
Car -1 -1 0.00 681 179 721 222 -1 -1 -1 -1000 -1000 -1000 -10 -0.385159
Car -1 -1 0.00 1011 161 1131 196 -1 -1 -1 -1000 -1000 -1000 -10 -0.844556
Car -1 -1 0.00 838 174 877 214 -1 -1 -1 -1000 -1000 -1000 -10 -0.884558
Car -1 -1 0.00 602 195 644 206 -1 -1 -1 -1000 -1000 -1000 -10 -0.936645
Car -1 -1 0.00 605 161 635 184 -1 -1 -1 -1000 -1000 -1000 -10 -0.972366
Car -1 -1 0.00 1039 186 1087 201 -1 -1 -1 -1000 -1000 -1000 -10 -0.974344
Car -1 -1 0.00 870 298 901 319 -1 -1 -1 -1000 -1000 -1000 -10 -1.02324
Car -1 -1 0.00 207 122 236 145 -1 -1 -1 -1000 -1000 -1000 -10 -1.02396
Car -1 -1 0.00 1182 80 1204 106 -1 -1 -1 -1000 -1000 -1000 -10 -1.02437
