Car -1 -1 0.00 544 185 583 215 -1 -1 -1 -1000 -1000 -1000 -10 2.09641
Car -1 -1 0.00 720 187 748 209 -1 -1 -1 -1000 -1000 -1000 -10 -0.767669
Car -1 -1 0.00 507 216 544 231 -1 -1 -1 -1000 -1000 -1000 -10 -0.936012
Car -1 -1 0.00 920 89 952 115 -1 -1 -1 -1000 -1000 -1000 -10 -0.942264
Car -1 -1 0.00 667 283 699 303 -1 -1 -1 -1000 -1000 -1000 -10 -0.944445
Car -1 -1 0.00 217 146 245 159 -1 -1 -1 -1000 -1000 -1000 -10 -0.956299
Car -1 -1 0.00 667 246 695 272 -1 -1 -1 -1000 -1000 -1000 -10 -0.963606
Car -1 -1 0.00 353 121 379 134 -1 -1 -1 -1000 -1000 -1000 -10 -0.975296
Car -1 -1 0.00 165 89 189 117 -1 -1 -1 -1000 -1000 -1000 -10 -0.985493
Car -1 -1 0.00 433 201 466 226 -1 -1 -1 -1000 -1000 -1000 -10 -0.997977
Car -1 -1 0.00 710 -22 773 40 -1 -1 -1 -1000 -1000 -1000 -10 -1.00584
Car -1 -1 0.00 1065 5 1097 26 -1 -1 -1 -1000 -1000 -1000 -10 -1.00662
Car -1 -1 0.00 1171 354 1196 366 -1 -1 -1 -1000 -1000 -1000 -10 -1.01755
