Car -1 -1 0.00 513 179 542 201 -1 -1 -1 -1000 -1000 -1000 -10 1.14091
Car -1 -1 0.00 541 176 564 193 -1 -1 -1 -1000 -1000 -1000 -10 0.014816
Car -1 -1 0.00 603 178 627 199 -1 -1 -1 -1000 -1000 -1000 -10 -0.336139
Car -1 -1 0.00 172 195 334 270 -1 -1 -1 -1000 -1000 -1000 -10 -0.4977
Car -1 -1 0.00 568 178 591 189 -1 -1 -1 -1000 -1000 -1000 -10 -0.734036
Car -1 -1 0.00 163 -2 271 43 -1 -1 -1 -1000 -1000 -1000 -10 -0.831449
Car -1 -1 0.00 1001 138 1051 184 -1 -1 -1 -1000 -1000 -1000 -10 -0.915373
Car -1 -1 0.00 466 270 496 293 -1 -1 -1 -1000 -1000 -1000 -10 -0.958693
Car -1 -1 0.00 532 196 581 226 -1 -1 -1 -1000 -1000 -1000 -10 -0.966598
Car -1 -1 0.00 435 182 473 212 -1 -1 -1 -1000 -1000 -1000 -10 -0.977427
Car -1 -1 0.00 774 109 803 148 -1 -1 -1 -1000 -1000 -1000 -10 -0.982721
Car -1 -1 0.00 111 213 132 242 -1 -1 -1 -1000 -1000 -1000 -10 -0.988425
Car -1 -1 0.00 147 193 327 256 -1 -1 -1 -1000 -1000 -1000 -10 -0.988687
Car -1 -1 0.00 241 191 335 262 -1 -1 -1 -1000 -1000 -1000 -10 -0.989369
Car -1 -1 0.00 67 317 94 352 -1 -1 -1 -1000 -1000 -1000 -10 -0.998809
Car -1 -1 0.00 465 97 491 118 -1 -1 -1 -1000 -1000 -1000 -10 -1.00162
Car -1 -1 0.00 344 19 371 44 -1 -1 -1 -1000 -1000 -1000 -10 -1.0084
Car -1 -1 0.00 654 96 702 134 -1 -1 -1 -1000 -1000 -1000 -10 -1.01091
Car -1 -1 0.00 662 7 687 37 -1 -1 -1 -1000 -1000 -1000 -10 -1.01232
Car -1 -1 0.00 106 64 140 101 -1 -1 -1 -1000 -1000 -1000 -10 -1.01624
Car -1 -1 0.00 745 324 770 351 -1 -1 -1 -1000 -1000 -1000 -10 -1.01656
Car -1 -1 0.00 421 315 458 337 -1 -1 -1 -1000 -1000 -1000 -10 -1.02085
Car -1 -1 0.00 437 290 469 324 -1 -1 -1 -1000 -1000 -1000 -10 -1.0252
Car -1 -1 0.00 437 284 474 295 -1 -1 -1 -1000 -1000 -1000 -10 -1.02902
