Car -1 -1 0.00 732 175 759 193 -1 -1 -1 -1000 -1000 -1000 -10 -0.291718
Car -1 -1 0.00 872 127 1084 211 -1 -1 -1 -1000 -1000 -1000 -10 -0.550715
Car -1 -1 0.00 772 172 822 201 -1 -1 -1 -1000 -1000 -1000 -10 -0.654618
Car -1 -1 0.00 1065 222 1107 232 -1 -1 -1 -1000 -1000 -1000 -10 -0.926832
Car -1 -1 0.00 14 3 46 27 -1 -1 -1 -1000 -1000 -1000 -10 -0.956737
Car -1 -1 0.00 731 170 785 192 -1 -1 -1 -1000 -1000 -1000 -10 -0.968234
Car -1 -1 0.00 480 326 521 344 -1 -1 -1 -1000 -1000 -1000 -10 -0.978584
Car -1 -1 0.00 752 169 791 193 -1 -1 -1 -1000 -1000 -1000 -10 -0.980247
Car -1 -1 0.00 891 257 933 275 -1 -1 -1 -1000 -1000 -1000 -10 -0.984005
Car -1 -1 0.00 1090 273 1148 315 -1 -1 -1 -1000 -1000 -1000 -10 -1.01331
Car -1 -1 0.00 272 292 309 309 -1 -1 -1 -1000 -1000 -1000 -10 -1.01408
Car -1 -1 0.00 210 232 250 262 -1 -1 -1 -1000 -1000 -1000 -10 -1.0267
