Car -1 -1 0.00 449 183 515 230 -1 -1 -1 -1000 -1000 -1000 -10 1.41685
Car -1 -1 0.00 355 176 395 199 -1 -1 -1 -1000 -1000 -1000 -10 0.528343
Car -1 -1 0.00 125 176 274 228 -1 -1 -1 -1000 -1000 -1000 -10 0.0926333
Car -1 -1 0.00 561 168 594 203 -1 -1 -1 -1000 -1000 -1000 -10 -0.177297
Car -1 -1 0.00 825 51 852 73 -1 -1 -1 -1000 -1000 -1000 -10 -0.873646
Car -1 -1 0.00 19 342 48 363 -1 -1 -1 -1000 -1000 -1000 -10 -0.921481
Car -1 -1 0.00 84 178 292 272 -1 -1 -1 -1000 -1000 -1000 -10 -0.938085
Car -1 -1 0.00 105 30 131 56 -1 -1 -1 -1000 -1000 -1000 -10 -0.958935
Car -1 -1 0.00 102 182 321 246 -1 -1 -1 -1000 -1000 -1000 -10 -1.00673
Car -1 -1 0.00 657 99 706 115 -1 -1 -1 -1000 -1000 -1000 -10 -1.0197
