Car -1 -1 0.00 573 174 620 205 -1 -1 -1 -1000 -1000 -1000 -10 1.65426
Car -1 -1 0.00 660 167 697 199 -1 -1 -1 -1000 -1000 -1000 -10 0.436434
Car -1 -1 0.00 1161 87 1190 111 -1 -1 -1 -1000 -1000 -1000 -10 -0.945904
Car -1 -1 0.00 19 91 50 118 -1 -1 -1 -1000 -1000 -1000 -10 -0.959718
Car -1 -1 0.00 67 221 114 251 -1 -1 -1 -1000 -1000 -1000 -10 -0.962272
Car -1 -1 0.00 105 50 129 77 -1 -1 -1 -1000 -1000 -1000 -10 -0.998892
Car -1 -1 0.00 102 11 139 52 -1 -1 -1 -1000 -1000 -1000 -10 -1.00366
Car -1 -1 0.00 131 81 183 98 -1 -1 -1 -1000 -1000 -1000 -10 -1.0136
Car -1 -1 0.00 137 174 168 189 -1 -1 -1 -1000 -1000 -1000 -10 -1.01518
Car -1 -1 0.00 220 123 245 151 -1 -1 -1 -1000 -1000 -1000 -10 -1.02004
Car -1 -1 0.00 864 340 908 374 -1 -1 -1 -1000 -1000 -1000 -10 -1.02158
Car -1 -1 0.00 19 165 43 186 -1 -1 -1 -1000 -1000 -1000 -10 -1.0278
Car -1 -1 0.00 907 104 943 116 -1 -1 -1 -1000 -1000 -1000 -10 -1.02901
