Car -1 -1 0.00 233 194 398 286 -1 -1 -1 -1000 -1000 -1000 -10 1.14788
Car -1 -1 0.00 411 185 486 234 -1 -1 -1 -1000 -1000 -1000 -10 1.03524
Car -1 -1 0.00 539 169 566 193 -1 -1 -1 -1000 -1000 -1000 -10 0.26864
Car -1 -1 0.00 135 178 292 247 -1 -1 -1 -1000 -1000 -1000 -10 -0.348873
Car -1 -1 0.00 339 186 426 264 -1 -1 -1 -1000 -1000 -1000 -10 -0.53191
Car -1 -1 0.00 1104 312 1132 327 -1 -1 -1 -1000 -1000 -1000 -10 -0.781161
Car -1 -1 0.00 61 181 211 247 -1 -1 -1 -1000 -1000 -1000 -10 -0.844207
Car -1 -1 0.00 498 179 519 196 -1 -1 -1 -1000 -1000 -1000 -10 -0.97264
Car -1 -1 0.00 839 317 862 338 -1 -1 -1 -1000 -1000 -1000 -10 -0.983159
Car -1 -1 0.00 1146 142 1175 154 -1 -1 -1 -1000 -1000 -1000 -10 -1.00965
Car -1 -1 0.00 1050 104 1085 120 -1 -1 -1 -1000 -1000 -1000 -10 -1.02023
Car -1 -1 0.00 633 146 664 170 -1 -1 -1 -1000 -1000 -1000 -10 -1.02766
