Car -1 -1 0.00 940 335 1040 369 -1 -1 -1 -1000 -1000 -1000 -10 -0.792044
Car -1 -1 0.00 791 116 833 133 -1 -1 -1 -1000 -1000 -1000 -10 -0.867978
Car -1 -1 0.00 298 312 323 323 -1 -1 -1 -1000 -1000 -1000 -10 -0.921246
Car -1 -1 0.00 1022 91 1131 123 -1 -1 -1 -1000 -1000 -1000 -10 -0.922971
Car -1 -1 0.00 104 90 188 127 -1 -1 -1 -1000 -1000 -1000 -10 -0.934791
Car -1 -1 0.00 250 123 305 151 -1 -1 -1 -1000 -1000 -1000 -10 -0.958355
Car -1 -1 0.00 442 169 470 183 -1 -1 -1 -1000 -1000 -1000 -10 -0.984874
Car -1 -1 0.00 325 21 366 34 -1 -1 -1 -1000 -1000 -1000 -10 -0.99526
Car -1 -1 0.00 664 172 721 216 -1 -1 -1 -1000 -1000 -1000 -10 -0.998358
Car -1 -1 0.00 764 207 790 228 -1 -1 -1 -1000 -1000 -1000 -10 -1.01241
Car -1 -1 0.00 515 305 539 331 -1 -1 -1 -1000 -1000 -1000 -10 -1.01997
Car -1 -1 0.00 372 268 415 282 -1 -1 -1 -1000 -1000 -1000 -10 -1.02076
Car -1 -1 0.00 870 92 910 109 -1 -1 -1 -1000 -1000 -1000 -10 -1.02322
Car -1 -1 0.00 553 262 624 342 -1 -1 -1 -1000 -1000 -1000 -10 -1.02727
