Car -1 -1 0.00 431 265 484 287 -1 -1 -1 -1000 -1000 -1000 -10 -0.761307
Car -1 -1 0.00 120 90 184 121 -1 -1 -1 -1000 -1000 -1000 -10 -0.880534
Car -1 -1 0.00 121 82 151 97 -1 -1 -1 -1000 -1000 -1000 -10 -0.941759
Car -1 -1 0.00 1139 206 1184 246 -1 -1 -1 -1000 -1000 -1000 -10 -0.968043
Car -1 -1 0.00 488 282 523 320 -1 -1 -1 -1000 -1000 -1000 -10 -0.990854
Car -1 -1 0.00 70 141 107 159 -1 -1 -1 -1000 -1000 -1000 -10 -1.01144
Car -1 -1 0.00 314 264 358 284 -1 -1 -1 -1000 -1000 -1000 -10 -1.01849
Car -1 -1 0.00 189 69 250 100 -1 -1 -1 -1000 -1000 -1000 -10 -1.02315
Car -1 -1 0.00 614 -37 705 43 -1 -1 -1 -1000 -1000 -1000 -10 -1.02385
Car -1 -1 0.00 545 302 599 362 -1 -1 -1 -1000 -1000 -1000 -10 -1.025
Car -1 -1 0.00 691 188 730 217 -1 -1 -1 -1000 -1000 -1000 -10 -1.02559
Car -1 -1 0.00 970 253 1014 279 -1 -1 -1 -1000 -1000 -1000 -10 -1.02815
