Car -1 -1 0.00 107 198 207 238 -1 -1 -1 -1000 -1000 -1000 -10 1.82468
Car -1 -1 0.00 482 178 517 206 -1 -1 -1 -1000 -1000 -1000 -10 1.12074
Car -1 -1 0.00 584 173 618 202 -1 -1 -1 -1000 -1000 -1000 -10 0.330303
Car -1 -1 0.00 481 187 515 206 -1 -1 -1 -1000 -1000 -1000 -10 -0.571801
Car -1 -1 0.00 771 195 848 253 -1 -1 -1 -1000 -1000 -1000 -10 -0.759344
Car -1 -1 0.00 796 170 832 197 -1 -1 -1 -1000 -1000 -1000 -10 -0.87925
Car -1 -1 0.00 265 233 321 280 -1 -1 -1 -1000 -1000 -1000 -10 -0.976162
Car -1 -1 0.00 186 87 211 107 -1 -1 -1 -1000 -1000 -1000 -10 -0.979147
Car -1 -1 0.00 272 263 328 321 -1 -1 -1 -1000 -1000 -1000 -10 -0.984477
Car -1 -1 0.00 137 173 161 198 -1 -1 -1 -1000 -1000 -1000 -10 -1.00266
Car -1 -1 0.00 136 89 196 138 -1 -1 -1 -1000 -1000 -1000 -10 -1.00445
Car -1 -1 0.00 923 249 994 271 -1 -1 -1 -1000 -1000 -1000 -10 -1.02387
