Car -1 -1 0.00 305 177 419 249 -1 -1 -1 -1000 -1000 -1000 -10 2.34989
Car -1 -1 0.00 452 174 501 209 -1 -1 -1 -1000 -1000 -1000 -10 0.966608
Car -1 -1 0.00 510 171 536 195 -1 -1 -1 -1000 -1000 -1000 -10 -0.291953
Car -1 -1 0.00 593 176 617 196 -1 -1 -1 -1000 -1000 -1000 -10 -0.54587
Car -1 -1 0.00 -38 191 251 353 -1 -1 -1 -1000 -1000 -1000 -10 -0.887235
Car -1 -1 0.00 832 352 875 371 -1 -1 -1 -1000 -1000 -1000 -10 -0.956701
Car -1 -1 0.00 932 161 969 194 -1 -1 -1 -1000 -1000 -1000 -10 -0.967372
Car -1 -1 0.00 430 168 466 180 -1 -1 -1 -1000 -1000 -1000 -10 -0.968263
Car -1 -1 0.00 1083 321 1193 375 -1 -1 -1 -1000 -1000 -1000 -10 -0.979626
Car -1 -1 0.00 993 151 1021 171 -1 -1 -1 -1000 -1000 -1000 -10 -0.982765
Car -1 -1 0.00 574 207 639 221 -1 -1 -1 -1000 -1000 -1000 -10 -0.998213
Car -1 -1 0.00 528 170 576 182 -1 -1 -1 -1000 -1000 -1000 -10 -1.0034
Car -1 -1 0.00 361 301 385 313 -1 -1 -1 -1000 -1000 -1000 -10 -1.00701
Car -1 -1 0.00 530 326 556 337 -1 -1 -1 -1000 -1000 -1000 -10 -1.01482
