Car -1 -1 0.00 315 164 489 290 -1 -1 -1 -1000 -1000 -1000 -10 2.26608
Car -1 -1 0.00 209 172 288 209 -1 -1 -1 -1000 -1000 -1000 -10 1.57483
Car -1 -1 0.00 696 183 778 233 -1 -1 -1 -1000 -1000 -1000 -10 1.23165
Car -1 -1 0.00 423 176 518 245 -1 -1 -1 -1000 -1000 -1000 -10 1.09784
Car -1 -1 0.00 527 174 560 201 -1 -1 -1 -1000 -1000 -1000 -10 0.757866
Car -1 -1 0.00 646 178 675 200 -1 -1 -1 -1000 -1000 -1000 -10 -0.205226
Car -1 -1 0.00 313 170 356 201 -1 -1 -1 -1000 -1000 -1000 -10 -0.288796
Car -1 -1 0.00 1137 186 1241 235 -1 -1 -1 -1000 -1000 -1000 -10 -0.715661
Car -1 -1 0.00 602 174 632 185 -1 -1 -1 -1000 -1000 -1000 -10 -0.817265
Car -1 -1 0.00 994 190 1023 202 -1 -1 -1 -1000 -1000 -1000 -10 -0.901494
Car -1 -1 0.00 47 232 123 293 -1 -1 -1 -1000 -1000 -1000 -10 -0.905207
Car -1 -1 0.00 544 171 570 193 -1 -1 -1 -1000 -1000 -1000 -10 -0.930323
Car -1 -1 0.00 994 148 1021 163 -1 -1 -1 -1000 -1000 -1000 -10 -0.948201
Car -1 -1 0.00 411 138 450 172 -1 -1 -1 -1000 -1000 -1000 -10 -0.969191
Car -1 -1 0.00 91 114 127 125 -1 -1 -1 -1000 -1000 -1000 -10 -1.00939
Car -1 -1 0.00 1196 105 1235 142 -1 -1 -1 -1000 -1000 -1000 -10 -1.00985
Car -1 -1 0.00 188 44 241 70 -1 -1 -1 -1000 -1000 -1000 -10 -1.01504
Car -1 -1 0.00 243 303 284 316 -1 -1 -1 -1000 -1000 -1000 -10 -1.02407
Car -1 -1 0.00 455 228 485 263 -1 -1 -1 -1000 -1000 -1000 -10 -1.02865
