Car -1 -1 0.00 702 49 750 68 -1 -1 -1 -1000 -1000 -1000 -10 -0.729397
Car -1 -1 0.00 431 265 483 287 -1 -1 -1 -1000 -1000 -1000 -10 -0.827854
Car -1 -1 0.00 120 90 185 121 -1 -1 -1 -1000 -1000 -1000 -10 -0.833797
Car -1 -1 0.00 1139 206 1184 246 -1 -1 -1 -1000 -1000 -1000 -10 -0.946519
Car -1 -1 0.00 121 82 151 97 -1 -1 -1 -1000 -1000 -1000 -10 -0.948705
Car -1 -1 0.00 388 273 414 303 -1 -1 -1 -1000 -1000 -1000 -10 -0.985752
Car -1 -1 0.00 488 281 523 320 -1 -1 -1 -1000 -1000 -1000 -10 -0.992825
Car -1 -1 0.00 1167 106 1197 138 -1 -1 -1 -1000 -1000 -1000 -10 -0.999137
Car -1 -1 0.00 877 162 909 186 -1 -1 -1 -1000 -1000 -1000 -10 -1.01217
Car -1 -1 0.00 970 253 1014 278 -1 -1 -1 -1000 -1000 -1000 -10 -1.01755
Car -1 -1 0.00 96 87 161 161 -1 -1 -1 -1000 -1000 -1000 -10 -1.02389
