Car -1 -1 0.00 274 181 351 241 -1 -1 -1 -1000 -1000 -1000 -10 1.59244
Car -1 -1 0.00 480 178 585 219 -1 -1 -1 -1000 -1000 -1000 -10 0.860753
Car -1 -1 0.00 379 177 438 200 -1 -1 -1 -1000 -1000 -1000 -10 -0.60105
Car -1 -1 0.00 1167 297 1231 342 -1 -1 -1 -1000 -1000 -1000 -10 -0.835954
Car -1 -1 0.00 486 185 599 218 -1 -1 -1 -1000 -1000 -1000 -10 -0.900791
Car -1 -1 0.00 116 41 153 84 -1 -1 -1 -1000 -1000 -1000 -10 -0.909924
Car -1 -1 0.00 29 102 55 130 -1 -1 -1 -1000 -1000 -1000 -10 -0.923854
Car -1 -1 0.00 877 17 962 73 -1 -1 -1 -1000 -1000 -1000 -10 -0.944163
Car -1 -1 0.00 47 142 76 164 -1 -1 -1 -1000 -1000 -1000 -10 -0.951401
Car -1 -1 0.00 1212 36 1242 58 -1 -1 -1 -1000 -1000 -1000 -10 -0.999312
Car -1 -1 0.00 846 220 958 253 -1 -1 -1 -1000 -1000 -1000 -10 -1.00843
Car -1 -1 0.00 837 48 865 72 -1 -1 -1 -1000 -1000 -1000 -10 -1.00903
Car -1 -1 0.00 837 207 866 224 -1 -1 -1 -1000 -1000 -1000 -10 -1.01057
Car -1 -1 0.00 115 70 166 124 -1 -1 -1 -1000 -1000 -1000 -10 -1.01207
Car -1 -1 0.00 13 34 79 56 -1 -1 -1 -1000 -1000 -1000 -10 -1.01374
Car -1 -1 0.00 240 112 279 127 -1 -1 -1 -1000 -1000 -1000 -10 -1.01793
Car -1 -1 0.00 851 331 1050 379 -1 -1 -1 -1000 -1000 -1000 -10 -1.01941
Car -1 -1 0.00 129 21 161 54 -1 -1 -1 -1000 -1000 -1000 -10 -1.02785
