Car -1 -1 0.00 666 177 735 229 -1 -1 -1 -1000 -1000 -1000 -10 1.88169
Car -1 -1 0.00 719 183 918 316 -1 -1 -1 -1000 -1000 -1000 -10 1.62134
Car -1 -1 0.00 290 176 471 240 -1 -1 -1 -1000 -1000 -1000 -10 1.39706
Car -1 -1 0.00 397 178 516 222 -1 -1 -1 -1000 -1000 -1000 -10 0.426595
Car -1 -1 0.00 523 173 571 192 -1 -1 -1 -1000 -1000 -1000 -10 -0.472867
Car -1 -1 0.00 599 173 625 185 -1 -1 -1 -1000 -1000 -1000 -10 -0.662763
Car -1 -1 0.00 468 170 540 203 -1 -1 -1 -1000 -1000 -1000 -10 -0.704282
Car -1 -1 0.00 885 218 1144 338 -1 -1 -1 -1000 -1000 -1000 -10 -0.767874
Car -1 -1 0.00 336 185 475 237 -1 -1 -1 -1000 -1000 -1000 -10 -0.777342
Car -1 -1 0.00 640 169 688 212 -1 -1 -1 -1000 -1000 -1000 -10 -0.885295
Car -1 -1 0.00 -2 139 52 208 -1 -1 -1 -1000 -1000 -1000 -10 -0.916909
Car -1 -1 0.00 874 301 900 327 -1 -1 -1 -1000 -1000 -1000 -10 -0.927745
Car -1 -1 0.00 406 165 461 182 -1 -1 -1 -1000 -1000 -1000 -10 -0.940324
Car -1 -1 0.00 26 56 64 73 -1 -1 -1 -1000 -1000 -1000 -10 -0.981301
Car -1 -1 0.00 261 10 296 48 -1 -1 -1 -1000 -1000 -1000 -10 -1.01389
Car -1 -1 0.00 -2 159 54 211 -1 -1 -1 -1000 -1000 -1000 -10 -1.01391
