Car -1 -1 0.00 694 184 790 255 -1 -1 -1 -1000 -1000 -1000 -10 2.35921
Car -1 -1 0.00 252 167 483 267 -1 -1 -1 -1000 -1000 -1000 -10 1.51097
Car -1 -1 0.00 750 153 1157 369 -1 -1 -1 -1000 -1000 -1000 -10 0.63051
Car -1 -1 0.00 620 178 645 197 -1 -1 -1 -1000 -1000 -1000 -10 0.219897
Car -1 -1 0.00 605 178 644 197 -1 -1 -1 -1000 -1000 -1000 -10 -0.319684
Car -1 -1 0.00 452 179 557 222 -1 -1 -1 -1000 -1000 -1000 -10 -0.723896
Car -1 -1 0.00 6 323 33 344 -1 -1 -1 -1000 -1000 -1000 -10 -0.871362
Car -1 -1 0.00 488 231 515 258 -1 -1 -1 -1000 -1000 -1000 -10 -0.879173
Car -1 -1 0.00 1112 247 1141 267 -1 -1 -1 -1000 -1000 -1000 -10 -0.886641
Car -1 -1 0.00 767 220 794 239 -1 -1 -1 -1000 -1000 -1000 -10 -0.97325
Car -1 -1 0.00 871 171 1112 251 -1 -1 -1 -1000 -1000 -1000 -10 -0.978903
Car -1 -1 0.00 245 165 291 179 -1 -1 -1 -1000 -1000 -1000 -10 -1.01401
