Car -1 -1 0.00 722 163 784 223 -1 -1 -1 -1000 -1000 -1000 -10 1.01317
Car -1 -1 0.00 60 101 86 129 -1 -1 -1 -1000 -1000 -1000 -10 -0.968889
Car -1 -1 0.00 545 -2 609 18 -1 -1 -1 -1000 -1000 -1000 -10 -0.977865
Car -1 -1 0.00 774 306 800 325 -1 -1 -1 -1000 -1000 -1000 -10 -0.982396
Car -1 -1 0.00 821 -2 889 19 -1 -1 -1 -1000 -1000 -1000 -10 -0.987464
Car -1 -1 0.00 453 267 493 289 -1 -1 -1 -1000 -1000 -1000 -10 -0.997706
Car -1 -1 0.00 577 -3 668 26 -1 -1 -1 -1000 -1000 -1000 -10 -1.00373
Car -1 -1 0.00 867 146 927 215 -1 -1 -1 -1000 -1000 -1000 -10 -1.00799
Car -1 -1 0.00 543 -2 641 27 -1 -1 -1 -1000 -1000 -1000 -10 -1.01236
Car -1 -1 0.00 1199 84 1228 117 -1 -1 -1 -1000 -1000 -1000 -10 -1.01394
Car -1 -1 0.00 611 -2 674 18 -1 -1 -1 -1000 -1000 -1000 -10 -1.01745
Car -1 -1 0.00 849 -2 914 18 -1 -1 -1 -1000 -1000 -1000 -10 -1.01918
Car -1 -1 0.00 594 -3 704 32 -1 -1 -1 -1000 -1000 -1000 -10 -1.02669
Car -1 -1 0.00 751 -2 820 18 -1 -1 -1 -1000 -1000 -1000 -10 -1.02996
