Car -1 -1 0.00 571 178 651 251 -1 -1 -1 -1000 -1000 -1000 -10 0.780214
Car -1 -1 0.00 377 180 436 207 -1 -1 -1 -1000 -1000 -1000 -10 0.731138
Car -1 -1 0.00 536 172 560 193 -1 -1 -1 -1000 -1000 -1000 -10 0.25268
Car -1 -1 0.00 373 177 413 206 -1 -1 -1 -1000 -1000 -1000 -10 -0.63154
Car -1 -1 0.00 157 211 187 243 -1 -1 -1 -1000 -1000 -1000 -10 -0.815077
Car -1 -1 0.00 931 322 989 352 -1 -1 -1 -1000 -1000 -1000 -10 -0.886777
Car -1 -1 0.00 745 353 786 382 -1 -1 -1 -1000 -1000 -1000 -10 -0.893213
Car -1 -1 0.00 1057 313 1090 353 -1 -1 -1 -1000 -1000 -1000 -10 -0.931298
Car -1 -1 0.00 510 171 543 193 -1 -1 -1 -1000 -1000 -1000 -10 -0.948738
Car -1 -1 0.00 928 322 965 340 -1 -1 -1 -1000 -1000 -1000 -10 -0.948844
Car -1 -1 0.00 655 166 698 198 -1 -1 -1 -1000 -1000 -1000 -10 -0.959718
Car -1 -1 0.00 499 7 525 35 -1 -1 -1 -1000 -1000 -1000 -10 -0.963039
Car -1 -1 0.00 694 255 793 327 -1 -1 -1 -1000 -1000 -1000 -10 -0.973168
Car -1 -1 0.00 721 308 751 339 -1 -1 -1 -1000 -1000 -1000 -10 -0.992261
Car -1 -1 0.00 865 10 922 47 -1 -1 -1 -1000 -1000 -1000 -10 -0.999965
Car -1 -1 0.00 863 47 895 83 -1 -1 -1 -1000 -1000 -1000 -10 -1.01579
