Car -1 -1 0.00 726 192 977 285 -1 -1 -1 -1000 -1000 -1000 -10 0.374676
Car -1 -1 0.00 392 192 431 224 -1 -1 -1 -1000 -1000 -1000 -10 0.137974
Car -1 -1 0.00 363 193 408 235 -1 -1 -1 -1000 -1000 -1000 -10 -0.303716
Car -1 -1 0.00 720 187 916 272 -1 -1 -1 -1000 -1000 -1000 -10 -0.34078
Car -1 -1 0.00 264 186 400 268 -1 -1 -1 -1000 -1000 -1000 -10 -0.541968
Car -1 -1 0.00 933 186 1124 334 -1 -1 -1 -1000 -1000 -1000 -10 -0.547615
Car -1 -1 0.00 595 184 702 231 -1 -1 -1 -1000 -1000 -1000 -10 -0.573028
Car -1 -1 0.00 692 182 823 275 -1 -1 -1 -1000 -1000 -1000 -10 -0.721747
Car -1 -1 0.00 916 194 1015 264 -1 -1 -1 -1000 -1000 -1000 -10 -0.8799
Car -1 -1 0.00 1082 192 1210 250 -1 -1 -1 -1000 -1000 -1000 -10 -0.889178
Car -1 -1 0.00 774 184 848 237 -1 -1 -1 -1000 -1000 -1000 -10 -0.892272
Car -1 -1 0.00 243 235 268 258 -1 -1 -1 -1000 -1000 -1000 -10 -0.902134
Car -1 -1 0.00 254 322 297 333 -1 -1 -1 -1000 -1000 -1000 -10 -1.01064
Car -1 -1 0.00 812 186 855 230 -1 -1 -1 -1000 -1000 -1000 -10 -1.01535
