Car -1 -1 0.00 533 190 627 233 -1 -1 -1 -1000 -1000 -1000 -10 0.158222
Car -1 -1 0.00 399 180 439 208 -1 -1 -1 -1000 -1000 -1000 -10 -0.344573
Car -1 -1 0.00 447 183 487 216 -1 -1 -1 -1000 -1000 -1000 -10 -0.398385
Car -1 -1 0.00 698 212 727 232 -1 -1 -1 -1000 -1000 -1000 -10 -0.522922
Car -1 -1 0.00 427 184 483 215 -1 -1 -1 -1000 -1000 -1000 -10 -0.730559
Car -1 -1 0.00 66 165 143 201 -1 -1 -1 -1000 -1000 -1000 -10 -0.801775
Car -1 -1 0.00 477 173 565 228 -1 -1 -1 -1000 -1000 -1000 -10 -0.809362
Car -1 -1 0.00 832 100 880 119 -1 -1 -1 -1000 -1000 -1000 -10 -0.911075
Car -1 -1 0.00 69 182 104 201 -1 -1 -1 -1000 -1000 -1000 -10 -0.959634
Car -1 -1 0.00 838 37 877 68 -1 -1 -1 -1000 -1000 -1000 -10 -0.984131
Car -1 -1 0.00 979 280 1050 337 -1 -1 -1 -1000 -1000 -1000 -10 -0.984517
Car -1 -1 0.00 858 218 889 236 -1 -1 -1 -1000 -1000 -1000 -10 -0.985426
Car -1 -1 0.00 435 185 504 216 -1 -1 -1 -1000 -1000 -1000 -10 -0.991118
Car -1 -1 0.00 691 44 721 75 -1 -1 -1 -1000 -1000 -1000 -10 -0.997908
Car -1 -1 0.00 1001 275 1129 374 -1 -1 -1 -1000 -1000 -1000 -10 -1.01682
Car -1 -1 0.00 188 177 225 186 -1 -1 -1 -1000 -1000 -1000 -10 -1.01733
