Car -1 -1 0.00 501 181 538 206 -1 -1 -1 -1000 -1000 -1000 -10 1.82265
Car -1 -1 0.00 608 179 634 201 -1 -1 -1 -1000 -1000 -1000 -10 0.663928
Car -1 -1 0.00 543 178 565 196 -1 -1 -1 -1000 -1000 -1000 -10 0.587911
Car -1 -1 0.00 155 205 213 232 -1 -1 -1 -1000 -1000 -1000 -10 -0.687622
Car -1 -1 0.00 7 341 54 369 -1 -1 -1 -1000 -1000 -1000 -10 -0.827178
Car -1 -1 0.00 479 182 521 207 -1 -1 -1 -1000 -1000 -1000 -10 -0.864564
Car -1 -1 0.00 25 66 84 92 -1 -1 -1 -1000 -1000 -1000 -10 -0.948058
Car -1 -1 0.00 174 290 196 317 -1 -1 -1 -1000 -1000 -1000 -10 -0.968162
Car -1 -1 0.00 800 127 827 166 -1 -1 -1 -1000 -1000 -1000 -10 -0.968356
Car -1 -1 0.00 1098 30 1129 55 -1 -1 -1 -1000 -1000 -1000 -10 -0.97309
Car -1 -1 0.00 383 234 426 283 -1 -1 -1 -1000 -1000 -1000 -10 -0.986505
Car -1 -1 0.00 58 169 88 185 -1 -1 -1 -1000 -1000 -1000 -10 -0.994904
Car -1 -1 0.00 455 280 480 308 -1 -1 -1 -1000 -1000 -1000 -10 -0.99608
Car -1 -1 0.00 816 127 1025 201 -1 -1 -1 -1000 -1000 -1000 -10 -1.00861
Car -1 -1 0.00 429 -2 464 32 -1 -1 -1 -1000 -1000 -1000 -10 -1.01911
Car -1 -1 0.00 1196 53 1235 69 -1 -1 -1 -1000 -1000 -1000 -10 -1.01937
Car -1 -1 0.00 1128 86 1193 137 -1 -1 -1 -1000 -1000 -1000 -10 -1.02212
Car -1 -1 0.00 351 160 434 247 -1 -1 -1 -1000 -1000 -1000 -10 -1.02575
Car -1 -1 0.00 112 117 139 139 -1 -1 -1 -1000 -1000 -1000 -10 -1.02845
