Car -1 -1 0.00 713 183 833 274 -1 -1 -1 -1000 -1000 -1000 -10 0.861783
Car -1 -1 0.00 299 186 366 233 -1 -1 -1 -1000 -1000 -1000 -10 -0.298706
Car -1 -1 0.00 346 185 536 267 -1 -1 -1 -1000 -1000 -1000 -10 -0.476823
Car -1 -1 0.00 973 346 1019 376 -1 -1 -1 -1000 -1000 -1000 -10 -0.633906
Car -1 -1 0.00 97 131 142 165 -1 -1 -1 -1000 -1000 -1000 -10 -0.733933
Car -1 -1 0.00 667 175 700 206 -1 -1 -1 -1000 -1000 -1000 -10 -0.76369
Car -1 -1 0.00 1033 88 1077 124 -1 -1 -1 -1000 -1000 -1000 -10 -0.91201
Car -1 -1 0.00 758 163 784 184 -1 -1 -1 -1000 -1000 -1000 -10 -0.914584
Car -1 -1 0.00 423 184 533 266 -1 -1 -1 -1000 -1000 -1000 -10 -0.970387
Car -1 -1 0.00 218 171 267 192 -1 -1 -1 -1000 -1000 -1000 -10 -1.02425
Car -1 -1 0.00 1158 308 1293 367 -1 -1 -1 -1000 -1000 -1000 -10 -1.02772
