Car -1 -1 0.00 647 177 716 226 -1 -1 -1 -1000 -1000 -1000 -10 1.50647
Car -1 -1 0.00 149 189 274 254 -1 -1 -1 -1000 -1000 -1000 -10 0.674651
Car -1 -1 0.00 626 175 663 202 -1 -1 -1 -1000 -1000 -1000 -10 -0.34449
Car -1 -1 0.00 390 227 416 243 -1 -1 -1 -1000 -1000 -1000 -10 -0.465775
Car -1 -1 0.00 246 179 418 242 -1 -1 -1 -1000 -1000 -1000 -10 -0.78282
Car -1 -1 0.00 782 110 828 143 -1 -1 -1 -1000 -1000 -1000 -10 -0.845945
Car -1 -1 0.00 705 115 746 163 -1 -1 -1 -1000 -1000 -1000 -10 -0.96058
Car -1 -1 0.00 448 227 481 257 -1 -1 -1 -1000 -1000 -1000 -10 -0.982238
Car -1 -1 0.00 66 261 139 282 -1 -1 -1 -1000 -1000 -1000 -10 -0.997132
Car -1 -1 0.00 863 65 931 80 -1 -1 -1 -1000 -1000 -1000 -10 -0.997415
Car -1 -1 0.00 564 87 598 111 -1 -1 -1 -1000 -1000 -1000 -10 -1.00629
Car -1 -1 0.00 1100 7 1125 24 -1 -1 -1 -1000 -1000 -1000 -10 -1.01794
Car -1 -1 0.00 643 89 703 158 -1 -1 -1 -1000 -1000 -1000 -10 -1.02894
