Car -1 -1 0.00 668 176 739 229 -1 -1 -1 -1000 -1000 -1000 -10 2.20299
Car -1 -1 0.00 698 183 843 282 -1 -1 -1 -1000 -1000 -1000 -10 1.46496
Car -1 -1 0.00 430 174 458 190 -1 -1 -1 -1000 -1000 -1000 -10 1.0275
Car -1 -1 0.00 81 169 208 223 -1 -1 -1 -1000 -1000 -1000 -10 0.895354
Car -1 -1 0.00 579 167 648 235 -1 -1 -1 -1000 -1000 -1000 -10 0.781052
Car -1 -1 0.00 766 187 1058 372 -1 -1 -1 -1000 -1000 -1000 -10 0.0659226
Car -1 -1 0.00 638 174 668 198 -1 -1 -1 -1000 -1000 -1000 -10 -0.63678
Car -1 -1 0.00 453 167 493 191 -1 -1 -1 -1000 -1000 -1000 -10 -0.754784
Car -1 -1 0.00 759 250 842 310 -1 -1 -1 -1000 -1000 -1000 -10 -0.850413
Car -1 -1 0.00 951 208 1039 245 -1 -1 -1 -1000 -1000 -1000 -10 -0.874323
Car -1 -1 0.00 637 206 667 231 -1 -1 -1 -1000 -1000 -1000 -10 -0.893134
Car -1 -1 0.00 74 249 163 276 -1 -1 -1 -1000 -1000 -1000 -10 -0.901532
Car -1 -1 0.00 38 117 79 146 -1 -1 -1 -1000 -1000 -1000 -10 -0.905176
Car -1 -1 0.00 362 173 394 198 -1 -1 -1 -1000 -1000 -1000 -10 -0.920193
Car -1 -1 0.00 81 144 106 168 -1 -1 -1 -1000 -1000 -1000 -10 -0.924911
Car -1 -1 0.00 750 198 1056 313 -1 -1 -1 -1000 -1000 -1000 -10 -0.93327
Car -1 -1 0.00 58 117 97 149 -1 -1 -1 -1000 -1000 -1000 -10 -0.939982
Car -1 -1 0.00 82 244 170 268 -1 -1 -1 -1000 -1000 -1000 -10 -0.957986
Car -1 -1 0.00 75 252 192 285 -1 -1 -1 -1000 -1000 -1000 -10 -0.977576
Car -1 -1 0.00 107 245 191 267 -1 -1 -1 -1000 -1000 -1000 -10 -0.996725
Car -1 -1 0.00 1141 256 1171 289 -1 -1 -1 -1000 -1000 -1000 -10 -0.999558
Car -1 -1 0.00 583 134 613 145 -1 -1 -1 -1000 -1000 -1000 -10 -1.0156
Car -1 -1 0.00 49 253 140 282 -1 -1 -1 -1000 -1000 -1000 -10 -1.01861
Car -1 -1 0.00 30 73 124 117 -1 -1 -1 -1000 -1000 -1000 -10 -1.02393
Car -1 -1 0.00 1190 261 1216 289 -1 -1 -1 -1000 -1000 -1000 -10 -1.02588
