Car -1 -1 0.00 859 175 958 215 -1 -1 -1 -1000 -1000 -1000 -10 0.0147425
Car -1 -1 0.00 663 174 842 249 -1 -1 -1 -1000 -1000 -1000 -10 -0.119939
Car -1 -1 0.00 780 183 904 235 -1 -1 -1 -1000 -1000 -1000 -10 -0.442552
Car -1 -1 0.00 678 173 881 252 -1 -1 -1 -1000 -1000 -1000 -10 -0.556811
Car -1 -1 0.00 921 180 989 208 -1 -1 -1 -1000 -1000 -1000 -10 -0.889179
Car -1 -1 0.00 60 136 89 164 -1 -1 -1 -1000 -1000 -1000 -10 -0.940788
Car -1 -1 0.00 375 198 404 224 -1 -1 -1 -1000 -1000 -1000 -10 -0.976536
Car -1 -1 0.00 837 180 947 234 -1 -1 -1 -1000 -1000 -1000 -10 -0.997178
Car -1 -1 0.00 1063 214 1118 253 -1 -1 -1 -1000 -1000 -1000 -10 -0.998922
Car -1 -1 0.00 641 98 664 120 -1 -1 -1 -1000 -1000 -1000 -10 -1.00822
Car -1 -1 0.00 813 153 842 168 -1 -1 -1 -1000 -1000 -1000 -10 -1.01329
Car -1 -1 0.00 849 62 893 110 -1 -1 -1 -1000 -1000 -1000 -10 -1.01329
