Car -1 -1 0.00 1179 230 1205 249 -1 -1 -1 -1000 -1000 -1000 -10 -0.584196
Car -1 -1 0.00 702 52 741 67 -1 -1 -1 -1000 -1000 -1000 -10 -0.891503
Car -1 -1 0.00 552 277 588 315 -1 -1 -1 -1000 -1000 -1000 -10 -0.942636
Car -1 -1 0.00 951 334 1046 369 -1 -1 -1 -1000 -1000 -1000 -10 -0.962408
Car -1 -1 0.00 417 114 463 140 -1 -1 -1 -1000 -1000 -1000 -10 -0.964471
Car -1 -1 0.00 166 250 200 281 -1 -1 -1 -1000 -1000 -1000 -10 -0.979959
Car -1 -1 0.00 104 295 129 314 -1 -1 -1 -1000 -1000 -1000 -10 -0.987753
Car -1 -1 0.00 550 289 604 343 -1 -1 -1 -1000 -1000 -1000 -10 -1.00157
Car -1 -1 0.00 515 305 539 330 -1 -1 -1 -1000 -1000 -1000 -10 -1.00303
Car -1 -1 0.00 722 106 746 124 -1 -1 -1 -1000 -1000 -1000 -10 -1.01139
Car -1 -1 0.00 1021 92 1139 122 -1 -1 -1 -1000 -1000 -1000 -10 -1.01317
