Car -1 -1 0.00 464 181 556 239 -1 -1 -1 -1000 -1000 -1000 -10 2.23054
Car -1 -1 0.00 603 174 660 227 -1 -1 -1 -1000 -1000 -1000 -10 1.22528
Car -1 -1 0.00 532 178 585 216 -1 -1 -1 -1000 -1000 -1000 -10 1.01672
Car -1 -1 0.00 567 178 602 207 -1 -1 -1 -1000 -1000 -1000 -10 0.570059
Car -1 -1 0.00 1110 186 1242 224 -1 -1 -1 -1000 -1000 -1000 -10 -0.843413
Car -1 -1 0.00 1079 125 1149 159 -1 -1 -1 -1000 -1000 -1000 -10 -0.9265
Car -1 -1 0.00 79 196 336 368 -1 -1 -1 -1000 -1000 -1000 -10 -0.957945
Car -1 -1 0.00 46 -3 111 37 -1 -1 -1 -1000 -1000 -1000 -10 -0.973619
Car -1 -1 0.00 798 218 839 254 -1 -1 -1 -1000 -1000 -1000 -10 -0.977677
Car -1 -1 0.00 1178 161 1214 174 -1 -1 -1 -1000 -1000 -1000 -10 -0.987281
Car -1 -1 0.00 430 195 484 218 -1 -1 -1 -1000 -1000 -1000 -10 -0.989854
Car -1 -1 0.00 1221 109 1256 122 -1 -1 -1 -1000 -1000 -1000 -10 -1.00866
Car -1 -1 0.00 1082 244 1109 272 -1 -1 -1 -1000 -1000 -1000 -10 -1.0195
Car -1 -1 0.00 378 166 428 212 -1 -1 -1 -1000 -1000 -1000 -10 -1.02787
