Car -1 -1 0.00 487 143 536 170 -1 -1 -1 -1000 -1000 -1000 -10 1.58232
Car -1 -1 0.00 717 149 787 215 -1 -1 -1 -1000 -1000 -1000 -10 1.53116
Car -1 -1 0.00 821 166 949 256 -1 -1 -1 -1000 -1000 -1000 -10 1.28895
Car -1 -1 0.00 67 147 203 200 -1 -1 -1 -1000 -1000 -1000 -10 0.856769
Car -1 -1 0.00 379 147 451 182 -1 -1 -1 -1000 -1000 -1000 -10 0.761117
Car -1 -1 0.00 141 131 281 191 -1 -1 -1 -1000 -1000 -1000 -10 0.230936
Car -1 -1 0.00 912 197 1114 343 -1 -1 -1 -1000 -1000 -1000 -10 -0.00679381
Car -1 -1 0.00 801 159 866 207 -1 -1 -1 -1000 -1000 -1000 -10 -0.0910024
Car -1 -1 0.00 829 162 931 251 -1 -1 -1 -1000 -1000 -1000 -10 -0.235442
Car -1 -1 0.00 430 146 491 176 -1 -1 -1 -1000 -1000 -1000 -10 -0.313105
Car -1 -1 0.00 228 321 286 364 -1 -1 -1 -1000 -1000 -1000 -10 -0.725566
Car -1 -1 0.00 789 142 818 166 -1 -1 -1 -1000 -1000 -1000 -10 -0.737769
Car -1 -1 0.00 438 142 491 175 -1 -1 -1 -1000 -1000 -1000 -10 -0.81913
Car -1 -1 0.00 22 150 99 206 -1 -1 -1 -1000 -1000 -1000 -10 -0.824794
Car -1 -1 0.00 262 296 310 329 -1 -1 -1 -1000 -1000 -1000 -10 -0.872661
Car -1 -1 0.00 761 348 793 374 -1 -1 -1 -1000 -1000 -1000 -10 -0.976362
Car -1 -1 0.00 119 104 154 134 -1 -1 -1 -1000 -1000 -1000 -10 -0.997077
Car -1 -1 0.00 488 141 538 172 -1 -1 -1 -1000 -1000 -1000 -10 -0.998554
Car -1 -1 0.00 908 348 933 368 -1 -1 -1 -1000 -1000 -1000 -10 -1.01951
Car -1 -1 0.00 111 310 148 322 -1 -1 -1 -1000 -1000 -1000 -10 -1.02637
