Car -1 -1 0.00 90 189 157 217 -1 -1 -1 -1000 -1000 -1000 -10 0.60517
Car -1 -1 0.00 -2 198 73 237 -1 -1 -1 -1000 -1000 -1000 -10 -0.20242
Car -1 -1 0.00 264 156 367 205 -1 -1 -1 -1000 -1000 -1000 -10 -0.542876
Car -1 -1 0.00 148 191 205 215 -1 -1 -1 -1000 -1000 -1000 -10 -0.572632
Car -1 -1 0.00 889 45 926 67 -1 -1 -1 -1000 -1000 -1000 -10 -0.950833
Car -1 -1 0.00 381 152 418 179 -1 -1 -1 -1000 -1000 -1000 -10 -0.961708
Car -1 -1 0.00 848 139 877 168 -1 -1 -1 -1000 -1000 -1000 -10 -1.00886
Car -1 -1 0.00 1125 262 1151 278 -1 -1 -1 -1000 -1000 -1000 -10 -1.01575
Car -1 -1 0.00 327 236 358 271 -1 -1 -1 -1000 -1000 -1000 -10 -1.0295
Car -1 -1 0.00 579 179 633 193 -1 -1 -1 -1000 -1000 -1000 -10 -1.02995
