Car -1 -1 0.00 426 165 483 202 -1 -1 -1 -1000 -1000 -1000 -10 1.45201
Car -1 -1 0.00 152 164 338 248 -1 -1 -1 -1000 -1000 -1000 -10 0.956285
Car -1 -1 0.00 550 164 579 181 -1 -1 -1 -1000 -1000 -1000 -10 0.751671
Car -1 -1 0.00 310 158 407 208 -1 -1 -1 -1000 -1000 -1000 -10 0.222352
Car -1 -1 0.00 218 65 246 92 -1 -1 -1 -1000 -1000 -1000 -10 -0.762839
Car -1 -1 0.00 301 155 399 217 -1 -1 -1 -1000 -1000 -1000 -10 -0.838264
Car -1 -1 0.00 518 164 552 186 -1 -1 -1 -1000 -1000 -1000 -10 -0.839004
Car -1 -1 0.00 550 164 597 182 -1 -1 -1 -1000 -1000 -1000 -10 -0.863537
Car -1 -1 0.00 253 167 336 197 -1 -1 -1 -1000 -1000 -1000 -10 -0.865082
Car -1 -1 0.00 651 150 677 170 -1 -1 -1 -1000 -1000 -1000 -10 -0.892068
Car -1 -1 0.00 411 168 455 195 -1 -1 -1 -1000 -1000 -1000 -10 -0.896886
Car -1 -1 0.00 410 177 436 194 -1 -1 -1 -1000 -1000 -1000 -10 -0.91841
Car -1 -1 0.00 1092 11 1228 54 -1 -1 -1 -1000 -1000 -1000 -10 -0.94992
Car -1 -1 0.00 567 163 595 179 -1 -1 -1 -1000 -1000 -1000 -10 -0.961137
Car -1 -1 0.00 1042 162 1073 184 -1 -1 -1 -1000 -1000 -1000 -10 -0.984386
Car -1 -1 0.00 -1 108 73 133 -1 -1 -1 -1000 -1000 -1000 -10 -1.0162
