Car -1 -1 0.00 401 134 442 149 -1 -1 -1 -1000 -1000 -1000 -10 -0.850469
Car -1 -1 0.00 412 76 458 110 -1 -1 -1 -1000 -1000 -1000 -10 -0.858692
Car -1 -1 0.00 1199 277 1226 297 -1 -1 -1 -1000 -1000 -1000 -10 -0.905191
Car -1 -1 0.00 1099 298 1127 318 -1 -1 -1 -1000 -1000 -1000 -10 -0.906137
Car -1 -1 0.00 1005 93 1039 110 -1 -1 -1 -1000 -1000 -1000 -10 -0.94697
Car -1 -1 0.00 271 76 302 108 -1 -1 -1 -1000 -1000 -1000 -10 -0.954325
Car -1 -1 0.00 1138 303 1168 328 -1 -1 -1 -1000 -1000 -1000 -10 -0.962718
Car -1 -1 0.00 1150 324 1174 347 -1 -1 -1 -1000 -1000 -1000 -10 -0.989256
Car -1 -1 0.00 955 251 1018 314 -1 -1 -1 -1000 -1000 -1000 -10 -0.99145
Car -1 -1 0.00 1102 310 1156 363 -1 -1 -1 -1000 -1000 -1000 -10 -1.00852
Car -1 -1 0.00 976 112 1041 137 -1 -1 -1 -1000 -1000 -1000 -10 -1.01149
