Car -1 -1 0.00 618 170 659 208 -1 -1 -1 -1000 -1000 -1000 -10 0.418018
Car -1 -1 0.00 194 308 226 331 -1 -1 -1 -1000 -1000 -1000 -10 -0.724587
Car -1 -1 0.00 380 191 423 224 -1 -1 -1 -1000 -1000 -1000 -10 -0.749451
Car -1 -1 0.00 1182 119 1206 131 -1 -1 -1 -1000 -1000 -1000 -10 -0.886982
Car -1 -1 0.00 410 173 482 209 -1 -1 -1 -1000 -1000 -1000 -10 -0.889378
Car -1 -1 0.00 1075 66 1180 102 -1 -1 -1 -1000 -1000 -1000 -10 -0.922851
Car -1 -1 0.00 198 55 226 81 -1 -1 -1 -1000 -1000 -1000 -10 -0.926792
Car -1 -1 0.00 1033 54 1117 88 -1 -1 -1 -1000 -1000 -1000 -10 -0.937174
Car -1 -1 0.00 805 57 837 84 -1 -1 -1 -1000 -1000 -1000 -10 -0.99251
Car -1 -1 0.00 766 330 810 369 -1 -1 -1 -1000 -1000 -1000 -10 -1.01018
