Car -1 -1 0.00 799 173 947 217 -1 -1 -1 -1000 -1000 -1000 -10 0.9171
Car -1 -1 0.00 476 175 658 237 -1 -1 -1 -1000 -1000 -1000 -10 0.578558
Car -1 -1 0.00 -1 157 370 318 -1 -1 -1 -1000 -1000 -1000 -10 0.507326
Car -1 -1 0.00 620 179 672 200 -1 -1 -1 -1000 -1000 -1000 -10 0.455323
Car -1 -1 0.00 415 176 563 218 -1 -1 -1 -1000 -1000 -1000 -10 0.301085
Car -1 -1 0.00 1060 168 1193 208 -1 -1 -1 -1000 -1000 -1000 -10 -0.303284
Car -1 -1 0.00 627 176 670 197 -1 -1 -1 -1000 -1000 -1000 -10 -0.397607
Car -1 -1 0.00 804 172 951 217 -1 -1 -1 -1000 -1000 -1000 -10 -0.513338
Car -1 -1 0.00 410 177 461 205 -1 -1 -1 -1000 -1000 -1000 -10 -0.631813
Car -1 -1 0.00 857 212 919 227 -1 -1 -1 -1000 -1000 -1000 -10 -0.753212
Car -1 -1 0.00 1053 179 1206 227 -1 -1 -1 -1000 -1000 -1000 -10 -0.943613
Car -1 -1 0.00 1115 -3 1152 22 -1 -1 -1 -1000 -1000 -1000 -10 -1.00956
Car -1 -1 0.00 1014 244 1043 267 -1 -1 -1 -1000 -1000 -1000 -10 -1.00984
Car -1 -1 0.00 327 71 355 100 -1 -1 -1 -1000 -1000 -1000 -10 -1.01185
Car -1 -1 0.00 207 170 371 294 -1 -1 -1 -1000 -1000 -1000 -10 -1.01333
Car -1 -1 0.00 992 298 1016 319 -1 -1 -1 -1000 -1000 -1000 -10 -1.02485
