Car -1 -1 0.00 213 183 335 227 -1 -1 -1 -1000 -1000 -1000 -10 0.814384
Car -1 -1 0.00 503 179 604 215 -1 -1 -1 -1000 -1000 -1000 -10 0.350828
Car -1 -1 0.00 858 169 1007 213 -1 -1 -1 -1000 -1000 -1000 -10 -0.133074
Car -1 -1 0.00 208 176 358 226 -1 -1 -1 -1000 -1000 -1000 -10 -0.472225
Car -1 -1 0.00 985 170 1062 210 -1 -1 -1 -1000 -1000 -1000 -10 -0.746199
Car -1 -1 0.00 91 172 156 203 -1 -1 -1 -1000 -1000 -1000 -10 -0.844753
Car -1 -1 0.00 14 186 61 208 -1 -1 -1 -1000 -1000 -1000 -10 -0.877357
Car -1 -1 0.00 27 55 51 73 -1 -1 -1 -1000 -1000 -1000 -10 -0.9499
Car -1 -1 0.00 440 81 469 95 -1 -1 -1 -1000 -1000 -1000 -10 -0.96448
Car -1 -1 0.00 255 125 284 146 -1 -1 -1 -1000 -1000 -1000 -10 -0.988036
Car -1 -1 0.00 889 132 925 173 -1 -1 -1 -1000 -1000 -1000 -10 -0.998311
Car -1 -1 0.00 1085 224 1112 245 -1 -1 -1 -1000 -1000 -1000 -10 -1.00029
Car -1 -1 0.00 832 93 858 112 -1 -1 -1 -1000 -1000 -1000 -10 -1.00104
Car -1 -1 0.00 634 216 672 249 -1 -1 -1 -1000 -1000 -1000 -10 -1.00372
Car -1 -1 0.00 262 67 329 114 -1 -1 -1 -1000 -1000 -1000 -10 -1.00933
Car -1 -1 0.00 1010 148 1054 162 -1 -1 -1 -1000 -1000 -1000 -10 -1.01411
Car -1 -1 0.00 171 157 198 180 -1 -1 -1 -1000 -1000 -1000 -10 -1.01725
Car -1 -1 0.00 2 267 40 279 -1 -1 -1 -1000 -1000 -1000 -10 -1.02714
