Car -1 -1 0.00 871 175 894 192 -1 -1 -1 -1000 -1000 -1000 -10 0.0201688
Car -1 -1 0.00 942 172 964 190 -1 -1 -1 -1000 -1000 -1000 -10 -0.0121406
Car -1 -1 0.00 964 89 1000 129 -1 -1 -1 -1000 -1000 -1000 -10 -0.617917
Car -1 -1 0.00 696 184 730 200 -1 -1 -1 -1000 -1000 -1000 -10 -0.655357
Car -1 -1 0.00 908 162 940 184 -1 -1 -1 -1000 -1000 -1000 -10 -0.805351
Car -1 -1 0.00 881 170 908 189 -1 -1 -1 -1000 -1000 -1000 -10 -0.913135
Car -1 -1 0.00 839 191 1050 330 -1 -1 -1 -1000 -1000 -1000 -10 -0.989352
Car -1 -1 0.00 1063 100 1097 111 -1 -1 -1 -1000 -1000 -1000 -10 -0.999573
Car -1 -1 0.00 1038 158 1100 189 -1 -1 -1 -1000 -1000 -1000 -10 -1.01292
Car -1 -1 0.00 1151 150 1179 179 -1 -1 -1 -1000 -1000 -1000 -10 -1.01319
Car -1 -1 0.00 493 172 517 183 -1 -1 -1 -1000 -1000 -1000 -10 -1.01395
Car -1 -1 0.00 111 71 214 121 -1 -1 -1 -1000 -1000 -1000 -10 -1.01958
Car -1 -1 0.00 245 177 273 197 -1 -1 -1 -1000 -1000 -1000 -10 -1.0285
