Car -1 -1 0.00 300 177 467 303 -1 -1 -1 -1000 -1000 -1000 -10 1.01015
Car -1 -1 0.00 743 171 998 268 -1 -1 -1 -1000 -1000 -1000 -10 0.388539
Car -1 -1 0.00 450 181 527 244 -1 -1 -1 -1000 -1000 -1000 -10 0.355113
Car -1 -1 0.00 698 175 857 251 -1 -1 -1 -1000 -1000 -1000 -10 -0.0849008
Car -1 -1 0.00 647 174 772 232 -1 -1 -1 -1000 -1000 -1000 -10 -0.466242
Car -1 -1 0.00 580 179 629 194 -1 -1 -1 -1000 -1000 -1000 -10 -0.790618
Car -1 -1 0.00 920 248 1020 291 -1 -1 -1 -1000 -1000 -1000 -10 -0.884905
Car -1 -1 0.00 387 110 417 135 -1 -1 -1 -1000 -1000 -1000 -10 -0.917202
Car -1 -1 0.00 125 167 210 219 -1 -1 -1 -1000 -1000 -1000 -10 -0.955022
Car -1 -1 0.00 192 103 216 124 -1 -1 -1 -1000 -1000 -1000 -10 -0.984223
Car -1 -1 0.00 462 175 549 243 -1 -1 -1 -1000 -1000 -1000 -10 -1.00293
Car -1 -1 0.00 1173 153 1207 167 -1 -1 -1 -1000 -1000 -1000 -10 -1.01029
Car -1 -1 0.00 840 343 881 375 -1 -1 -1 -1000 -1000 -1000 -10 -1.0192
Car -1 -1 0.00 612 197 638 223 -1 -1 -1 -1000 -1000 -1000 -10 -1.02148
Car -1 -1 0.00 536 179 565 206 -1 -1 -1 -1000 -1000 -1000 -10 -1.02435
