Car -1 -1 0.00 625 169 804 234 -1 -1 -1 -1000 -1000 -1000 -10 2.09293
Car -1 -1 0.00 600 182 633 204 -1 -1 -1 -1000 -1000 -1000 -10 1.09791
Car -1 -1 0.00 1017 173 1044 193 -1 -1 -1 -1000 -1000 -1000 -10 -0.74218
Car -1 -1 0.00 1113 176 1140 188 -1 -1 -1 -1000 -1000 -1000 -10 -0.933423
Car -1 -1 0.00 1015 -3 1173 63 -1 -1 -1 -1000 -1000 -1000 -10 -0.957859
Car -1 -1 0.00 1156 90 1186 110 -1 -1 -1 -1000 -1000 -1000 -10 -0.959986
Car -1 -1 0.00 91 194 116 221 -1 -1 -1 -1000 -1000 -1000 -10 -0.98053
Car -1 -1 0.00 1212 175 1235 200 -1 -1 -1 -1000 -1000 -1000 -10 -0.982368
Car -1 -1 0.00 1085 56 1114 72 -1 -1 -1 -1000 -1000 -1000 -10 -0.993933
Car -1 -1 0.00 1137 229 1175 245 -1 -1 -1 -1000 -1000 -1000 -10 -1.00572
Car -1 -1 0.00 422 129 491 154 -1 -1 -1 -1000 -1000 -1000 -10 -1.00845
Car -1 -1 0.00 1207 224 1234 236 -1 -1 -1 -1000 -1000 -1000 -10 -1.0232
