Car -1 -1 0.00 794 166 891 197 -1 -1 -1 -1000 -1000 -1000 -10 0.279973
Car -1 -1 0.00 838 161 919 194 -1 -1 -1 -1000 -1000 -1000 -10 -0.024585
Car -1 -1 0.00 1201 184 1232 208 -1 -1 -1 -1000 -1000 -1000 -10 -0.877186
Car -1 -1 0.00 178 80 234 119 -1 -1 -1 -1000 -1000 -1000 -10 -0.878397
Car -1 -1 0.00 72 187 180 221 -1 -1 -1 -1000 -1000 -1000 -10 -0.882973
Car -1 -1 0.00 140 188 180 216 -1 -1 -1 -1000 -1000 -1000 -10 -0.895785
Car -1 -1 0.00 462 89 522 134 -1 -1 -1 -1000 -1000 -1000 -10 -0.908357
Car -1 -1 0.00 -1 187 140 220 -1 -1 -1 -1000 -1000 -1000 -10 -0.940246
Car -1 -1 0.00 611 55 711 81 -1 -1 -1 -1000 -1000 -1000 -10 -0.963364
Car -1 -1 0.00 -2 191 75 221 -1 -1 -1 -1000 -1000 -1000 -10 -0.999688
Car -1 -1 0.00 558 213 603 252 -1 -1 -1 -1000 -1000 -1000 -10 -1.02636
Car -1 -1 0.00 216 161 375 320 -1 -1 -1 -1000 -1000 -1000 -10 -1.02702
