Car -1 -1 0.00 431 265 484 287 -1 -1 -1 -1000 -1000 -1000 -10 -0.843869
Car -1 -1 0.00 116 90 175 119 -1 -1 -1 -1000 -1000 -1000 -10 -0.86345
Car -1 -1 0.00 581 216 610 231 -1 -1 -1 -1000 -1000 -1000 -10 -0.944249
Car -1 -1 0.00 388 272 415 303 -1 -1 -1 -1000 -1000 -1000 -10 -0.975182
Car -1 -1 0.00 583 274 627 326 -1 -1 -1 -1000 -1000 -1000 -10 -0.982752
Car -1 -1 0.00 545 303 599 361 -1 -1 -1 -1000 -1000 -1000 -10 -0.987228
Car -1 -1 0.00 1144 211 1182 246 -1 -1 -1 -1000 -1000 -1000 -10 -1.01476
Car -1 -1 0.00 876 162 909 186 -1 -1 -1 -1000 -1000 -1000 -10 -1.0233
Car -1 -1 0.00 325 80 368 97 -1 -1 -1 -1000 -1000 -1000 -10 -1.02522
Car -1 -1 0.00 490 286 521 318 -1 -1 -1 -1000 -1000 -1000 -10 -1.02581
Car -1 -1 0.00 858 149 887 180 -1 -1 -1 -1000 -1000 -1000 -10 -1.02627
