Car -1 -1 0.00 1090 180 1226 233 -1 -1 -1 -1000 -1000 -1000 -10 0.273681
Car -1 -1 0.00 555 165 629 209 -1 -1 -1 -1000 -1000 -1000 -10 -0.374318
Car -1 -1 0.00 273 184 300 217 -1 -1 -1 -1000 -1000 -1000 -10 -0.817736
Car -1 -1 0.00 183 162 208 186 -1 -1 -1 -1000 -1000 -1000 -10 -0.858612
Car -1 -1 0.00 1032 187 1108 221 -1 -1 -1 -1000 -1000 -1000 -10 -0.859545
Car -1 -1 0.00 938 181 1056 228 -1 -1 -1 -1000 -1000 -1000 -10 -0.909206
Car -1 -1 0.00 489 121 527 136 -1 -1 -1 -1000 -1000 -1000 -10 -0.916396
Car -1 -1 0.00 33 -2 101 18 -1 -1 -1 -1000 -1000 -1000 -10 -0.95431
Car -1 -1 0.00 695 198 721 220 -1 -1 -1 -1000 -1000 -1000 -10 -0.972129
Car -1 -1 0.00 819 299 868 316 -1 -1 -1 -1000 -1000 -1000 -10 -0.984308
Car -1 -1 0.00 229 177 286 233 -1 -1 -1 -1000 -1000 -1000 -10 -0.995587
Car -1 -1 0.00 180 169 210 197 -1 -1 -1 -1000 -1000 -1000 -10 -0.996641
Car -1 -1 0.00 34 7 101 32 -1 -1 -1 -1000 -1000 -1000 -10 -1.01503
Car -1 -1 0.00 228 301 286 320 -1 -1 -1 -1000 -1000 -1000 -10 -1.02149
Car -1 -1 0.00 1003 81 1054 96 -1 -1 -1 -1000 -1000 -1000 -10 -1.02364
Car -1 -1 0.00 797 156 838 189 -1 -1 -1 -1000 -1000 -1000 -10 -1.0247
Car -1 -1 0.00 880 1 922 16 -1 -1 -1 -1000 -1000 -1000 -10 -1.02537
Car -1 -1 0.00 19 9 101 38 -1 -1 -1 -1000 -1000 -1000 -10 -1.0256
Car -1 -1 0.00 -31 144 25 167 -1 -1 -1 -1000 -1000 -1000 -10 -1.02732
