Car -1 -1 0.00 295 190 435 277 -1 -1 -1 -1000 -1000 -1000 -10 1.62563
Car -1 -1 0.00 540 169 572 199 -1 -1 -1 -1000 -1000 -1000 -10 0.63737
Car -1 -1 0.00 371 183 469 251 -1 -1 -1 -1000 -1000 -1000 -10 0.463222
Car -1 -1 0.00 3 197 300 362 -1 -1 -1 -1000 -1000 -1000 -10 0.0905645
Car -1 -1 0.00 490 181 516 201 -1 -1 -1 -1000 -1000 -1000 -10 -0.497414
Car -1 -1 0.00 284 188 454 275 -1 -1 -1 -1000 -1000 -1000 -10 -0.567347
Car -1 -1 0.00 441 178 483 213 -1 -1 -1 -1000 -1000 -1000 -10 -0.822661
Car -1 -1 0.00 186 191 227 206 -1 -1 -1 -1000 -1000 -1000 -10 -0.9026
Car -1 -1 0.00 875 359 903 375 -1 -1 -1 -1000 -1000 -1000 -10 -0.961878
Car -1 -1 0.00 865 311 889 324 -1 -1 -1 -1000 -1000 -1000 -10 -0.974202
Car -1 -1 0.00 898 178 929 201 -1 -1 -1 -1000 -1000 -1000 -10 -0.978792
Car -1 -1 0.00 33 201 288 362 -1 -1 -1 -1000 -1000 -1000 -10 -0.990767
Car -1 -1 0.00 1094 215 1122 230 -1 -1 -1 -1000 -1000 -1000 -10 -0.998649
Car -1 -1 0.00 1199 3 1223 31 -1 -1 -1 -1000 -1000 -1000 -10 -1.02545
Car -1 -1 0.00 682 275 710 292 -1 -1 -1 -1000 -1000 -1000 -10 -1.02585
