Car -1 -1 0.00 982 176 1103 253 -1 -1 -1 -1000 -1000 -1000 -10 0.706837
Car -1 -1 0.00 1068 175 1161 234 -1 -1 -1 -1000 -1000 -1000 -10 -0.0422533
Car -1 -1 0.00 1132 176 1188 219 -1 -1 -1 -1000 -1000 -1000 -10 -0.414131
Car -1 -1 0.00 -1 193 101 241 -1 -1 -1 -1000 -1000 -1000 -10 -0.530128
Car -1 -1 0.00 318 314 363 340 -1 -1 -1 -1000 -1000 -1000 -10 -0.992857
Car -1 -1 0.00 6 114 39 126 -1 -1 -1 -1000 -1000 -1000 -10 -0.997476
Car -1 -1 0.00 940 10 967 30 -1 -1 -1 -1000 -1000 -1000 -10 -0.998762
Car -1 -1 0.00 274 174 300 196 -1 -1 -1 -1000 -1000 -1000 -10 -1.00011
Car -1 -1 0.00 694 299 761 368 -1 -1 -1 -1000 -1000 -1000 -10 -1.00556
Car -1 -1 0.00 1180 212 1228 258 -1 -1 -1 -1000 -1000 -1000 -10 -1.01129
Car -1 -1 0.00 947 229 988 269 -1 -1 -1 -1000 -1000 -1000 -10 -1.01254
Car -1 -1 0.00 324 229 384 252 -1 -1 -1 -1000 -1000 -1000 -10 -1.02908
