Car -1 -1 0.00 955 181 1069 233 -1 -1 -1 -1000 -1000 -1000 -10 1.50027
Car -1 -1 0.00 1033 183 1157 231 -1 -1 -1 -1000 -1000 -1000 -10 1.49528
Car -1 -1 0.00 601 172 637 202 -1 -1 -1 -1000 -1000 -1000 -10 0.916384
Car -1 -1 0.00 1095 184 1223 236 -1 -1 -1 -1000 -1000 -1000 -10 0.767135
Car -1 -1 0.00 1115 42 1143 62 -1 -1 -1 -1000 -1000 -1000 -10 -0.921595
Car -1 -1 0.00 834 174 864 206 -1 -1 -1 -1000 -1000 -1000 -10 -0.947613
Car -1 -1 0.00 361 3 391 37 -1 -1 -1 -1000 -1000 -1000 -10 -0.976724
Car -1 -1 0.00 955 173 1015 195 -1 -1 -1 -1000 -1000 -1000 -10 -0.98112
Car -1 -1 0.00 913 304 952 342 -1 -1 -1 -1000 -1000 -1000 -10 -0.992451
Car -1 -1 0.00 325 71 356 96 -1 -1 -1 -1000 -1000 -1000 -10 -1.00099
Car -1 -1 0.00 179 236 231 255 -1 -1 -1 -1000 -1000 -1000 -10 -1.01249
Car -1 -1 0.00 346 252 460 285 -1 -1 -1 -1000 -1000 -1000 -10 -1.0223
