Car -1 -1 0.00 406 184 472 215 -1 -1 -1 -1000 -1000 -1000 -10 1.31514
Car -1 -1 0.00 450 175 540 219 -1 -1 -1 -1000 -1000 -1000 -10 1.18422
Car -1 -1 0.00 1117 169 1226 201 -1 -1 -1 -1000 -1000 -1000 -10 -0.482021
Car -1 -1 0.00 284 307 338 330 -1 -1 -1 -1000 -1000 -1000 -10 -0.649143
Car -1 -1 0.00 783 185 833 211 -1 -1 -1 -1000 -1000 -1000 -10 -0.908296
Car -1 -1 0.00 276 317 312 336 -1 -1 -1 -1000 -1000 -1000 -10 -0.937569
Car -1 -1 0.00 716 91 743 112 -1 -1 -1 -1000 -1000 -1000 -10 -0.958973
Car -1 -1 0.00 998 204 1024 229 -1 -1 -1 -1000 -1000 -1000 -10 -0.976847
Car -1 -1 0.00 845 98 876 124 -1 -1 -1 -1000 -1000 -1000 -10 -0.988183
Car -1 -1 0.00 332 199 397 212 -1 -1 -1 -1000 -1000 -1000 -10 -0.99669
Car -1 -1 0.00 236 125 274 169 -1 -1 -1 -1000 -1000 -1000 -10 -1.01765
Car -1 -1 0.00 913 148 944 173 -1 -1 -1 -1000 -1000 -1000 -10 -1.02226
Car -1 -1 0.00 113 366 173 382 -1 -1 -1 -1000 -1000 -1000 -10 -1.02692
