Car -1 -1 0.00 892 257 921 276 -1 -1 -1 -1000 -1000 -1000 -10 -0.93724
Car -1 -1 0.00 729 239 788 274 -1 -1 -1 -1000 -1000 -1000 -10 -0.95339
Car -1 -1 0.00 87 102 136 127 -1 -1 -1 -1000 -1000 -1000 -10 -0.968099
Car -1 -1 0.00 633 56 690 70 -1 -1 -1 -1000 -1000 -1000 -10 -0.971176
Car -1 -1 0.00 44 318 108 342 -1 -1 -1 -1000 -1000 -1000 -10 -0.97438
Car -1 -1 0.00 545 303 599 362 -1 -1 -1 -1000 -1000 -1000 -10 -0.976775
Car -1 -1 0.00 972 -3 1064 25 -1 -1 -1 -1000 -1000 -1000 -10 -0.987863
Car -1 -1 0.00 106 52 159 79 -1 -1 -1 -1000 -1000 -1000 -10 -0.988875
Car -1 -1 0.00 1168 109 1197 141 -1 -1 -1 -1000 -1000 -1000 -10 -1.0084
Car -1 -1 0.00 858 294 953 374 -1 -1 -1 -1000 -1000 -1000 -10 -1.01263
Car -1 -1 0.00 1021 13 1093 35 -1 -1 -1 -1000 -1000 -1000 -10 -1.01458
Car -1 -1 0.00 106 91 182 127 -1 -1 -1 -1000 -1000 -1000 -10 -1.01713
Car -1 -1 0.00 435 64 506 94 -1 -1 -1 -1000 -1000 -1000 -10 -1.02063
Car -1 -1 0.00 443 169 470 184 -1 -1 -1 -1000 -1000 -1000 -10 -1.02117
Car -1 -1 0.00 1145 211 1182 246 -1 -1 -1 -1000 -1000 -1000 -10 -1.02314
