Car -1 -1 0.00 690 188 800 254 -1 -1 -1 -1000 -1000 -1000 -10 1.60084
Car -1 -1 0.00 609 180 644 213 -1 -1 -1 -1000 -1000 -1000 -10 1.46919
Car -1 -1 0.00 792 179 1192 375 -1 -1 -1 -1000 -1000 -1000 -10 0.429116
Car -1 -1 0.00 681 181 746 225 -1 -1 -1 -1000 -1000 -1000 -10 0.0551206
Car -1 -1 0.00 466 134 511 152 -1 -1 -1 -1000 -1000 -1000 -10 -0.547567
Car -1 -1 0.00 466 129 523 152 -1 -1 -1 -1000 -1000 -1000 -10 -0.85857
Car -1 -1 0.00 12 50 137 108 -1 -1 -1 -1000 -1000 -1000 -10 -0.969515
Car -1 -1 0.00 681 181 804 251 -1 -1 -1 -1000 -1000 -1000 -10 -1.00681
Car -1 -1 0.00 191 320 283 412 -1 -1 -1 -1000 -1000 -1000 -10 -1.01787
Car -1 -1 0.00 712 347 738 362 -1 -1 -1 -1000 -1000 -1000 -10 -1.02268
