Car -1 -1 0.00 378 188 438 233 -1 -1 -1 -1000 -1000 -1000 -10 1.52115
Car -1 -1 0.00 413 187 505 258 -1 -1 -1 -1000 -1000 -1000 -10 1.31853
Car -1 -1 0.00 603 218 643 252 -1 -1 -1 -1000 -1000 -1000 -10 -0.789064
Car -1 -1 0.00 454 356 500 374 -1 -1 -1 -1000 -1000 -1000 -10 -0.8358
Car -1 -1 0.00 850 203 912 232 -1 -1 -1 -1000 -1000 -1000 -10 -0.921111
Car -1 -1 0.00 442 257 478 282 -1 -1 -1 -1000 -1000 -1000 -10 -0.959368
Car -1 -1 0.00 1002 173 1121 236 -1 -1 -1 -1000 -1000 -1000 -10 -0.976874
Car -1 -1 0.00 1188 298 1224 322 -1 -1 -1 -1000 -1000 -1000 -10 -0.979691
Car -1 -1 0.00 1073 292 1141 325 -1 -1 -1 -1000 -1000 -1000 -10 -0.981138
Car -1 -1 0.00 1183 304 1229 320 -1 -1 -1 -1000 -1000 -1000 -10 -1.00345
