Car -1 -1 0.00 538 169 562 190 -1 -1 -1 -1000 -1000 -1000 -10 -0.142533
Car -1 -1 0.00 939 352 966 375 -1 -1 -1 -1000 -1000 -1000 -10 -0.924319
Car -1 -1 0.00 727 210 882 288 -1 -1 -1 -1000 -1000 -1000 -10 -0.935593
Car -1 -1 0.00 780 313 836 351 -1 -1 -1 -1000 -1000 -1000 -10 -0.939542
Car -1 -1 0.00 234 291 265 313 -1 -1 -1 -1000 -1000 -1000 -10 -0.953468
Car -1 -1 0.00 687 217 711 246 -1 -1 -1 -1000 -1000 -1000 -10 -0.98655
Car -1 -1 0.00 -43 308 46 414 -1 -1 -1 -1000 -1000 -1000 -10 -0.989036
Car -1 -1 0.00 249 288 283 299 -1 -1 -1 -1000 -1000 -1000 -10 -1.00925
Car -1 -1 0.00 725 173 761 192 -1 -1 -1 -1000 -1000 -1000 -10 -1.02827
Car -1 -1 0.00 397 219 423 243 -1 -1 -1 -1000 -1000 -1000 -10 -1.02882
