Car -1 -1 0.00 941 170 1123 245 -1 -1 -1 -1000 -1000 -1000 -10 1.28756
Car -1 -1 0.00 304 177 338 207 -1 -1 -1 -1000 -1000 -1000 -10 0.626097
Car -1 -1 0.00 410 173 480 224 -1 -1 -1 -1000 -1000 -1000 -10 0.571102
Car -1 -1 0.00 146 184 260 215 -1 -1 -1 -1000 -1000 -1000 -10 0.141107
Car -1 -1 0.00 672 177 753 215 -1 -1 -1 -1000 -1000 -1000 -10 -0.47622
Car -1 -1 0.00 423 174 475 225 -1 -1 -1 -1000 -1000 -1000 -10 -0.47676
Car -1 -1 0.00 335 176 363 195 -1 -1 -1 -1000 -1000 -1000 -10 -0.580274
Car -1 -1 0.00 518 175 575 214 -1 -1 -1 -1000 -1000 -1000 -10 -0.580686
Car -1 -1 0.00 158 179 272 223 -1 -1 -1 -1000 -1000 -1000 -10 -0.760848
Car -1 -1 0.00 1038 171 1187 235 -1 -1 -1 -1000 -1000 -1000 -10 -0.834306
Car -1 -1 0.00 914 167 1141 242 -1 -1 -1 -1000 -1000 -1000 -10 -0.913677
Car -1 -1 0.00 815 180 872 220 -1 -1 -1 -1000 -1000 -1000 -10 -0.933943
Car -1 -1 0.00 551 137 575 166 -1 -1 -1 -1000 -1000 -1000 -10 -0.949692
Car -1 -1 0.00 721 222 754 240 -1 -1 -1 -1000 -1000 -1000 -10 -0.960468
Car -1 -1 0.00 807 79 876 99 -1 -1 -1 -1000 -1000 -1000 -10 -0.977512
Car -1 -1 0.00 71 201 100 234 -1 -1 -1 -1000 -1000 -1000 -10 -0.985199
Car -1 -1 0.00 834 362 861 387 -1 -1 -1 -1000 -1000 -1000 -10 -0.997251
Car -1 -1 0.00 156 347 188 373 -1 -1 -1 -1000 -1000 -1000 -10 -1.0025
Car -1 -1 0.00 800 99 866 145 -1 -1 -1 -1000 -1000 -1000 -10 -1.00362
Car -1 -1 0.00 35 34 60 46 -1 -1 -1 -1000 -1000 -1000 -10 -1.00669
Car -1 -1 0.00 924 247 960 256 -1 -1 -1 -1000 -1000 -1000 -10 -1.00996
Car -1 -1 0.00 998 108 1043 122 -1 -1 -1 -1000 -1000 -1000 -10 -1.01161
Car -1 -1 0.00 896 193 930 225 -1 -1 -1 -1000 -1000 -1000 -10 -1.01237
Car -1 -1 0.00 906 245 942 254 -1 -1 -1 -1000 -1000 -1000 -10 -1.02275
Car -1 -1 0.00 768 108 827 130 -1 -1 -1 -1000 -1000 -1000 -10 -1.02677
Car -1 -1 0.00 269 234 307 245 -1 -1 -1 -1000 -1000 -1000 -10 -1.02734
