Car -1 -1 0.00 237 149 473 328 -1 -1 -1 -1000 -1000 -1000 -10 0.853526
Car -1 -1 0.00 99 185 262 318 -1 -1 -1 -1000 -1000 -1000 -10 -0.613524
Car -1 -1 0.00 682 179 712 206 -1 -1 -1 -1000 -1000 -1000 -10 -0.641333
Car -1 -1 0.00 1054 281 1099 320 -1 -1 -1 -1000 -1000 -1000 -10 -0.868446
Car -1 -1 0.00 766 159 886 211 -1 -1 -1 -1000 -1000 -1000 -10 -0.890804
Car -1 -1 0.00 0 180 465 334 -1 -1 -1 -1000 -1000 -1000 -10 -0.92477
Car -1 -1 0.00 892 182 922 203 -1 -1 -1 -1000 -1000 -1000 -10 -0.936447
Car -1 -1 0.00 0 178 253 355 -1 -1 -1 -1000 -1000 -1000 -10 -0.944739
Car -1 -1 0.00 1074 280 1101 313 -1 -1 -1 -1000 -1000 -1000 -10 -0.968867
Car -1 -1 0.00 653 170 681 189 -1 -1 -1 -1000 -1000 -1000 -10 -0.969246
Car -1 -1 0.00 109 72 146 84 -1 -1 -1 -1000 -1000 -1000 -10 -0.987119
Car -1 -1 0.00 1121 121 1151 135 -1 -1 -1 -1000 -1000 -1000 -10 -1.00458
Car -1 -1 0.00 1094 267 1125 298 -1 -1 -1 -1000 -1000 -1000 -10 -1.00896
Car -1 -1 0.00 773 332 801 353 -1 -1 -1 -1000 -1000 -1000 -10 -1.01174
Car -1 -1 0.00 109 60 147 72 -1 -1 -1 -1000 -1000 -1000 -10 -1.01645
Car -1 -1 0.00 793 202 844 226 -1 -1 -1 -1000 -1000 -1000 -10 -1.01816
Car -1 -1 0.00 1117 145 1297 207 -1 -1 -1 -1000 -1000 -1000 -10 -1.02125
Car -1 -1 0.00 107 42 154 56 -1 -1 -1 -1000 -1000 -1000 -10 -1.02153
