Car -1 -1 0.00 568 180 600 202 -1 -1 -1 -1000 -1000 -1000 -10 1.5771
Car -1 -1 0.00 609 174 658 220 -1 -1 -1 -1000 -1000 -1000 -10 -0.197007
Car -1 -1 0.00 1201 174 1229 194 -1 -1 -1 -1000 -1000 -1000 -10 -0.876047
Car -1 -1 0.00 104 109 142 127 -1 -1 -1 -1000 -1000 -1000 -10 -0.963049
Car -1 -1 0.00 226 73 256 108 -1 -1 -1 -1000 -1000 -1000 -10 -0.967292
Car -1 -1 0.00 620 171 655 192 -1 -1 -1 -1000 -1000 -1000 -10 -0.982828
Car -1 -1 0.00 326 203 349 226 -1 -1 -1 -1000 -1000 -1000 -10 -0.983176
Car -1 -1 0.00 88 206 118 238 -1 -1 -1 -1000 -1000 -1000 -10 -1.00378
Car -1 -1 0.00 1230 171 1260 196 -1 -1 -1 -1000 -1000 -1000 -10 -1.01474
Car -1 -1 0.00 554 13 590 57 -1 -1 -1 -1000 -1000 -1000 -10 -1.01539
Car -1 -1 0.00 799 134 854 187 -1 -1 -1 -1000 -1000 -1000 -10 -1.02435
Car -1 -1 0.00 711 211 757 243 -1 -1 -1 -1000 -1000 -1000 -10 -1.02972
