Car -1 -1 0.00 518 170 549 184 -1 -1 -1 -1000 -1000 -1000 -10 0.239504
Car -1 -1 0.00 89 31 153 52 -1 -1 -1 -1000 -1000 -1000 -10 -0.885175
Car -1 -1 0.00 1083 253 1110 274 -1 -1 -1 -1000 -1000 -1000 -10 -0.96535
Car -1 -1 0.00 971 58 1019 74 -1 -1 -1 -1000 -1000 -1000 -10 -0.975024
Car -1 -1 0.00 44 299 70 318 -1 -1 -1 -1000 -1000 -1000 -10 -0.986416
Car -1 -1 0.00 77 284 101 308 -1 -1 -1 -1000 -1000 -1000 -10 -0.991638
Car -1 -1 0.00 81 31 155 57 -1 -1 -1 -1000 -1000 -1000 -10 -1.00381
Car -1 -1 0.00 1078 293 1121 306 -1 -1 -1 -1000 -1000 -1000 -10 -1.00481
Car -1 -1 0.00 30 53 62 67 -1 -1 -1 -1000 -1000 -1000 -10 -1.01898
Car -1 -1 0.00 12 204 39 235 -1 -1 -1 -1000 -1000 -1000 -10 -1.02131
Car -1 -1 0.00 827 307 857 331 -1 -1 -1 -1000 -1000 -1000 -10 -1.02491
