Car -1 -1 0.00 388 186 498 261 -1 -1 -1 -1000 -1000 -1000 -10 1.47145
Car -1 -1 0.00 502 180 537 208 -1 -1 -1 -1000 -1000 -1000 -10 1.42735
Car -1 -1 0.00 700 178 846 279 -1 -1 -1 -1000 -1000 -1000 -10 1.20092
Car -1 -1 0.00 664 184 749 244 -1 -1 -1 -1000 -1000 -1000 -10 1.13758
Car -1 -1 0.00 638 173 707 220 -1 -1 -1 -1000 -1000 -1000 -10 0.490146
Car -1 -1 0.00 610 175 655 205 -1 -1 -1 -1000 -1000 -1000 -10 -0.605202
Car -1 -1 0.00 735 65 765 91 -1 -1 -1 -1000 -1000 -1000 -10 -0.808725
Car -1 -1 0.00 623 174 676 214 -1 -1 -1 -1000 -1000 -1000 -10 -0.883621
Car -1 -1 0.00 196 40 221 61 -1 -1 -1 -1000 -1000 -1000 -10 -0.94475
Car -1 -1 0.00 880 117 924 137 -1 -1 -1 -1000 -1000 -1000 -10 -0.962232
Car -1 -1 0.00 577 270 627 318 -1 -1 -1 -1000 -1000 -1000 -10 -0.98289
Car -1 -1 0.00 702 220 741 260 -1 -1 -1 -1000 -1000 -1000 -10 -0.984932
Car -1 -1 0.00 390 223 416 249 -1 -1 -1 -1000 -1000 -1000 -10 -0.990929
Car -1 -1 0.00 281 101 312 128 -1 -1 -1 -1000 -1000 -1000 -10 -1.00668
Car -1 -1 0.00 532 98 565 110 -1 -1 -1 -1000 -1000 -1000 -10 -1.01462
Car -1 -1 0.00 168 35 194 58 -1 -1 -1 -1000 -1000 -1000 -10 -1.02709
