Car -1 -1 0.00 488 158 616 235 -1 -1 -1 -1000 -1000 -1000 -10 1.91595
Car -1 -1 0.00 636 155 690 195 -1 -1 -1 -1000 -1000 -1000 -10 1.69566
Car -1 -1 0.00 393 199 443 232 -1 -1 -1 -1000 -1000 -1000 -10 -0.773731
Car -1 -1 0.00 904 98 1018 184 -1 -1 -1 -1000 -1000 -1000 -10 -0.856767
Car -1 -1 0.00 693 -2 757 18 -1 -1 -1 -1000 -1000 -1000 -10 -0.970742
Car -1 -1 0.00 756 -2 819 18 -1 -1 -1 -1000 -1000 -1000 -10 -1.00011
Car -1 -1 0.00 784 -2 847 17 -1 -1 -1 -1000 -1000 -1000 -10 -1.0034
Car -1 -1 0.00 729 -2 792 18 -1 -1 -1 -1000 -1000 -1000 -10 -1.00789
Car -1 -1 0.00 500 260 527 272 -1 -1 -1 -1000 -1000 -1000 -10 -1.00795
Car -1 -1 0.00 161 153 229 199 -1 -1 -1 -1000 -1000 -1000 -10 -1.00851
Car -1 -1 0.00 183 321 277 348 -1 -1 -1 -1000 -1000 -1000 -10 -1.02078
Car -1 -1 0.00 660 111 774 153 -1 -1 -1 -1000 -1000 -1000 -10 -1.02108
Car -1 -1 0.00 58 154 83 184 -1 -1 -1 -1000 -1000 -1000 -10 -1.02261
Car -1 -1 0.00 410 282 435 293 -1 -1 -1 -1000 -1000 -1000 -10 -1.02472
