Car -1 -1 0.00 731 180 927 316 -1 -1 -1 -1000 -1000 -1000 -10 2.66978
Car -1 -1 0.00 686 173 795 259 -1 -1 -1 -1000 -1000 -1000 -10 1.92314
Car -1 -1 0.00 151 170 395 271 -1 -1 -1 -1000 -1000 -1000 -10 0.960419
Car -1 -1 0.00 312 160 483 236 -1 -1 -1 -1000 -1000 -1000 -10 0.613387
Car -1 -1 0.00 657 165 735 231 -1 -1 -1 -1000 -1000 -1000 -10 0.14711
Car -1 -1 0.00 496 169 560 195 -1 -1 -1 -1000 -1000 -1000 -10 -0.0213456
Car -1 -1 0.00 431 163 526 203 -1 -1 -1 -1000 -1000 -1000 -10 -0.401136
Car -1 -1 0.00 595 168 630 184 -1 -1 -1 -1000 -1000 -1000 -10 -0.57756
Car -1 -1 0.00 32 89 52 102 -1 -1 -1 -1000 -1000 -1000 -10 -0.863395
Car -1 -1 0.00 555 30 583 67 -1 -1 -1 -1000 -1000 -1000 -10 -0.944313
Car -1 -1 0.00 758 130 782 141 -1 -1 -1 -1000 -1000 -1000 -10 -0.950935
Car -1 -1 0.00 52 310 117 372 -1 -1 -1 -1000 -1000 -1000 -10 -0.962227
Car -1 -1 0.00 28 150 71 166 -1 -1 -1 -1000 -1000 -1000 -10 -0.967487
Car -1 -1 0.00 606 222 632 233 -1 -1 -1 -1000 -1000 -1000 -10 -0.982431
Car -1 -1 0.00 1196 98 1241 121 -1 -1 -1 -1000 -1000 -1000 -10 -1.01579
Car -1 -1 0.00 -2 164 35 199 -1 -1 -1 -1000 -1000 -1000 -10 -1.02489
Car -1 -1 0.00 420 -2 463 30 -1 -1 -1 -1000 -1000 -1000 -10 -1.02869
