Car -1 -1 0.00 617 167 664 214 -1 -1 -1 -1000 -1000 -1000 -10 -0.124567
Car -1 -1 0.00 633 167 660 186 -1 -1 -1 -1000 -1000 -1000 -10 -0.537537
Car -1 -1 0.00 501 87 534 118 -1 -1 -1 -1000 -1000 -1000 -10 -0.969021
Car -1 -1 0.00 1067 139 1098 162 -1 -1 -1 -1000 -1000 -1000 -10 -0.970307
Car -1 -1 0.00 437 160 471 199 -1 -1 -1 -1000 -1000 -1000 -10 -0.989254
Car -1 -1 0.00 836 265 873 283 -1 -1 -1 -1000 -1000 -1000 -10 -1.01822
Car -1 -1 0.00 201 247 296 332 -1 -1 -1 -1000 -1000 -1000 -10 -1.01882
Car -1 -1 0.00 209 156 263 197 -1 -1 -1 -1000 -1000 -1000 -10 -1.02081
Car -1 -1 0.00 359 6 388 29 -1 -1 -1 -1000 -1000 -1000 -10 -1.02296
Car -1 -1 0.00 246 65 286 78 -1 -1 -1 -1000 -1000 -1000 -10 -1.02312
