Car -1 -1 0.00 708 182 843 272 -1 -1 -1 -1000 -1000 -1000 -10 2.00168
Car -1 -1 0.00 593 175 626 208 -1 -1 -1 -1000 -1000 -1000 -10 0.868829
Car -1 -1 0.00 126 194 345 276 -1 -1 -1 -1000 -1000 -1000 -10 0.819612
Car -1 -1 0.00 769 183 1112 367 -1 -1 -1 -1000 -1000 -1000 -10 0.0434355
Car -1 -1 0.00 467 179 521 202 -1 -1 -1 -1000 -1000 -1000 -10 -0.15214
Car -1 -1 0.00 297 185 442 243 -1 -1 -1 -1000 -1000 -1000 -10 -0.28817
Car -1 -1 0.00 763 172 1090 375 -1 -1 -1 -1000 -1000 -1000 -10 -0.413184
Car -1 -1 0.00 387 179 486 228 -1 -1 -1 -1000 -1000 -1000 -10 -0.465969
Car -1 -1 0.00 102 197 349 278 -1 -1 -1 -1000 -1000 -1000 -10 -0.612442
Car -1 -1 0.00 930 356 978 388 -1 -1 -1 -1000 -1000 -1000 -10 -0.866058
Car -1 -1 0.00 1055 86 1130 124 -1 -1 -1 -1000 -1000 -1000 -10 -0.925279
Car -1 -1 0.00 40 211 84 247 -1 -1 -1 -1000 -1000 -1000 -10 -0.939442
Car -1 -1 0.00 1120 355 1173 373 -1 -1 -1 -1000 -1000 -1000 -10 -1.00271
Car -1 -1 0.00 655 346 697 391 -1 -1 -1 -1000 -1000 -1000 -10 -1.00724
