Car -1 -1 0.00 845 176 907 207 -1 -1 -1 -1000 -1000 -1000 -10 1.28559
Car -1 -1 0.00 939 160 1008 189 -1 -1 -1 -1000 -1000 -1000 -10 0.155136
Car -1 -1 0.00 849 173 906 207 -1 -1 -1 -1000 -1000 -1000 -10 0.00724203
Car -1 -1 0.00 945 181 1062 268 -1 -1 -1 -1000 -1000 -1000 -10 -0.310181
Car -1 -1 0.00 1033 155 1079 177 -1 -1 -1 -1000 -1000 -1000 -10 -0.47026
Car -1 -1 0.00 1029 153 1085 181 -1 -1 -1 -1000 -1000 -1000 -10 -0.750048
Car -1 -1 0.00 942 159 985 190 -1 -1 -1 -1000 -1000 -1000 -10 -0.837838
Car -1 -1 0.00 1035 156 1068 176 -1 -1 -1 -1000 -1000 -1000 -10 -0.894377
Car -1 -1 0.00 1025 255 1074 297 -1 -1 -1 -1000 -1000 -1000 -10 -0.904349
Car -1 -1 0.00 1134 226 1159 245 -1 -1 -1 -1000 -1000 -1000 -10 -0.916271
Car -1 -1 0.00 340 350 421 383 -1 -1 -1 -1000 -1000 -1000 -10 -0.917409
Car -1 -1 0.00 688 113 715 139 -1 -1 -1 -1000 -1000 -1000 -10 -0.945753
Car -1 -1 0.00 435 252 514 282 -1 -1 -1 -1000 -1000 -1000 -10 -0.963775
Car -1 -1 0.00 585 296 609 324 -1 -1 -1 -1000 -1000 -1000 -10 -1.00028
Car -1 -1 0.00 798 57 852 84 -1 -1 -1 -1000 -1000 -1000 -10 -1.00954
Car -1 -1 0.00 1191 236 1220 264 -1 -1 -1 -1000 -1000 -1000 -10 -1.01142
Car -1 -1 0.00 253 -2 334 20 -1 -1 -1 -1000 -1000 -1000 -10 -1.01219
Car -1 -1 0.00 661 -6 725 11 -1 -1 -1 -1000 -1000 -1000 -10 -1.01739
Car -1 -1 0.00 8 368 55 380 -1 -1 -1 -1000 -1000 -1000 -10 -1.0196
