Car -1 -1 0.00 635 174 689 211 -1 -1 -1 -1000 -1000 -1000 -10 0.765487
Car -1 -1 0.00 624 174 650 196 -1 -1 -1 -1000 -1000 -1000 -10 -0.232421
Car -1 -1 0.00 716 149 933 322 -1 -1 -1 -1000 -1000 -1000 -10 -0.321658
Car -1 -1 0.00 433 181 471 209 -1 -1 -1 -1000 -1000 -1000 -10 -0.577227
Car -1 -1 0.00 328 177 400 223 -1 -1 -1 -1000 -1000 -1000 -10 -0.636657
Car -1 -1 0.00 56 200 394 363 -1 -1 -1 -1000 -1000 -1000 -10 -0.653632
Car -1 -1 0.00 433 181 459 208 -1 -1 -1 -1000 -1000 -1000 -10 -0.925314
Car -1 -1 0.00 691 302 716 329 -1 -1 -1 -1000 -1000 -1000 -10 -0.955274
Car -1 -1 0.00 453 189 509 215 -1 -1 -1 -1000 -1000 -1000 -10 -0.970745
Car -1 -1 0.00 688 229 714 248 -1 -1 -1 -1000 -1000 -1000 -10 -0.972479
Car -1 -1 0.00 291 186 362 251 -1 -1 -1 -1000 -1000 -1000 -10 -0.988141
Car -1 -1 0.00 1082 30 1192 66 -1 -1 -1 -1000 -1000 -1000 -10 -1.00415
Car -1 -1 0.00 1129 162 1153 189 -1 -1 -1 -1000 -1000 -1000 -10 -1.00996
Car -1 -1 0.00 1083 133 1116 165 -1 -1 -1 -1000 -1000 -1000 -10 -1.02215
Car -1 -1 0.00 623 348 659 359 -1 -1 -1 -1000 -1000 -1000 -10 -1.02847
