Car -1 -1 0.00 331 174 422 207 -1 -1 -1 -1000 -1000 -1000 -10 1.21766
Car -1 -1 0.00 636 175 715 196 -1 -1 -1 -1000 -1000 -1000 -10 0.983294
Car -1 -1 0.00 476 164 524 197 -1 -1 -1 -1000 -1000 -1000 -10 0.0201875
Car -1 -1 0.00 354 197 397 231 -1 -1 -1 -1000 -1000 -1000 -10 -0.781026
Car -1 -1 0.00 183 39 210 67 -1 -1 -1 -1000 -1000 -1000 -10 -0.883771
Car -1 -1 0.00 39 101 86 118 -1 -1 -1 -1000 -1000 -1000 -10 -0.913618
Car -1 -1 0.00 185 75 209 103 -1 -1 -1 -1000 -1000 -1000 -10 -0.964765
Car -1 -1 0.00 840 240 879 254 -1 -1 -1 -1000 -1000 -1000 -10 -0.971274
Car -1 -1 0.00 822 169 917 207 -1 -1 -1 -1000 -1000 -1000 -10 -0.985581
Car -1 -1 0.00 963 75 994 106 -1 -1 -1 -1000 -1000 -1000 -10 -1.00038
Car -1 -1 0.00 369 242 454 266 -1 -1 -1 -1000 -1000 -1000 -10 -1.00735
Car -1 -1 0.00 1236 192 1279 251 -1 -1 -1 -1000 -1000 -1000 -10 -1.01642
Car -1 -1 0.00 566 152 592 163 -1 -1 -1 -1000 -1000 -1000 -10 -1.0184
