Car -1 -1 0.00 105 85 186 121 -1 -1 -1 -1000 -1000 -1000 -10 -0.778018
Car -1 -1 0.00 838 209 862 230 -1 -1 -1 -1000 -1000 -1000 -10 -0.894352
Car -1 -1 0.00 355 43 380 56 -1 -1 -1 -1000 -1000 -1000 -10 -0.910753
Car -1 -1 0.00 972 -3 1063 26 -1 -1 -1 -1000 -1000 -1000 -10 -0.968317
Car -1 -1 0.00 106 48 159 75 -1 -1 -1 -1000 -1000 -1000 -10 -0.970079
Car -1 -1 0.00 1168 111 1197 144 -1 -1 -1 -1000 -1000 -1000 -10 -0.999978
Car -1 -1 0.00 1022 13 1091 34 -1 -1 -1 -1000 -1000 -1000 -10 -1.01295
Car -1 -1 0.00 90 99 145 129 -1 -1 -1 -1000 -1000 -1000 -10 -1.01374
Car -1 -1 0.00 660 50 708 69 -1 -1 -1 -1000 -1000 -1000 -10 -1.01412
Car -1 -1 0.00 296 152 343 177 -1 -1 -1 -1000 -1000 -1000 -10 -1.01625
Car -1 -1 0.00 -12 127 13 154 -1 -1 -1 -1000 -1000 -1000 -10 -1.02457
Car -1 -1 0.00 1198 228 1261 248 -1 -1 -1 -1000 -1000 -1000 -10 -1.02878
