Car -1 -1 0.00 768 174 803 196 -1 -1 -1 -1000 -1000 -1000 -10 0.510862
Car -1 -1 0.00 721 173 749 193 -1 -1 -1 -1000 -1000 -1000 -10 -0.0711377
Car -1 -1 0.00 1048 165 1158 216 -1 -1 -1 -1000 -1000 -1000 -10 -0.281565
Car -1 -1 0.00 833 172 915 208 -1 -1 -1 -1000 -1000 -1000 -10 -0.344984
Car -1 -1 0.00 633 170 661 184 -1 -1 -1 -1000 -1000 -1000 -10 -0.63646
Car -1 -1 0.00 1007 168 1125 214 -1 -1 -1 -1000 -1000 -1000 -10 -0.711064
Car -1 -1 0.00 748 170 780 194 -1 -1 -1 -1000 -1000 -1000 -10 -0.738832
Car -1 -1 0.00 674 7 715 61 -1 -1 -1 -1000 -1000 -1000 -10 -0.872653
Car -1 -1 0.00 1093 135 1156 183 -1 -1 -1 -1000 -1000 -1000 -10 -0.905192
Car -1 -1 0.00 692 173 751 192 -1 -1 -1 -1000 -1000 -1000 -10 -0.979192
Car -1 -1 0.00 1105 103 1165 152 -1 -1 -1 -1000 -1000 -1000 -10 -1.00608
Car -1 -1 0.00 701 268 755 285 -1 -1 -1 -1000 -1000 -1000 -10 -1.01485
Car -1 -1 0.00 107 94 134 122 -1 -1 -1 -1000 -1000 -1000 -10 -1.01503
Car -1 -1 0.00 575 290 601 312 -1 -1 -1 -1000 -1000 -1000 -10 -1.01796
Car -1 -1 0.00 706 274 754 291 -1 -1 -1 -1000 -1000 -1000 -10 -1.0198
Car -1 -1 0.00 1014 24 1038 56 -1 -1 -1 -1000 -1000 -1000 -10 -1.01991
Car -1 -1 0.00 500 196 529 214 -1 -1 -1 -1000 -1000 -1000 -10 -1.02783
