Car -1 -1 0.00 711 176 742 202 -1 -1 -1 -1000 -1000 -1000 -10 0.753652
Car -1 -1 0.00 11 194 419 374 -1 -1 -1 -1000 -1000 -1000 -10 -0.406488
Car -1 -1 0.00 705 226 745 261 -1 -1 -1 -1000 -1000 -1000 -10 -0.860061
Car -1 -1 0.00 0 311 235 375 -1 -1 -1 -1000 -1000 -1000 -10 -0.965343
Car -1 -1 0.00 54 199 106 216 -1 -1 -1 -1000 -1000 -1000 -10 -0.994279
Car -1 -1 0.00 32 106 62 131 -1 -1 -1 -1000 -1000 -1000 -10 -0.998254
Car -1 -1 0.00 410 162 454 205 -1 -1 -1 -1000 -1000 -1000 -10 -1.00316
Car -1 -1 0.00 50 208 93 222 -1 -1 -1 -1000 -1000 -1000 -10 -1.01778
Car -1 -1 0.00 66 192 101 203 -1 -1 -1 -1000 -1000 -1000 -10 -1.01978
Car -1 -1 0.00 65 196 101 207 -1 -1 -1 -1000 -1000 -1000 -10 -1.02384
Car -1 -1 0.00 57 199 86 231 -1 -1 -1 -1000 -1000 -1000 -10 -1.02883
Car -1 -1 0.00 75 190 111 201 -1 -1 -1 -1000 -1000 -1000 -10 -1.02891
