Car -1 -1 0.00 393 191 520 277 -1 -1 -1 -1000 -1000 -1000 -10 1.87205
Car -1 -1 0.00 530 185 566 214 -1 -1 -1 -1000 -1000 -1000 -10 0.634797
Car -1 -1 0.00 535 160 561 185 -1 -1 -1 -1000 -1000 -1000 -10 -0.611184
Car -1 -1 0.00 586 175 612 196 -1 -1 -1 -1000 -1000 -1000 -10 -0.654683
Car -1 -1 0.00 709 125 737 141 -1 -1 -1 -1000 -1000 -1000 -10 -0.760508
Car -1 -1 0.00 124 123 149 149 -1 -1 -1 -1000 -1000 -1000 -10 -0.804783
Car -1 -1 0.00 64 191 87 215 -1 -1 -1 -1000 -1000 -1000 -10 -0.870272
Car -1 -1 0.00 121 97 147 129 -1 -1 -1 -1000 -1000 -1000 -10 -0.875812
Car -1 -1 0.00 18 143 91 177 -1 -1 -1 -1000 -1000 -1000 -10 -0.931944
Car -1 -1 0.00 39 219 68 233 -1 -1 -1 -1000 -1000 -1000 -10 -0.946689
Car -1 -1 0.00 57 208 96 240 -1 -1 -1 -1000 -1000 -1000 -10 -0.966946
Car -1 -1 0.00 837 224 865 236 -1 -1 -1 -1000 -1000 -1000 -10 -0.995662
Car -1 -1 0.00 347 217 370 248 -1 -1 -1 -1000 -1000 -1000 -10 -1.01424
Car -1 -1 0.00 633 260 660 280 -1 -1 -1 -1000 -1000 -1000 -10 -1.01834
