Car -1 -1 0.00 817 146 896 220 -1 -1 -1 -1000 -1000 -1000 -10 1.58048
Car -1 -1 0.00 608 141 653 166 -1 -1 -1 -1000 -1000 -1000 -10 1.12314
Car -1 -1 0.00 926 156 1037 239 -1 -1 -1 -1000 -1000 -1000 -10 1.03027
Car -1 -1 0.00 511 146 576 178 -1 -1 -1 -1000 -1000 -1000 -10 0.645508
Car -1 -1 0.00 564 142 611 172 -1 -1 -1 -1000 -1000 -1000 -10 0.2552
Car -1 -1 0.00 319 133 459 188 -1 -1 -1 -1000 -1000 -1000 -10 0.248688
Car -1 -1 0.00 122 209 151 234 -1 -1 -1 -1000 -1000 -1000 -10 -0.578079
Car -1 -1 0.00 972 180 1257 315 -1 -1 -1 -1000 -1000 -1000 -10 -0.665771
Car -1 -1 0.00 231 156 298 198 -1 -1 -1 -1000 -1000 -1000 -10 -0.690718
Car -1 -1 0.00 258 149 372 194 -1 -1 -1 -1000 -1000 -1000 -10 -0.734152
Car -1 -1 0.00 441 141 475 163 -1 -1 -1 -1000 -1000 -1000 -10 -0.757803
Car -1 -1 0.00 981 181 1156 311 -1 -1 -1 -1000 -1000 -1000 -10 -0.75921
Car -1 -1 0.00 280 236 331 280 -1 -1 -1 -1000 -1000 -1000 -10 -0.779809
Car -1 -1 0.00 608 140 653 166 -1 -1 -1 -1000 -1000 -1000 -10 -0.793062
Car -1 -1 0.00 908 134 939 158 -1 -1 -1 -1000 -1000 -1000 -10 -0.85734
Car -1 -1 0.00 26 342 65 374 -1 -1 -1 -1000 -1000 -1000 -10 -0.907455
Car -1 -1 0.00 46 222 81 252 -1 -1 -1 -1000 -1000 -1000 -10 -0.943625
Car -1 -1 0.00 906 130 978 156 -1 -1 -1 -1000 -1000 -1000 -10 -0.946056
Car -1 -1 0.00 63 29 95 59 -1 -1 -1 -1000 -1000 -1000 -10 -0.958331
Car -1 -1 0.00 12 362 39 387 -1 -1 -1 -1000 -1000 -1000 -10 -0.968558
Car -1 -1 0.00 503 144 572 183 -1 -1 -1 -1000 -1000 -1000 -10 -0.988538
Car -1 -1 0.00 15 -13 46 14 -1 -1 -1 -1000 -1000 -1000 -10 -0.997908
Car -1 -1 0.00 -16 222 15 259 -1 -1 -1 -1000 -1000 -1000 -10 -0.997972
Car -1 -1 0.00 479 250 504 275 -1 -1 -1 -1000 -1000 -1000 -10 -1.00505
Car -1 -1 0.00 80 201 126 234 -1 -1 -1 -1000 -1000 -1000 -10 -1.01309
Car -1 -1 0.00 175 142 302 181 -1 -1 -1 -1000 -1000 -1000 -10 -1.01344
Car -1 -1 0.00 906 103 965 124 -1 -1 -1 -1000 -1000 -1000 -10 -1.02029
