Car -1 -1 0.00 653 190 876 327 -1 -1 -1 -1000 -1000 -1000 -10 1.06341
Car -1 -1 0.00 344 202 443 281 -1 -1 -1 -1000 -1000 -1000 -10 0.701655
Car -1 -1 0.00 421 192 477 241 -1 -1 -1 -1000 -1000 -1000 -10 0.669474
Car -1 -1 0.00 423 192 475 241 -1 -1 -1 -1000 -1000 -1000 -10 -0.201514
Car -1 -1 0.00 629 185 731 272 -1 -1 -1 -1000 -1000 -1000 -10 -0.518616
Car -1 -1 0.00 1092 175 1234 271 -1 -1 -1 -1000 -1000 -1000 -10 -0.774743
Car -1 -1 0.00 569 189 627 233 -1 -1 -1 -1000 -1000 -1000 -10 -0.949795
Car -1 -1 0.00 573 52 602 76 -1 -1 -1 -1000 -1000 -1000 -10 -0.950204
Car -1 -1 0.00 730 24 769 45 -1 -1 -1 -1000 -1000 -1000 -10 -0.981979
Car -1 -1 0.00 639 194 1002 338 -1 -1 -1 -1000 -1000 -1000 -10 -0.992786
Car -1 -1 0.00 638 77 664 103 -1 -1 -1 -1000 -1000 -1000 -10 -1.01012
Car -1 -1 0.00 343 186 367 201 -1 -1 -1 -1000 -1000 -1000 -10 -1.01261
Car -1 -1 0.00 480 187 507 211 -1 -1 -1 -1000 -1000 -1000 -10 -1.02505
