Car -1 -1 0.00 728 180 883 287 -1 -1 -1 -1000 -1000 -1000 -10 2.04156
Car -1 -1 0.00 434 183 508 223 -1 -1 -1 -1000 -1000 -1000 -10 1.82374
Car -1 -1 0.00 671 175 749 228 -1 -1 -1 -1000 -1000 -1000 -10 1.42144
Car -1 -1 0.00 605 175 641 211 -1 -1 -1 -1000 -1000 -1000 -10 1.08246
Car -1 -1 0.00 436 184 502 223 -1 -1 -1 -1000 -1000 -1000 -10 -0.0946693
Car -1 -1 0.00 1140 82 1166 93 -1 -1 -1 -1000 -1000 -1000 -10 -0.965925
Car -1 -1 0.00 515 109 544 147 -1 -1 -1 -1000 -1000 -1000 -10 -0.975036
Car -1 -1 0.00 1116 96 1240 145 -1 -1 -1 -1000 -1000 -1000 -10 -0.981064
Car -1 -1 0.00 1093 76 1133 100 -1 -1 -1 -1000 -1000 -1000 -10 -0.993883
Car -1 -1 0.00 130 259 248 371 -1 -1 -1 -1000 -1000 -1000 -10 -1.00004
Car -1 -1 0.00 884 135 943 152 -1 -1 -1 -1000 -1000 -1000 -10 -1.00471
Car -1 -1 0.00 415 159 439 189 -1 -1 -1 -1000 -1000 -1000 -10 -1.01008
Car -1 -1 0.00 250 214 281 232 -1 -1 -1 -1000 -1000 -1000 -10 -1.01524
