Car -1 -1 0.00 179 166 274 211 -1 -1 -1 -1000 -1000 -1000 -10 1.59772
Car -1 -1 0.00 675 182 769 250 -1 -1 -1 -1000 -1000 -1000 -10 1.37086
Car -1 -1 0.00 580 168 646 231 -1 -1 -1 -1000 -1000 -1000 -10 1.06054
Car -1 -1 0.00 706 169 871 297 -1 -1 -1 -1000 -1000 -1000 -10 0.812675
Car -1 -1 0.00 652 175 713 221 -1 -1 -1 -1000 -1000 -1000 -10 0.62969
Car -1 -1 0.00 0 164 130 231 -1 -1 -1 -1000 -1000 -1000 -10 0.0835742
Car -1 -1 0.00 443 172 469 187 -1 -1 -1 -1000 -1000 -1000 -10 -0.322518
Car -1 -1 0.00 574 168 648 232 -1 -1 -1 -1000 -1000 -1000 -10 -0.696142
Car -1 -1 0.00 382 174 414 194 -1 -1 -1 -1000 -1000 -1000 -10 -0.911643
Car -1 -1 0.00 892 10 936 52 -1 -1 -1 -1000 -1000 -1000 -10 -0.993346
Car -1 -1 0.00 326 361 353 387 -1 -1 -1 -1000 -1000 -1000 -10 -0.995775
Car -1 -1 0.00 1161 164 1188 173 -1 -1 -1 -1000 -1000 -1000 -10 -1.00226
Car -1 -1 0.00 289 94 372 122 -1 -1 -1 -1000 -1000 -1000 -10 -1.01309
Car -1 -1 0.00 451 112 475 137 -1 -1 -1 -1000 -1000 -1000 -10 -1.02091
Car -1 -1 0.00 589 144 625 164 -1 -1 -1 -1000 -1000 -1000 -10 -1.02543
Car -1 -1 0.00 307 164 359 188 -1 -1 -1 -1000 -1000 -1000 -10 -1.02953
