Car -1 -1 0.00 173 173 370 232 -1 -1 -1 -1000 -1000 -1000 -10 0.824217
Car -1 -1 0.00 835 219 871 246 -1 -1 -1 -1000 -1000 -1000 -10 -0.813739
Car -1 -1 0.00 318 223 467 353 -1 -1 -1 -1000 -1000 -1000 -10 -0.892018
Car -1 -1 0.00 825 236 875 276 -1 -1 -1 -1000 -1000 -1000 -10 -0.905079
Car -1 -1 0.00 729 324 776 359 -1 -1 -1 -1000 -1000 -1000 -10 -0.939583
Car -1 -1 0.00 -5 198 262 285 -1 -1 -1 -1000 -1000 -1000 -10 -0.952504
Car -1 -1 0.00 437 149 460 179 -1 -1 -1 -1000 -1000 -1000 -10 -0.972216
Car -1 -1 0.00 1029 259 1087 279 -1 -1 -1 -1000 -1000 -1000 -10 -1.00741
Car -1 -1 0.00 1067 151 1095 169 -1 -1 -1 -1000 -1000 -1000 -10 -1.01529
Car -1 -1 0.00 1026 80 1058 102 -1 -1 -1 -1000 -1000 -1000 -10 -1.01959
