Car -1 -1 0.00 455 166 543 234 -1 -1 -1 -1000 -1000 -1000 -10 1.46801
Car -1 -1 0.00 851 188 1080 337 -1 -1 -1 -1000 -1000 -1000 -10 1.30957
Car -1 -1 0.00 678 170 740 211 -1 -1 -1 -1000 -1000 -1000 -10 1.13141
Car -1 -1 0.00 33 114 443 374 -1 -1 -1 -1000 -1000 -1000 -10 0.83333
Car -1 -1 0.00 386 181 510 267 -1 -1 -1 -1000 -1000 -1000 -10 0.779371
Car -1 -1 0.00 645 176 677 194 -1 -1 -1 -1000 -1000 -1000 -10 0.159861
Car -1 -1 0.00 750 186 905 266 -1 -1 -1 -1000 -1000 -1000 -10 0.0451873
Car -1 -1 0.00 500 173 565 221 -1 -1 -1 -1000 -1000 -1000 -10 -0.0572539
Car -1 -1 0.00 769 189 895 270 -1 -1 -1 -1000 -1000 -1000 -10 -0.26612
Car -1 -1 0.00 547 170 578 197 -1 -1 -1 -1000 -1000 -1000 -10 -0.288855
Car -1 -1 0.00 435 171 459 186 -1 -1 -1 -1000 -1000 -1000 -10 -0.845585
Car -1 -1 0.00 553 304 578 315 -1 -1 -1 -1000 -1000 -1000 -10 -0.994391
Car -1 -1 0.00 24 127 65 139 -1 -1 -1 -1000 -1000 -1000 -10 -1.02359
Car -1 -1 0.00 946 44 972 64 -1 -1 -1 -1000 -1000 -1000 -10 -1.02907
Car -1 -1 0.00 614 296 718 374 -1 -1 -1 -1000 -1000 -1000 -10 -1.02958
