Car -1 -1 0.00 55 180 215 288 -1 -1 -1 -1000 -1000 -1000 -10 1.39446
Car -1 -1 0.00 693 180 774 217 -1 -1 -1 -1000 -1000 -1000 -10 0.149389
Car -1 -1 0.00 605 175 650 203 -1 -1 -1 -1000 -1000 -1000 -10 -0.150446
Car -1 -1 0.00 564 172 603 198 -1 -1 -1 -1000 -1000 -1000 -10 -0.152001
Car -1 -1 0.00 587 175 625 201 -1 -1 -1 -1000 -1000 -1000 -10 -0.648873
Car -1 -1 0.00 642 166 717 214 -1 -1 -1 -1000 -1000 -1000 -10 -0.750059
Car -1 -1 0.00 572 172 609 197 -1 -1 -1 -1000 -1000 -1000 -10 -0.862415
Car -1 -1 0.00 712 323 744 348 -1 -1 -1 -1000 -1000 -1000 -10 -0.886161
Car -1 -1 0.00 380 169 420 189 -1 -1 -1 -1000 -1000 -1000 -10 -0.900097
Car -1 -1 0.00 647 178 679 211 -1 -1 -1 -1000 -1000 -1000 -10 -0.913008
Car -1 -1 0.00 1050 77 1085 99 -1 -1 -1 -1000 -1000 -1000 -10 -0.941034
Car -1 -1 0.00 1037 51 1081 70 -1 -1 -1 -1000 -1000 -1000 -10 -0.948375
Car -1 -1 0.00 831 90 877 128 -1 -1 -1 -1000 -1000 -1000 -10 -0.969482
Car -1 -1 0.00 160 134 220 162 -1 -1 -1 -1000 -1000 -1000 -10 -0.984085
Car -1 -1 0.00 988 48 1062 83 -1 -1 -1 -1000 -1000 -1000 -10 -0.984324
Car -1 -1 0.00 308 128 339 153 -1 -1 -1 -1000 -1000 -1000 -10 -0.998176
Car -1 -1 0.00 111 51 136 64 -1 -1 -1 -1000 -1000 -1000 -10 -1.00029
Car -1 -1 0.00 1004 129 1034 150 -1 -1 -1 -1000 -1000 -1000 -10 -1.00198
Car -1 -1 0.00 60 97 84 125 -1 -1 -1 -1000 -1000 -1000 -10 -1.00442
Car -1 -1 0.00 503 102 527 133 -1 -1 -1 -1000 -1000 -1000 -10 -1.00745
Car -1 -1 0.00 921 72 954 107 -1 -1 -1 -1000 -1000 -1000 -10 -1.00808
Car -1 -1 0.00 1095 209 1122 225 -1 -1 -1 -1000 -1000 -1000 -10 -1.01019
Car -1 -1 0.00 354 316 380 327 -1 -1 -1 -1000 -1000 -1000 -10 -1.0157
Car -1 -1 0.00 1073 251 1131 298 -1 -1 -1 -1000 -1000 -1000 -10 -1.02595
Car -1 -1 0.00 919 31 946 47 -1 -1 -1 -1000 -1000 -1000 -10 -1.02899
