Car -1 -1 0.00 765 170 816 184 -1 -1 -1 -1000 -1000 -1000 -10 0.352906
Car -1 -1 0.00 906 165 953 184 -1 -1 -1 -1000 -1000 -1000 -10 -0.161086
Car -1 -1 0.00 843 168 879 183 -1 -1 -1 -1000 -1000 -1000 -10 -0.465664
Car -1 -1 0.00 486 176 514 188 -1 -1 -1 -1000 -1000 -1000 -10 -0.662349
Car -1 -1 0.00 981 162 1053 183 -1 -1 -1 -1000 -1000 -1000 -10 -0.695384
Car -1 -1 0.00 767 171 813 185 -1 -1 -1 -1000 -1000 -1000 -10 -0.701149
Car -1 -1 0.00 1061 158 1136 179 -1 -1 -1 -1000 -1000 -1000 -10 -0.782423
Car -1 -1 0.00 665 219 809 278 -1 -1 -1 -1000 -1000 -1000 -10 -0.905556
Car -1 -1 0.00 1173 158 1236 176 -1 -1 -1 -1000 -1000 -1000 -10 -0.977572
Car -1 -1 0.00 487 124 515 154 -1 -1 -1 -1000 -1000 -1000 -10 -0.990355
Car -1 -1 0.00 1154 119 1179 147 -1 -1 -1 -1000 -1000 -1000 -10 -1.01543
Car -1 -1 0.00 694 163 742 185 -1 -1 -1 -1000 -1000 -1000 -10 -1.01549
Car -1 -1 0.00 977 182 1005 205 -1 -1 -1 -1000 -1000 -1000 -10 -1.02176
Car -1 -1 0.00 659 346 699 357 -1 -1 -1 -1000 -1000 -1000 -10 -1.02616
Car -1 -1 0.00 767 198 897 238 -1 -1 -1 -1000 -1000 -1000 -10 -1.02717
