Car -1 -1 0.00 377 178 599 310 -1 -1 -1 -1000 -1000 -1000 -10 0.780028
Car -1 -1 0.00 9 178 96 250 -1 -1 -1 -1000 -1000 -1000 -10 -0.433751
Car -1 -1 0.00 525 156 945 410 -1 -1 -1 -1000 -1000 -1000 -10 -0.620456
Car -1 -1 0.00 202 162 299 203 -1 -1 -1 -1000 -1000 -1000 -10 -0.702679
Car -1 -1 0.00 961 158 1105 218 -1 -1 -1 -1000 -1000 -1000 -10 -0.798966
Car -1 -1 0.00 1131 225 1171 249 -1 -1 -1 -1000 -1000 -1000 -10 -0.821807
Car -1 -1 0.00 18 178 103 217 -1 -1 -1 -1000 -1000 -1000 -10 -0.861611
Car -1 -1 0.00 1088 223 1127 246 -1 -1 -1 -1000 -1000 -1000 -10 -0.894812
Car -1 -1 0.00 521 160 552 179 -1 -1 -1 -1000 -1000 -1000 -10 -0.913233
Car -1 -1 0.00 1079 226 1112 245 -1 -1 -1 -1000 -1000 -1000 -10 -0.929853
Car -1 -1 0.00 1062 226 1096 248 -1 -1 -1 -1000 -1000 -1000 -10 -0.938461
Car -1 -1 0.00 604 98 631 109 -1 -1 -1 -1000 -1000 -1000 -10 -0.957308
Car -1 -1 0.00 292 176 383 219 -1 -1 -1 -1000 -1000 -1000 -10 -0.966982
Car -1 -1 0.00 968 220 1002 238 -1 -1 -1 -1000 -1000 -1000 -10 -0.983632
Car -1 -1 0.00 304 177 427 225 -1 -1 -1 -1000 -1000 -1000 -10 -1.00317
Car -1 -1 0.00 955 217 986 235 -1 -1 -1 -1000 -1000 -1000 -10 -1.00393
Car -1 -1 0.00 271 63 336 85 -1 -1 -1 -1000 -1000 -1000 -10 -1.0201
Car -1 -1 0.00 928 214 961 232 -1 -1 -1 -1000 -1000 -1000 -10 -1.02021
Car -1 -1 0.00 1073 90 1098 109 -1 -1 -1 -1000 -1000 -1000 -10 -1.02943
