Car -1 -1 0.00 468 177 510 203 -1 -1 -1 -1000 -1000 -1000 -10 2.20301
Car -1 -1 0.00 734 174 803 220 -1 -1 -1 -1000 -1000 -1000 -10 1.72105
Car -1 -1 0.00 424 181 458 194 -1 -1 -1 -1000 -1000 -1000 -10 0.491897
Car -1 -1 0.00 1018 143 1083 168 -1 -1 -1 -1000 -1000 -1000 -10 -0.0307027
Car -1 -1 0.00 1146 138 1219 165 -1 -1 -1 -1000 -1000 -1000 -10 -0.560558
Car -1 -1 0.00 506 174 530 191 -1 -1 -1 -1000 -1000 -1000 -10 -0.563523
Car -1 -1 0.00 264 175 361 218 -1 -1 -1 -1000 -1000 -1000 -10 -0.649144
Car -1 -1 0.00 397 148 444 180 -1 -1 -1 -1000 -1000 -1000 -10 -0.844986
Car -1 -1 0.00 16 183 53 221 -1 -1 -1 -1000 -1000 -1000 -10 -0.883907
Car -1 -1 0.00 618 170 637 188 -1 -1 -1 -1000 -1000 -1000 -10 -0.894865
Car -1 -1 0.00 782 142 804 172 -1 -1 -1 -1000 -1000 -1000 -10 -0.966276
Car -1 -1 0.00 897 68 961 88 -1 -1 -1 -1000 -1000 -1000 -10 -0.968121
Car -1 -1 0.00 428 307 483 345 -1 -1 -1 -1000 -1000 -1000 -10 -0.987853
Car -1 -1 0.00 1114 140 1179 165 -1 -1 -1 -1000 -1000 -1000 -10 -0.989008
Car -1 -1 0.00 348 202 378 219 -1 -1 -1 -1000 -1000 -1000 -10 -1.01233
Car -1 -1 0.00 84 156 152 180 -1 -1 -1 -1000 -1000 -1000 -10 -1.02629
Car -1 -1 0.00 1141 73 1170 92 -1 -1 -1 -1000 -1000 -1000 -10 -1.02666
