Car -1 -1 0.00 329 181 485 287 -1 -1 -1 -1000 -1000 -1000 -10 1.54999
Car -1 -1 0.00 488 172 551 221 -1 -1 -1 -1000 -1000 -1000 -10 1.40024
Car -1 -1 0.00 665 176 715 207 -1 -1 -1 -1000 -1000 -1000 -10 1.16361
Car -1 -1 0.00 804 166 1093 295 -1 -1 -1 -1000 -1000 -1000 -10 0.333859
Car -1 -1 0.00 161 178 255 212 -1 -1 -1 -1000 -1000 -1000 -10 0.223559
Car -1 -1 0.00 551 173 576 193 -1 -1 -1 -1000 -1000 -1000 -10 -0.0288389
Car -1 -1 0.00 406 163 517 251 -1 -1 -1 -1000 -1000 -1000 -10 -0.146995
Car -1 -1 0.00 156 198 426 374 -1 -1 -1 -1000 -1000 -1000 -10 -0.479283
Car -1 -1 0.00 584 171 610 187 -1 -1 -1 -1000 -1000 -1000 -10 -0.593286
Car -1 -1 0.00 1131 188 1205 221 -1 -1 -1 -1000 -1000 -1000 -10 -0.688865
Car -1 -1 0.00 493 171 575 224 -1 -1 -1 -1000 -1000 -1000 -10 -0.748546
Car -1 -1 0.00 1079 188 1157 215 -1 -1 -1 -1000 -1000 -1000 -10 -0.786406
Car -1 -1 0.00 269 174 343 203 -1 -1 -1 -1000 -1000 -1000 -10 -0.810713
Car -1 -1 0.00 268 175 306 203 -1 -1 -1 -1000 -1000 -1000 -10 -0.833832
Car -1 -1 0.00 537 327 600 373 -1 -1 -1 -1000 -1000 -1000 -10 -0.874003
Car -1 -1 0.00 -3 180 238 248 -1 -1 -1 -1000 -1000 -1000 -10 -0.991415
Car -1 -1 0.00 878 172 920 210 -1 -1 -1 -1000 -1000 -1000 -10 -0.998878
