Car -1 -1 0.00 449 189 515 237 -1 -1 -1 -1000 -1000 -1000 -10 1.63903
Car -1 -1 0.00 659 181 743 242 -1 -1 -1 -1000 -1000 -1000 -10 0.865749
Car -1 -1 0.00 504 184 534 207 -1 -1 -1 -1000 -1000 -1000 -10 0.591737
Car -1 -1 0.00 622 178 676 218 -1 -1 -1 -1000 -1000 -1000 -10 -0.163672
Car -1 -1 0.00 638 184 694 226 -1 -1 -1 -1000 -1000 -1000 -10 -0.209752
Car -1 -1 0.00 84 223 385 358 -1 -1 -1 -1000 -1000 -1000 -10 -0.402916
Car -1 -1 0.00 412 195 443 223 -1 -1 -1 -1000 -1000 -1000 -10 -0.802113
Car -1 -1 0.00 599 180 632 204 -1 -1 -1 -1000 -1000 -1000 -10 -0.943024
Car -1 -1 0.00 211 199 235 229 -1 -1 -1 -1000 -1000 -1000 -10 -0.996987
Car -1 -1 0.00 912 186 946 197 -1 -1 -1 -1000 -1000 -1000 -10 -0.999214
Car -1 -1 0.00 342 121 367 142 -1 -1 -1 -1000 -1000 -1000 -10 -1.00975
Car -1 -1 0.00 610 179 649 208 -1 -1 -1 -1000 -1000 -1000 -10 -1.02495
