Car -1 -1 0.00 700 181 790 243 -1 -1 -1 -1000 -1000 -1000 -10 1.99473
Car -1 -1 0.00 384 182 497 226 -1 -1 -1 -1000 -1000 -1000 -10 1.17013
Car -1 -1 0.00 836 172 867 185 -1 -1 -1 -1000 -1000 -1000 -10 0.435197
Car -1 -1 0.00 695 179 741 197 -1 -1 -1 -1000 -1000 -1000 -10 -0.807905
Car -1 -1 0.00 923 208 944 225 -1 -1 -1 -1000 -1000 -1000 -10 -0.894805
Car -1 -1 0.00 911 301 939 321 -1 -1 -1 -1000 -1000 -1000 -10 -0.974963
Car -1 -1 0.00 594 -3 649 29 -1 -1 -1 -1000 -1000 -1000 -10 -0.983306
Car -1 -1 0.00 900 256 1034 296 -1 -1 -1 -1000 -1000 -1000 -10 -1.00588
Car -1 -1 0.00 355 299 388 313 -1 -1 -1 -1000 -1000 -1000 -10 -1.01317
Car -1 -1 0.00 919 290 996 316 -1 -1 -1 -1000 -1000 -1000 -10 -1.02128
Car -1 -1 0.00 409 106 463 168 -1 -1 -1 -1000 -1000 -1000 -10 -1.02357
Car -1 -1 0.00 236 12 359 45 -1 -1 -1 -1000 -1000 -1000 -10 -1.02788
