Car -1 -1 0.00 518 184 558 211 -1 -1 -1 -1000 -1000 -1000 -10 0.575973
Car -1 -1 0.00 570 177 593 194 -1 -1 -1 -1000 -1000 -1000 -10 0.214328
Car -1 -1 0.00 586 168 629 194 -1 -1 -1 -1000 -1000 -1000 -10 -0.963482
Car -1 -1 0.00 259 -2 291 31 -1 -1 -1 -1000 -1000 -1000 -10 -0.98893
Car -1 -1 0.00 106 254 133 276 -1 -1 -1 -1000 -1000 -1000 -10 -1.00053
Car -1 -1 0.00 445 277 470 301 -1 -1 -1 -1000 -1000 -1000 -10 -1.00256
Car -1 -1 0.00 394 223 486 253 -1 -1 -1 -1000 -1000 -1000 -10 -1.00304
Car -1 -1 0.00 239 71 264 91 -1 -1 -1 -1000 -1000 -1000 -10 -1.01164
Car -1 -1 0.00 346 47 378 70 -1 -1 -1 -1000 -1000 -1000 -10 -1.01754
Car -1 -1 0.00 616 287 649 316 -1 -1 -1 -1000 -1000 -1000 -10 -1.01872
