Car -1 -1 0.00 87 183 355 314 -1 -1 -1 -1000 -1000 -1000 -10 0.78916
Car -1 -1 0.00 275 175 348 196 -1 -1 -1 -1000 -1000 -1000 -10 -0.240412
Car -1 -1 0.00 418 170 460 187 -1 -1 -1 -1000 -1000 -1000 -10 -0.281768
Car -1 -1 0.00 752 172 803 190 -1 -1 -1 -1000 -1000 -1000 -10 -0.675202
Car -1 -1 0.00 371 112 394 134 -1 -1 -1 -1000 -1000 -1000 -10 -0.695345
Car -1 -1 0.00 1064 90 1095 106 -1 -1 -1 -1000 -1000 -1000 -10 -0.905605
Car -1 -1 0.00 40 182 91 198 -1 -1 -1 -1000 -1000 -1000 -10 -0.926244
Car -1 -1 0.00 925 133 955 148 -1 -1 -1 -1000 -1000 -1000 -10 -0.937251
Car -1 -1 0.00 629 161 652 181 -1 -1 -1 -1000 -1000 -1000 -10 -0.984825
Car -1 -1 0.00 210 176 260 196 -1 -1 -1 -1000 -1000 -1000 -10 -0.996327
Car -1 -1 0.00 1089 203 1114 223 -1 -1 -1 -1000 -1000 -1000 -10 -1.00898
Car -1 -1 0.00 247 66 283 77 -1 -1 -1 -1000 -1000 -1000 -10 -1.01635
Car -1 -1 0.00 228 -3 327 26 -1 -1 -1 -1000 -1000 -1000 -10 -1.01968
