Car -1 -1 0.00 405 170 493 212 -1 -1 -1 -1000 -1000 -1000 -10 1.50696
Car -1 -1 0.00 307 173 363 196 -1 -1 -1 -1000 -1000 -1000 -10 0.969705
Car -1 -1 0.00 696 127 1072 364 -1 -1 -1 -1000 -1000 -1000 -10 -0.15557
Car -1 -1 0.00 356 161 403 194 -1 -1 -1 -1000 -1000 -1000 -10 -0.649836
Car -1 -1 0.00 152 195 179 221 -1 -1 -1 -1000 -1000 -1000 -10 -0.894197
Car -1 -1 0.00 169 46 247 104 -1 -1 -1 -1000 -1000 -1000 -10 -0.899102
Car -1 -1 0.00 714 41 739 59 -1 -1 -1 -1000 -1000 -1000 -10 -0.957325
Car -1 -1 0.00 1228 -6 1252 5 -1 -1 -1 -1000 -1000 -1000 -10 -0.95817
Car -1 -1 0.00 307 171 377 195 -1 -1 -1 -1000 -1000 -1000 -10 -0.965434
Car -1 -1 0.00 79 353 187 385 -1 -1 -1 -1000 -1000 -1000 -10 -0.989068
Car -1 -1 0.00 141 282 245 323 -1 -1 -1 -1000 -1000 -1000 -10 -0.996831
Car -1 -1 0.00 362 175 393 195 -1 -1 -1 -1000 -1000 -1000 -10 -1.00098
Car -1 -1 0.00 243 26 273 60 -1 -1 -1 -1000 -1000 -1000 -10 -1.02028
Car -1 -1 0.00 74 95 98 119 -1 -1 -1 -1000 -1000 -1000 -10 -1.02989
