Car -1 -1 0.00 743 168 958 320 -1 -1 -1 -1000 -1000 -1000 -10 1.71277
Car -1 -1 0.00 440 185 516 244 -1 -1 -1 -1000 -1000 -1000 -10 1.69741
Car -1 -1 0.00 669 177 750 235 -1 -1 -1 -1000 -1000 -1000 -10 1.64276
Car -1 -1 0.00 506 180 558 216 -1 -1 -1 -1000 -1000 -1000 -10 1.53548
Car -1 -1 0.00 169 188 429 362 -1 -1 -1 -1000 -1000 -1000 -10 0.826802
Car -1 -1 0.00 354 186 488 280 -1 -1 -1 -1000 -1000 -1000 -10 0.59819
Car -1 -1 0.00 634 175 666 198 -1 -1 -1 -1000 -1000 -1000 -10 0.414937
Car -1 -1 0.00 540 177 572 203 -1 -1 -1 -1000 -1000 -1000 -10 -0.677767
Car -1 -1 0.00 671 172 715 191 -1 -1 -1 -1000 -1000 -1000 -10 -0.750529
Car -1 -1 0.00 217 131 241 160 -1 -1 -1 -1000 -1000 -1000 -10 -0.854766
Car -1 -1 0.00 360 91 391 106 -1 -1 -1 -1000 -1000 -1000 -10 -0.956003
Car -1 -1 0.00 829 323 854 343 -1 -1 -1 -1000 -1000 -1000 -10 -0.967496
Car -1 -1 0.00 1077 130 1185 207 -1 -1 -1 -1000 -1000 -1000 -10 -0.984278
Car -1 -1 0.00 218 45 298 104 -1 -1 -1 -1000 -1000 -1000 -10 -0.985591
Car -1 -1 0.00 1151 187 1180 209 -1 -1 -1 -1000 -1000 -1000 -10 -1.00188
Car -1 -1 0.00 426 18 477 57 -1 -1 -1 -1000 -1000 -1000 -10 -1.01557
Car -1 -1 0.00 540 12 639 48 -1 -1 -1 -1000 -1000 -1000 -10 -1.02458
