Car -1 -1 0.00 26 166 184 235 -1 -1 -1 -1000 -1000 -1000 -10 2.88402
Car -1 -1 0.00 295 168 483 287 -1 -1 -1 -1000 -1000 -1000 -10 1.65048
Car -1 -1 0.00 518 183 595 205 -1 -1 -1 -1000 -1000 -1000 -10 -0.156792
Car -1 -1 0.00 996 231 1068 284 -1 -1 -1 -1000 -1000 -1000 -10 -0.169764
Car -1 -1 0.00 452 177 478 194 -1 -1 -1 -1000 -1000 -1000 -10 -0.360371
Car -1 -1 0.00 886 237 922 258 -1 -1 -1 -1000 -1000 -1000 -10 -0.488111
Car -1 -1 0.00 216 114 276 133 -1 -1 -1 -1000 -1000 -1000 -10 -0.924986
Car -1 -1 0.00 905 242 937 263 -1 -1 -1 -1000 -1000 -1000 -10 -0.943557
Car -1 -1 0.00 76 158 122 178 -1 -1 -1 -1000 -1000 -1000 -10 -0.968989
Car -1 -1 0.00 1106 37 1147 63 -1 -1 -1 -1000 -1000 -1000 -10 -0.973147
Car -1 -1 0.00 468 176 509 193 -1 -1 -1 -1000 -1000 -1000 -10 -1.01298
Car -1 -1 0.00 990 64 1034 107 -1 -1 -1 -1000 -1000 -1000 -10 -1.01484
Car -1 -1 0.00 121 280 195 300 -1 -1 -1 -1000 -1000 -1000 -10 -1.01969
