Car -1 -1 0.00 862 291 910 327 -1 -1 -1 -1000 -1000 -1000 -10 -0.551742
Car -1 -1 0.00 625 178 673 194 -1 -1 -1 -1000 -1000 -1000 -10 -0.593955
Car -1 -1 0.00 846 177 899 202 -1 -1 -1 -1000 -1000 -1000 -10 -0.874344
Car -1 -1 0.00 82 85 112 105 -1 -1 -1 -1000 -1000 -1000 -10 -0.896952
Car -1 -1 0.00 169 29 193 58 -1 -1 -1 -1000 -1000 -1000 -10 -0.998261
Car -1 -1 0.00 754 165 812 187 -1 -1 -1 -1000 -1000 -1000 -10 -1.00814
Car -1 -1 0.00 161 256 226 274 -1 -1 -1 -1000 -1000 -1000 -10 -1.0084
Car -1 -1 0.00 317 34 343 46 -1 -1 -1 -1000 -1000 -1000 -10 -1.01012
Car -1 -1 0.00 174 163 200 176 -1 -1 -1 -1000 -1000 -1000 -10 -1.01987
Car -1 -1 0.00 496 28 521 56 -1 -1 -1 -1000 -1000 -1000 -10 -1.02621
Car -1 -1 0.00 981 116 1017 150 -1 -1 -1 -1000 -1000 -1000 -10 -1.02656
