Car -1 -1 0.00 154 162 277 220 -1 -1 -1 -1000 -1000 -1000 -10 1.56753
Car -1 -1 0.00 661 176 690 197 -1 -1 -1 -1000 -1000 -1000 -10 1.27322
Car -1 -1 0.00 419 176 455 197 -1 -1 -1 -1000 -1000 -1000 -10 0.794568
Car -1 -1 0.00 899 171 945 193 -1 -1 -1 -1000 -1000 -1000 -10 -0.829267
Car -1 -1 0.00 655 200 679 225 -1 -1 -1 -1000 -1000 -1000 -10 -0.901827
Car -1 -1 0.00 907 112 935 138 -1 -1 -1 -1000 -1000 -1000 -10 -0.920067
Car -1 -1 0.00 543 111 566 139 -1 -1 -1 -1000 -1000 -1000 -10 -0.949409
Car -1 -1 0.00 60 141 113 185 -1 -1 -1 -1000 -1000 -1000 -10 -0.958926
Car -1 -1 0.00 605 177 632 197 -1 -1 -1 -1000 -1000 -1000 -10 -0.996834
Car -1 -1 0.00 103 136 179 188 -1 -1 -1 -1000 -1000 -1000 -10 -0.99803
Car -1 -1 0.00 212 249 251 262 -1 -1 -1 -1000 -1000 -1000 -10 -1.01544
Car -1 -1 0.00 1126 163 1153 192 -1 -1 -1 -1000 -1000 -1000 -10 -1.01689
Car -1 -1 0.00 232 161 268 195 -1 -1 -1 -1000 -1000 -1000 -10 -1.02833
