Car -1 -1 0.00 850 175 873 193 -1 -1 -1 -1000 -1000 -1000 -10 0.127958
Car -1 -1 0.00 919 172 943 190 -1 -1 -1 -1000 -1000 -1000 -10 -0.120251
Car -1 -1 0.00 860 172 886 190 -1 -1 -1 -1000 -1000 -1000 -10 -0.654468
Car -1 -1 0.00 886 164 917 185 -1 -1 -1 -1000 -1000 -1000 -10 -0.810777
Car -1 -1 0.00 1053 129 1128 153 -1 -1 -1 -1000 -1000 -1000 -10 -0.854548
Car -1 -1 0.00 676 184 710 203 -1 -1 -1 -1000 -1000 -1000 -10 -0.87898
Car -1 -1 0.00 701 167 726 190 -1 -1 -1 -1000 -1000 -1000 -10 -0.916818
Car -1 -1 0.00 569 180 594 191 -1 -1 -1 -1000 -1000 -1000 -10 -0.941892
Car -1 -1 0.00 1042 224 1069 242 -1 -1 -1 -1000 -1000 -1000 -10 -0.960461
Car -1 -1 0.00 805 179 831 194 -1 -1 -1 -1000 -1000 -1000 -10 -0.966998
Car -1 -1 0.00 197 142 228 155 -1 -1 -1 -1000 -1000 -1000 -10 -0.993525
Car -1 -1 0.00 41 205 106 228 -1 -1 -1 -1000 -1000 -1000 -10 -0.994207
Car -1 -1 0.00 187 210 245 236 -1 -1 -1 -1000 -1000 -1000 -10 -1.0061
Car -1 -1 0.00 458 94 497 106 -1 -1 -1 -1000 -1000 -1000 -10 -1.01005
Car -1 -1 0.00 63 178 107 204 -1 -1 -1 -1000 -1000 -1000 -10 -1.02509
Car -1 -1 0.00 311 314 349 331 -1 -1 -1 -1000 -1000 -1000 -10 -1.0258
