Car -1 -1 0.00 667 182 779 232 -1 -1 -1 -1000 -1000 -1000 -10 -0.346317
Car -1 -1 0.00 1039 192 1087 235 -1 -1 -1 -1000 -1000 -1000 -10 -0.622472
Car -1 -1 0.00 605 171 663 194 -1 -1 -1 -1000 -1000 -1000 -10 -0.686411
Car -1 -1 0.00 825 261 866 291 -1 -1 -1 -1000 -1000 -1000 -10 -0.850732
Car -1 -1 0.00 96 65 122 87 -1 -1 -1 -1000 -1000 -1000 -10 -0.86745
Car -1 -1 0.00 381 202 406 222 -1 -1 -1 -1000 -1000 -1000 -10 -0.883121
Car -1 -1 0.00 943 267 987 313 -1 -1 -1 -1000 -1000 -1000 -10 -0.896762
Car -1 -1 0.00 804 172 902 208 -1 -1 -1 -1000 -1000 -1000 -10 -0.897085
Car -1 -1 0.00 579 144 617 171 -1 -1 -1 -1000 -1000 -1000 -10 -0.969287
Car -1 -1 0.00 1126 153 1157 187 -1 -1 -1 -1000 -1000 -1000 -10 -0.972122
Car -1 -1 0.00 1070 160 1100 174 -1 -1 -1 -1000 -1000 -1000 -10 -1.00417
Car -1 -1 0.00 1142 90 1174 124 -1 -1 -1 -1000 -1000 -1000 -10 -1.01171
Car -1 -1 0.00 485 85 543 136 -1 -1 -1 -1000 -1000 -1000 -10 -1.02476
