Car -1 -1 0.00 600 169 705 205 -1 -1 -1 -1000 -1000 -1000 -10 1.64948
Car -1 -1 0.00 29 186 171 227 -1 -1 -1 -1000 -1000 -1000 -10 0.152024
Car -1 -1 0.00 270 184 357 216 -1 -1 -1 -1000 -1000 -1000 -10 0.025012
Car -1 -1 0.00 445 168 488 198 -1 -1 -1 -1000 -1000 -1000 -10 -0.0673383
Car -1 -1 0.00 740 170 828 198 -1 -1 -1 -1000 -1000 -1000 -10 -0.29799
Car -1 -1 0.00 265 185 365 215 -1 -1 -1 -1000 -1000 -1000 -10 -0.527224
Car -1 -1 0.00 756 173 847 199 -1 -1 -1 -1000 -1000 -1000 -10 -0.81705
Car -1 -1 0.00 598 162 717 205 -1 -1 -1 -1000 -1000 -1000 -10 -0.879793
Car -1 -1 0.00 159 117 212 170 -1 -1 -1 -1000 -1000 -1000 -10 -0.915888
Car -1 -1 0.00 1073 -46 1216 92 -1 -1 -1 -1000 -1000 -1000 -10 -0.930702
Car -1 -1 0.00 1110 210 1139 225 -1 -1 -1 -1000 -1000 -1000 -10 -0.954463
Car -1 -1 0.00 163 84 190 111 -1 -1 -1 -1000 -1000 -1000 -10 -0.979458
Car -1 -1 0.00 -4 308 111 350 -1 -1 -1 -1000 -1000 -1000 -10 -0.994934
Car -1 -1 0.00 978 100 1017 134 -1 -1 -1 -1000 -1000 -1000 -10 -1.01554
Car -1 -1 0.00 731 174 772 202 -1 -1 -1 -1000 -1000 -1000 -10 -1.01821
Car -1 -1 0.00 998 256 1098 361 -1 -1 -1 -1000 -1000 -1000 -10 -1.02446
