Car -1 -1 0.00 494 257 544 299 -1 -1 -1 -1000 -1000 -1000 -10 -0.749068
Car -1 -1 0.00 431 265 483 287 -1 -1 -1 -1000 -1000 -1000 -10 -0.757664
Car -1 -1 0.00 705 52 740 67 -1 -1 -1 -1000 -1000 -1000 -10 -0.77283
Car -1 -1 0.00 603 204 652 249 -1 -1 -1 -1000 -1000 -1000 -10 -0.854441
Car -1 -1 0.00 120 90 186 121 -1 -1 -1 -1000 -1000 -1000 -10 -0.868377
Car -1 -1 0.00 595 280 642 319 -1 -1 -1 -1000 -1000 -1000 -10 -0.8881
Car -1 -1 0.00 1168 107 1197 139 -1 -1 -1 -1000 -1000 -1000 -10 -0.967383
Car -1 -1 0.00 48 249 73 268 -1 -1 -1 -1000 -1000 -1000 -10 -0.979194
Car -1 -1 0.00 1144 211 1182 245 -1 -1 -1 -1000 -1000 -1000 -10 -0.979866
Car -1 -1 0.00 1023 13 1080 31 -1 -1 -1 -1000 -1000 -1000 -10 -0.995899
Car -1 -1 0.00 122 82 151 97 -1 -1 -1 -1000 -1000 -1000 -10 -1.00207
Car -1 -1 0.00 443 126 470 137 -1 -1 -1 -1000 -1000 -1000 -10 -1.01392
Car -1 -1 0.00 77 142 106 157 -1 -1 -1 -1000 -1000 -1000 -10 -1.02102
