Car -1 -1 0.00 717 141 899 217 -1 -1 -1 -1000 -1000 -1000 -10 1.49081
Car -1 -1 0.00 1142 114 1208 141 -1 -1 -1 -1000 -1000 -1000 -10 1.14301
Car -1 -1 0.00 895 61 929 85 -1 -1 -1 -1000 -1000 -1000 -10 -0.79394
Car -1 -1 0.00 792 120 832 151 -1 -1 -1 -1000 -1000 -1000 -10 -0.966126
Car -1 -1 0.00 650 105 690 140 -1 -1 -1 -1000 -1000 -1000 -10 -0.968553
Car -1 -1 0.00 975 110 1000 129 -1 -1 -1 -1000 -1000 -1000 -10 -0.983697
Car -1 -1 0.00 729 121 783 138 -1 -1 -1 -1000 -1000 -1000 -10 -1.002
Car -1 -1 0.00 911 284 932 319 -1 -1 -1 -1000 -1000 -1000 -10 -1.02315
Car -1 -1 0.00 886 122 913 142 -1 -1 -1 -1000 -1000 -1000 -10 -1.02802
Car -1 -1 0.00 489 81 530 122 -1 -1 -1 -1000 -1000 -1000 -10 -1.02958
