Car -1 -1 0.00 467 180 540 225 -1 -1 -1 -1000 -1000 -1000 -10 1.47571
Car -1 -1 0.00 603 174 645 210 -1 -1 -1 -1000 -1000 -1000 -10 1.02955
Car -1 -1 0.00 581 169 606 188 -1 -1 -1 -1000 -1000 -1000 -10 0.624636
Car -1 -1 0.00 1177 48 1213 59 -1 -1 -1 -1000 -1000 -1000 -10 -0.997093
Car -1 -1 0.00 1101 103 1145 117 -1 -1 -1 -1000 -1000 -1000 -10 -1.00943
Car -1 -1 0.00 502 165 538 194 -1 -1 -1 -1000 -1000 -1000 -10 -1.01082
Car -1 -1 0.00 1041 150 1077 161 -1 -1 -1 -1000 -1000 -1000 -10 -1.01498
Car -1 -1 0.00 1104 127 1147 141 -1 -1 -1 -1000 -1000 -1000 -10 -1.01526
Car -1 -1 0.00 921 226 956 237 -1 -1 -1 -1000 -1000 -1000 -10 -1.01705
Car -1 -1 0.00 1153 50 1189 61 -1 -1 -1 -1000 -1000 -1000 -10 -1.01754
Car -1 -1 0.00 1072 116 1133 136 -1 -1 -1 -1000 -1000 -1000 -10 -1.0187
Car -1 -1 0.00 1080 129 1122 143 -1 -1 -1 -1000 -1000 -1000 -10 -1.0194
Car -1 -1 0.00 1081 140 1117 151 -1 -1 -1 -1000 -1000 -1000 -10 -1.01973
Car -1 -1 0.00 1043 162 1079 173 -1 -1 -1 -1000 -1000 -1000 -10 -1.01994
Car -1 -1 0.00 984 204 1019 215 -1 -1 -1 -1000 -1000 -1000 -10 -1.02063
Car -1 -1 0.00 1109 132 1145 143 -1 -1 -1 -1000 -1000 -1000 -10 -1.02128
Car -1 -1 0.00 991 201 1034 215 -1 -1 -1 -1000 -1000 -1000 -10 -1.02223
Car -1 -1 0.00 1190 31 1232 45 -1 -1 -1 -1000 -1000 -1000 -10 -1.02364
Car -1 -1 0.00 1068 144 1109 157 -1 -1 -1 -1000 -1000 -1000 -10 -1.02428
Car -1 -1 0.00 1082 128 1116 139 -1 -1 -1 -1000 -1000 -1000 -10 -1.02491
Car -1 -1 0.00 1072 160 1107 171 -1 -1 -1 -1000 -1000 -1000 -10 -1.02543
Car -1 -1 0.00 981 206 1024 220 -1 -1 -1 -1000 -1000 -1000 -10 -1.02589
Car -1 -1 0.00 1162 100 1203 114 -1 -1 -1 -1000 -1000 -1000 -10 -1.02665
Car -1 -1 0.00 982 196 1034 213 -1 -1 -1 -1000 -1000 -1000 -10 -1.02755
Car -1 -1 0.00 1181 100 1216 111 -1 -1 -1 -1000 -1000 -1000 -10 -1.02807
Car -1 -1 0.00 975 208 1010 219 -1 -1 -1 -1000 -1000 -1000 -10 -1.02908
Car -1 -1 0.00 990 212 1024 223 -1 -1 -1 -1000 -1000 -1000 -10 -1.02946
Car -1 -1 0.00 1178 36 1220 49 -1 -1 -1 -1000 -1000 -1000 -10 -1.02996
Car -1 -1 0.00 1045 118 1081 129 -1 -1 -1 -1000 -1000 -1000 -10 -1.02999
Car -1 -1 0.00 1173 43 1216 56 -1 -1 -1 -1000 -1000 -1000 -10 -1.02999
