Car -1 -1 0.00 232 185 408 254 -1 -1 -1 -1000 -1000 -1000 -10 1.90335
Car -1 -1 0.00 675 176 748 226 -1 -1 -1 -1000 -1000 -1000 -10 1.24536
Car -1 -1 0.00 385 181 445 222 -1 -1 -1 -1000 -1000 -1000 -10 1.19395
Car -1 -1 0.00 463 180 506 205 -1 -1 -1 -1000 -1000 -1000 -10 0.877667
Car -1 -1 0.00 662 179 706 216 -1 -1 -1 -1000 -1000 -1000 -10 0.593923
Car -1 -1 0.00 -97 189 156 272 -1 -1 -1 -1000 -1000 -1000 -10 -0.554434
Car -1 -1 0.00 700 177 748 225 -1 -1 -1 -1000 -1000 -1000 -10 -0.751657
Car -1 -1 0.00 53 240 102 275 -1 -1 -1 -1000 -1000 -1000 -10 -0.833442
Car -1 -1 0.00 1147 52 1172 80 -1 -1 -1 -1000 -1000 -1000 -10 -0.848639
Car -1 -1 0.00 461 178 511 205 -1 -1 -1 -1000 -1000 -1000 -10 -0.886384
Car -1 -1 0.00 489 180 526 202 -1 -1 -1 -1000 -1000 -1000 -10 -0.914221
Car -1 -1 0.00 900 97 937 113 -1 -1 -1 -1000 -1000 -1000 -10 -0.94509
Car -1 -1 0.00 177 158 258 180 -1 -1 -1 -1000 -1000 -1000 -10 -0.990168
Car -1 -1 0.00 760 186 802 201 -1 -1 -1 -1000 -1000 -1000 -10 -1.00858
Car -1 -1 0.00 50 38 83 52 -1 -1 -1 -1000 -1000 -1000 -10 -1.01765
