Car -1 -1 0.00 249 201 425 269 -1 -1 -1 -1000 -1000 -1000 -10 -0.755391
Car -1 -1 0.00 856 248 898 274 -1 -1 -1 -1000 -1000 -1000 -10 -0.924304
Car -1 -1 0.00 583 100 609 123 -1 -1 -1 -1000 -1000 -1000 -10 -0.932852
Car -1 -1 0.00 106 86 184 121 -1 -1 -1 -1000 -1000 -1000 -10 -0.935948
Car -1 -1 0.00 234 21 274 43 -1 -1 -1 -1000 -1000 -1000 -10 -0.937476
Car -1 -1 0.00 121 79 157 97 -1 -1 -1 -1000 -1000 -1000 -10 -0.939152
Car -1 -1 0.00 1021 12 1092 35 -1 -1 -1 -1000 -1000 -1000 -10 -0.961473
Car -1 -1 0.00 90 99 145 129 -1 -1 -1 -1000 -1000 -1000 -10 -0.984087
Car -1 -1 0.00 631 330 680 369 -1 -1 -1 -1000 -1000 -1000 -10 -0.986775
Car -1 -1 0.00 961 -3 1060 29 -1 -1 -1 -1000 -1000 -1000 -10 -0.991325
Car -1 -1 0.00 675 54 703 66 -1 -1 -1 -1000 -1000 -1000 -10 -1.00123
Car -1 -1 0.00 -14 129 12 158 -1 -1 -1 -1000 -1000 -1000 -10 -1.01421
Car -1 -1 0.00 1139 205 1183 246 -1 -1 -1 -1000 -1000 -1000 -10 -1.02056
Car -1 -1 0.00 540 351 566 375 -1 -1 -1 -1000 -1000 -1000 -10 -1.02273
Car -1 -1 0.00 492 345 533 378 -1 -1 -1 -1000 -1000 -1000 -10 -1.02558
Car -1 -1 0.00 878 161 908 186 -1 -1 -1 -1000 -1000 -1000 -10 -1.02936
Car -1 -1 0.00 545 302 599 361 -1 -1 -1 -1000 -1000 -1000 -10 -1.02958
