Car -1 -1 0.00 1033 160 1122 218 -1 -1 -1 -1000 -1000 -1000 -10 1.01901
Car -1 -1 0.00 29 189 126 230 -1 -1 -1 -1000 -1000 -1000 -10 0.918337
Car -1 -1 0.00 885 158 972 200 -1 -1 -1 -1000 -1000 -1000 -10 0.748546
Car -1 -1 0.00 955 157 1001 188 -1 -1 -1 -1000 -1000 -1000 -10 0.560628
Car -1 -1 0.00 819 159 910 213 -1 -1 -1 -1000 -1000 -1000 -10 0.0903144
Car -1 -1 0.00 991 159 1024 185 -1 -1 -1 -1000 -1000 -1000 -10 -0.543588
Car -1 -1 0.00 1090 157 1141 196 -1 -1 -1 -1000 -1000 -1000 -10 -0.554454
Car -1 -1 0.00 53 249 153 287 -1 -1 -1 -1000 -1000 -1000 -10 -0.888532
Car -1 -1 0.00 569 238 595 260 -1 -1 -1 -1000 -1000 -1000 -10 -0.905023
Car -1 -1 0.00 982 117 1012 138 -1 -1 -1 -1000 -1000 -1000 -10 -0.90748
Car -1 -1 0.00 901 156 963 198 -1 -1 -1 -1000 -1000 -1000 -10 -0.925745
Car -1 -1 0.00 1114 155 1154 192 -1 -1 -1 -1000 -1000 -1000 -10 -0.968174
Car -1 -1 0.00 693 148 761 174 -1 -1 -1 -1000 -1000 -1000 -10 -0.972443
Car -1 -1 0.00 281 -3 313 32 -1 -1 -1 -1000 -1000 -1000 -10 -0.985947
Car -1 -1 0.00 458 62 495 101 -1 -1 -1 -1000 -1000 -1000 -10 -0.989069
Car -1 -1 0.00 451 99 496 118 -1 -1 -1 -1000 -1000 -1000 -10 -0.989186
Car -1 -1 0.00 381 281 414 307 -1 -1 -1 -1000 -1000 -1000 -10 -1.00966
Car -1 -1 0.00 1066 106 1092 134 -1 -1 -1 -1000 -1000 -1000 -10 -1.01462
Car -1 -1 0.00 801 83 828 102 -1 -1 -1 -1000 -1000 -1000 -10 -1.01767
Car -1 -1 0.00 251 346 287 357 -1 -1 -1 -1000 -1000 -1000 -10 -1.01825
Car -1 -1 0.00 286 346 312 357 -1 -1 -1 -1000 -1000 -1000 -10 -1.01942
Car -1 -1 0.00 263 340 299 351 -1 -1 -1 -1000 -1000 -1000 -10 -1.02036
Car -1 -1 0.00 257 338 281 365 -1 -1 -1 -1000 -1000 -1000 -10 -1.02472
Car -1 -1 0.00 269 354 304 365 -1 -1 -1 -1000 -1000 -1000 -10 -1.02721
Car -1 -1 0.00 794 277 1010 333 -1 -1 -1 -1000 -1000 -1000 -10 -1.02811
