Car -1 -1 0.00 630 166 703 200 -1 -1 -1 -1000 -1000 -1000 -10 1.74842
Car -1 -1 0.00 153 187 270 224 -1 -1 -1 -1000 -1000 -1000 -10 0.993491
Car -1 -1 0.00 475 164 525 197 -1 -1 -1 -1000 -1000 -1000 -10 -0.411879
Car -1 -1 0.00 937 166 997 190 -1 -1 -1 -1000 -1000 -1000 -10 -0.756397
Car -1 -1 0.00 183 39 210 68 -1 -1 -1 -1000 -1000 -1000 -10 -0.840171
Car -1 -1 0.00 39 101 85 118 -1 -1 -1 -1000 -1000 -1000 -10 -0.882688
Car -1 -1 0.00 1132 329 1160 349 -1 -1 -1 -1000 -1000 -1000 -10 -0.924223
Car -1 -1 0.00 950 159 1059 202 -1 -1 -1 -1000 -1000 -1000 -10 -0.938473
Car -1 -1 0.00 377 177 404 200 -1 -1 -1 -1000 -1000 -1000 -10 -0.966163
Car -1 -1 0.00 1024 158 1080 198 -1 -1 -1 -1000 -1000 -1000 -10 -0.973217
Car -1 -1 0.00 359 196 398 230 -1 -1 -1 -1000 -1000 -1000 -10 -0.974585
Car -1 -1 0.00 793 129 824 143 -1 -1 -1 -1000 -1000 -1000 -10 -0.986484
Car -1 -1 0.00 840 240 879 254 -1 -1 -1 -1000 -1000 -1000 -10 -0.990608
Car -1 -1 0.00 1076 330 1108 342 -1 -1 -1 -1000 -1000 -1000 -10 -0.998654
Car -1 -1 0.00 943 57 1159 124 -1 -1 -1 -1000 -1000 -1000 -10 -1.00302
Car -1 -1 0.00 1236 192 1279 251 -1 -1 -1 -1000 -1000 -1000 -10 -1.00619
