Car -1 -1 0.00 302 187 364 216 -1 -1 -1 -1000 -1000 -1000 -10 1.04003
Car -1 -1 0.00 708 191 758 231 -1 -1 -1 -1000 -1000 -1000 -10 0.747805
Car -1 -1 0.00 454 184 546 250 -1 -1 -1 -1000 -1000 -1000 -10 0.635857
Car -1 -1 0.00 345 184 400 210 -1 -1 -1 -1000 -1000 -1000 -10 0.535128
Car -1 -1 0.00 431 183 460 202 -1 -1 -1 -1000 -1000 -1000 -10 0.0669761
Car -1 -1 0.00 407 183 442 204 -1 -1 -1 -1000 -1000 -1000 -10 -0.0926635
Car -1 -1 0.00 656 180 687 202 -1 -1 -1 -1000 -1000 -1000 -10 -0.117421
Car -1 -1 0.00 391 184 423 206 -1 -1 -1 -1000 -1000 -1000 -10 -0.31118
Car -1 -1 0.00 515 172 580 227 -1 -1 -1 -1000 -1000 -1000 -10 -0.33715
Car -1 -1 0.00 708 160 734 181 -1 -1 -1 -1000 -1000 -1000 -10 -0.651845
Car -1 -1 0.00 676 189 742 216 -1 -1 -1 -1000 -1000 -1000 -10 -0.660918
Car -1 -1 0.00 669 185 709 215 -1 -1 -1 -1000 -1000 -1000 -10 -0.721634
Car -1 -1 0.00 755 187 820 206 -1 -1 -1 -1000 -1000 -1000 -10 -0.725854
Car -1 -1 0.00 1065 213 1172 283 -1 -1 -1 -1000 -1000 -1000 -10 -0.830917
Car -1 -1 0.00 811 -19 873 42 -1 -1 -1 -1000 -1000 -1000 -10 -0.887696
Car -1 -1 0.00 969 193 994 218 -1 -1 -1 -1000 -1000 -1000 -10 -0.965221
Car -1 -1 0.00 257 122 291 133 -1 -1 -1 -1000 -1000 -1000 -10 -0.990948
Car -1 -1 0.00 783 -11 827 23 -1 -1 -1 -1000 -1000 -1000 -10 -0.995158
Car -1 -1 0.00 1162 92 1188 103 -1 -1 -1 -1000 -1000 -1000 -10 -0.999877
Car -1 -1 0.00 489 177 562 232 -1 -1 -1 -1000 -1000 -1000 -10 -1.00157
Car -1 -1 0.00 62 192 91 213 -1 -1 -1 -1000 -1000 -1000 -10 -1.00976
Car -1 -1 0.00 601 362 629 382 -1 -1 -1 -1000 -1000 -1000 -10 -1.01299
Car -1 -1 0.00 657 184 714 205 -1 -1 -1 -1000 -1000 -1000 -10 -1.01821
Car -1 -1 0.00 984 169 1076 234 -1 -1 -1 -1000 -1000 -1000 -10 -1.02348
