Car -1 -1 0.00 1179 229 1205 248 -1 -1 -1 -1000 -1000 -1000 -10 -0.810127
Car -1 -1 0.00 942 335 1041 369 -1 -1 -1 -1000 -1000 -1000 -10 -0.845172
Car -1 -1 0.00 669 172 720 215 -1 -1 -1 -1000 -1000 -1000 -10 -0.945506
Car -1 -1 0.00 104 90 187 127 -1 -1 -1 -1000 -1000 -1000 -10 -0.976222
Car -1 -1 0.00 442 169 470 183 -1 -1 -1 -1000 -1000 -1000 -10 -0.981504
Car -1 -1 0.00 916 102 967 129 -1 -1 -1 -1000 -1000 -1000 -10 -0.987065
Car -1 -1 0.00 865 10 897 34 -1 -1 -1 -1000 -1000 -1000 -10 -0.991571
Car -1 -1 0.00 250 123 305 151 -1 -1 -1 -1000 -1000 -1000 -10 -0.993866
Car -1 -1 0.00 509 104 571 139 -1 -1 -1 -1000 -1000 -1000 -10 -1.01825
Car -1 -1 0.00 553 279 587 318 -1 -1 -1 -1000 -1000 -1000 -10 -1.02635
