Car -1 -1 0.00 583 209 726 300 -1 -1 -1 -1000 -1000 -1000 -10 -0.845434
Car -1 -1 0.00 767 177 795 198 -1 -1 -1 -1000 -1000 -1000 -10 -0.910336
Car -1 -1 0.00 846 179 876 192 -1 -1 -1 -1000 -1000 -1000 -10 -0.954092
Car -1 -1 0.00 915 136 975 158 -1 -1 -1 -1000 -1000 -1000 -10 -0.962499
Car -1 -1 0.00 1092 32 1118 52 -1 -1 -1 -1000 -1000 -1000 -10 -0.9727
Car -1 -1 0.00 1076 98 1101 122 -1 -1 -1 -1000 -1000 -1000 -10 -0.993231
Car -1 -1 0.00 522 121 547 150 -1 -1 -1 -1000 -1000 -1000 -10 -1.00157
Car -1 -1 0.00 1044 208 1086 222 -1 -1 -1 -1000 -1000 -1000 -10 -1.00999
Car -1 -1 0.00 442 138 473 172 -1 -1 -1 -1000 -1000 -1000 -10 -1.01619
Car -1 -1 0.00 253 64 278 89 -1 -1 -1 -1000 -1000 -1000 -10 -1.02726
