Car -1 -1 0.00 604 179 676 223 -1 -1 -1 -1000 -1000 -1000 -10 1.57109
Car -1 -1 0.00 716 177 805 262 -1 -1 -1 -1000 -1000 -1000 -10 1.1168
Car -1 -1 0.00 807 181 833 200 -1 -1 -1 -1000 -1000 -1000 -10 0.73572
Car -1 -1 0.00 4 191 334 344 -1 -1 -1 -1000 -1000 -1000 -10 0.687863
Car -1 -1 0.00 449 168 591 254 -1 -1 -1 -1000 -1000 -1000 -10 0.651644
Car -1 -1 0.00 688 180 730 207 -1 -1 -1 -1000 -1000 -1000 -10 0.402591
Car -1 -1 0.00 724 163 768 196 -1 -1 -1 -1000 -1000 -1000 -10 -0.966222
Car -1 -1 0.00 198 191 355 304 -1 -1 -1 -1000 -1000 -1000 -10 -0.968239
Car -1 -1 0.00 897 291 1184 375 -1 -1 -1 -1000 -1000 -1000 -10 -1.01114
Car -1 -1 0.00 687 168 791 211 -1 -1 -1 -1000 -1000 -1000 -10 -1.0123
Car -1 -1 0.00 538 113 600 158 -1 -1 -1 -1000 -1000 -1000 -10 -1.02017
