Car -1 -1 0.00 320 197 376 225 -1 -1 -1 -1000 -1000 -1000 -10 1.1138
Car -1 -1 0.00 23 199 209 282 -1 -1 -1 -1000 -1000 -1000 -10 0.869103
Car -1 -1 0.00 475 191 559 248 -1 -1 -1 -1000 -1000 -1000 -10 0.553731
Car -1 -1 0.00 355 193 410 220 -1 -1 -1 -1000 -1000 -1000 -10 -0.107013
Car -1 -1 0.00 654 185 686 207 -1 -1 -1 -1000 -1000 -1000 -10 -0.144956
Car -1 -1 0.00 398 193 430 214 -1 -1 -1 -1000 -1000 -1000 -10 -0.149612
Car -1 -1 0.00 702 193 747 232 -1 -1 -1 -1000 -1000 -1000 -10 -0.251805
Car -1 -1 0.00 436 192 466 210 -1 -1 -1 -1000 -1000 -1000 -10 -0.277427
Car -1 -1 0.00 527 181 580 226 -1 -1 -1 -1000 -1000 -1000 -10 -0.599234
Car -1 -1 0.00 750 184 810 207 -1 -1 -1 -1000 -1000 -1000 -10 -0.627122
Car -1 -1 0.00 655 188 707 210 -1 -1 -1 -1000 -1000 -1000 -10 -0.835925
Car -1 -1 0.00 1066 207 1090 230 -1 -1 -1 -1000 -1000 -1000 -10 -0.851232
Car -1 -1 0.00 419 192 447 212 -1 -1 -1 -1000 -1000 -1000 -10 -0.889284
Car -1 -1 0.00 1152 40 1185 54 -1 -1 -1 -1000 -1000 -1000 -10 -0.903754
Car -1 -1 0.00 868 230 937 250 -1 -1 -1 -1000 -1000 -1000 -10 -0.988098
Car -1 -1 0.00 704 165 729 186 -1 -1 -1 -1000 -1000 -1000 -10 -0.998639
Car -1 -1 0.00 1063 179 1127 228 -1 -1 -1 -1000 -1000 -1000 -10 -1.00572
Car -1 -1 0.00 849 228 902 243 -1 -1 -1 -1000 -1000 -1000 -10 -1.00672
Car -1 -1 0.00 868 226 919 243 -1 -1 -1 -1000 -1000 -1000 -10 -1.00855
Car -1 -1 0.00 590 364 648 380 -1 -1 -1 -1000 -1000 -1000 -10 -1.01556
Car -1 -1 0.00 33 -5 454 129 -1 -1 -1 -1000 -1000 -1000 -10 -1.01582
Car -1 -1 0.00 999 220 1074 263 -1 -1 -1 -1000 -1000 -1000 -10 -1.01934
