Car -1 -1 0.00 184 193 497 304 -1 -1 -1 -1000 -1000 -1000 -10 0.941667
Car -1 -1 0.00 719 147 956 317 -1 -1 -1 -1000 -1000 -1000 -10 0.739595
Car -1 -1 0.00 640 180 707 226 -1 -1 -1 -1000 -1000 -1000 -10 0.48623
Car -1 -1 0.00 677 178 808 273 -1 -1 -1 -1000 -1000 -1000 -10 -0.0203451
Car -1 -1 0.00 108 196 230 260 -1 -1 -1 -1000 -1000 -1000 -10 -0.483129
Car -1 -1 0.00 86 75 108 98 -1 -1 -1 -1000 -1000 -1000 -10 -0.65834
Car -1 -1 0.00 549 178 577 200 -1 -1 -1 -1000 -1000 -1000 -10 -0.685381
Car -1 -1 0.00 28 203 153 264 -1 -1 -1 -1000 -1000 -1000 -10 -0.734104
Car -1 -1 0.00 255 281 330 319 -1 -1 -1 -1000 -1000 -1000 -10 -0.864342
Car -1 -1 0.00 1030 117 1091 189 -1 -1 -1 -1000 -1000 -1000 -10 -0.927033
Car -1 -1 0.00 464 190 538 227 -1 -1 -1 -1000 -1000 -1000 -10 -0.932816
Car -1 -1 0.00 1165 177 1196 200 -1 -1 -1 -1000 -1000 -1000 -10 -0.96418
Car -1 -1 0.00 1185 45 1228 92 -1 -1 -1 -1000 -1000 -1000 -10 -0.979885
Car -1 -1 0.00 -18 133 20 146 -1 -1 -1 -1000 -1000 -1000 -10 -1.00011
Car -1 -1 0.00 1143 178 1174 200 -1 -1 -1 -1000 -1000 -1000 -10 -1.00255
Car -1 -1 0.00 689 319 730 333 -1 -1 -1 -1000 -1000 -1000 -10 -1.01136
Car -1 -1 0.00 67 314 91 324 -1 -1 -1 -1000 -1000 -1000 -10 -1.01312
Car -1 -1 0.00 684 333 726 347 -1 -1 -1 -1000 -1000 -1000 -10 -1.02185
Car -1 -1 0.00 671 298 706 309 -1 -1 -1 -1000 -1000 -1000 -10 -1.02214
Car -1 -1 0.00 1086 190 1124 202 -1 -1 -1 -1000 -1000 -1000 -10 -1.02239
Car -1 -1 0.00 655 298 720 370 -1 -1 -1 -1000 -1000 -1000 -10 -1.025
Car -1 -1 0.00 970 216 1004 227 -1 -1 -1 -1000 -1000 -1000 -10 -1.02763
