Car -1 -1 0.00 428 192 530 263 -1 -1 -1 -1000 -1000 -1000 -10 1.91339
Car -1 -1 0.00 533 188 568 214 -1 -1 -1 -1000 -1000 -1000 -10 0.241018
Car -1 -1 0.00 136 130 161 154 -1 -1 -1 -1000 -1000 -1000 -10 -0.714319
Car -1 -1 0.00 585 178 612 199 -1 -1 -1 -1000 -1000 -1000 -10 -0.737769
Car -1 -1 0.00 538 183 566 196 -1 -1 -1 -1000 -1000 -1000 -10 -0.917707
Car -1 -1 0.00 68 222 98 236 -1 -1 -1 -1000 -1000 -1000 -10 -0.974175
Car -1 -1 0.00 814 222 850 234 -1 -1 -1 -1000 -1000 -1000 -10 -0.992286
Car -1 -1 0.00 414 122 452 136 -1 -1 -1 -1000 -1000 -1000 -10 -1.00186
Car -1 -1 0.00 1177 81 1229 97 -1 -1 -1 -1000 -1000 -1000 -10 -1.0111
Car -1 -1 0.00 133 102 159 136 -1 -1 -1 -1000 -1000 -1000 -10 -1.01709
Car -1 -1 0.00 703 130 728 146 -1 -1 -1 -1000 -1000 -1000 -10 -1.02083
Car -1 -1 0.00 278 234 337 283 -1 -1 -1 -1000 -1000 -1000 -10 -1.02148
Car -1 -1 0.00 805 302 831 313 -1 -1 -1 -1000 -1000 -1000 -10 -1.02292
Car -1 -1 0.00 166 174 215 205 -1 -1 -1 -1000 -1000 -1000 -10 -1.02411
Car -1 -1 0.00 167 206 234 231 -1 -1 -1 -1000 -1000 -1000 -10 -1.02793
