Car -1 -1 0.00 23 184 247 283 -1 -1 -1 -1000 -1000 -1000 -10 2.05595
Car -1 -1 0.00 694 177 741 210 -1 -1 -1 -1000 -1000 -1000 -10 1.43869
Car -1 -1 0.00 331 175 408 221 -1 -1 -1 -1000 -1000 -1000 -10 1.27915
Car -1 -1 0.00 210 172 321 228 -1 -1 -1 -1000 -1000 -1000 -10 1.19898
Car -1 -1 0.00 480 167 517 194 -1 -1 -1 -1000 -1000 -1000 -10 1.00842
Car -1 -1 0.00 394 176 433 203 -1 -1 -1 -1000 -1000 -1000 -10 0.980624
Car -1 -1 0.00 591 169 621 195 -1 -1 -1 -1000 -1000 -1000 -10 0.970151
Car -1 -1 0.00 522 173 559 189 -1 -1 -1 -1000 -1000 -1000 -10 0.2902
Car -1 -1 0.00 386 180 433 204 -1 -1 -1 -1000 -1000 -1000 -10 -0.553052
Car -1 -1 0.00 60 174 94 189 -1 -1 -1 -1000 -1000 -1000 -10 -0.655498
Car -1 -1 0.00 291 167 338 202 -1 -1 -1 -1000 -1000 -1000 -10 -0.732094
Car -1 -1 0.00 480 167 507 194 -1 -1 -1 -1000 -1000 -1000 -10 -0.80743
Car -1 -1 0.00 1030 154 1064 172 -1 -1 -1 -1000 -1000 -1000 -10 -0.902128
Car -1 -1 0.00 256 113 283 142 -1 -1 -1 -1000 -1000 -1000 -10 -0.957979
Car -1 -1 0.00 437 125 480 150 -1 -1 -1 -1000 -1000 -1000 -10 -0.984113
Car -1 -1 0.00 979 308 1047 360 -1 -1 -1 -1000 -1000 -1000 -10 -0.996362
Car -1 -1 0.00 839 -5 912 64 -1 -1 -1 -1000 -1000 -1000 -10 -0.998564
Car -1 -1 0.00 1179 209 1225 219 -1 -1 -1 -1000 -1000 -1000 -10 -1.00168
Car -1 -1 0.00 637 363 672 374 -1 -1 -1 -1000 -1000 -1000 -10 -1.01168
