Car -1 -1 0.00 590 184 629 213 -1 -1 -1 -1000 -1000 -1000 -10 1.3116
Car -1 -1 0.00 157 191 400 337 -1 -1 -1 -1000 -1000 -1000 -10 0.696476
Car -1 -1 0.00 838 162 1155 324 -1 -1 -1 -1000 -1000 -1000 -10 0.133751
Car -1 -1 0.00 822 168 1026 319 -1 -1 -1 -1000 -1000 -1000 -10 -0.262155
Car -1 -1 0.00 708 179 877 244 -1 -1 -1 -1000 -1000 -1000 -10 -0.486118
Car -1 -1 0.00 657 164 748 233 -1 -1 -1 -1000 -1000 -1000 -10 -0.582031
Car -1 -1 0.00 701 183 776 233 -1 -1 -1 -1000 -1000 -1000 -10 -0.79259
Car -1 -1 0.00 435 188 500 219 -1 -1 -1 -1000 -1000 -1000 -10 -0.932678
Car -1 -1 0.00 483 181 523 216 -1 -1 -1 -1000 -1000 -1000 -10 -0.962326
Car -1 -1 0.00 149 199 413 336 -1 -1 -1 -1000 -1000 -1000 -10 -0.995236
Car -1 -1 0.00 221 -22 311 45 -1 -1 -1 -1000 -1000 -1000 -10 -1.00017
Car -1 -1 0.00 890 90 919 105 -1 -1 -1 -1000 -1000 -1000 -10 -1.00415
Car -1 -1 0.00 478 180 525 202 -1 -1 -1 -1000 -1000 -1000 -10 -1.02106
Car -1 -1 0.00 1026 167 1106 205 -1 -1 -1 -1000 -1000 -1000 -10 -1.02167
