Car -1 -1 0.00 517 179 543 196 -1 -1 -1 -1000 -1000 -1000 -10 1.39365
Car -1 -1 0.00 471 183 505 200 -1 -1 -1 -1000 -1000 -1000 -10 1.11891
Car -1 -1 0.00 621 183 684 235 -1 -1 -1 -1000 -1000 -1000 -10 1.08672
Car -1 -1 0.00 259 182 428 297 -1 -1 -1 -1000 -1000 -1000 -10 0.686415
Car -1 -1 0.00 358 185 426 219 -1 -1 -1 -1000 -1000 -1000 -10 -0.259921
Car -1 -1 0.00 25 210 55 231 -1 -1 -1 -1000 -1000 -1000 -10 -0.948961
Car -1 -1 0.00 102 193 123 219 -1 -1 -1 -1000 -1000 -1000 -10 -1.0028
Car -1 -1 0.00 589 252 616 270 -1 -1 -1 -1000 -1000 -1000 -10 -1.0045
Car -1 -1 0.00 420 -8 451 14 -1 -1 -1 -1000 -1000 -1000 -10 -1.01002
Car -1 -1 0.00 490 257 521 271 -1 -1 -1 -1000 -1000 -1000 -10 -1.02481
