Car -1 -1 0.00 72 198 186 243 -1 -1 -1 -1000 -1000 -1000 -10 1.77587
Car -1 -1 0.00 477 176 513 206 -1 -1 -1 -1000 -1000 -1000 -10 1.56497
Car -1 -1 0.00 583 171 619 202 -1 -1 -1 -1000 -1000 -1000 -10 0.298773
Car -1 -1 0.00 494 170 530 199 -1 -1 -1 -1000 -1000 -1000 -10 -0.67858
Car -1 -1 0.00 88 198 187 239 -1 -1 -1 -1000 -1000 -1000 -10 -0.836094
Car -1 -1 0.00 29 269 69 298 -1 -1 -1 -1000 -1000 -1000 -10 -0.967259
Car -1 -1 0.00 200 265 327 374 -1 -1 -1 -1000 -1000 -1000 -10 -1.00674
Car -1 -1 0.00 1018 168 1044 197 -1 -1 -1 -1000 -1000 -1000 -10 -1.01151
Car -1 -1 0.00 490 205 516 227 -1 -1 -1 -1000 -1000 -1000 -10 -1.02209
Car -1 -1 0.00 585 298 610 316 -1 -1 -1 -1000 -1000 -1000 -10 -1.0261
