Car -1 -1 0.00 545 169 569 188 -1 -1 -1 -1000 -1000 -1000 -10 1.33717
Car -1 -1 0.00 651 168 736 200 -1 -1 -1 -1000 -1000 -1000 -10 -0.359412
Car -1 -1 0.00 695 176 911 241 -1 -1 -1 -1000 -1000 -1000 -10 -0.55879
Car -1 -1 0.00 679 262 701 285 -1 -1 -1 -1000 -1000 -1000 -10 -0.858981
Car -1 -1 0.00 232 275 258 295 -1 -1 -1 -1000 -1000 -1000 -10 -0.896723
Car -1 -1 0.00 318 -6 449 66 -1 -1 -1 -1000 -1000 -1000 -10 -0.905753
Car -1 -1 0.00 791 139 831 169 -1 -1 -1 -1000 -1000 -1000 -10 -0.941034
Car -1 -1 0.00 325 222 384 237 -1 -1 -1 -1000 -1000 -1000 -10 -0.960453
Car -1 -1 0.00 980 116 1004 137 -1 -1 -1 -1000 -1000 -1000 -10 -0.978096
Car -1 -1 0.00 139 193 166 205 -1 -1 -1 -1000 -1000 -1000 -10 -0.992734
Car -1 -1 0.00 793 312 830 337 -1 -1 -1 -1000 -1000 -1000 -10 -0.997737
Car -1 -1 0.00 1149 172 1175 193 -1 -1 -1 -1000 -1000 -1000 -10 -1.00755
Car -1 -1 0.00 1095 3 1170 56 -1 -1 -1 -1000 -1000 -1000 -10 -1.01667
