Car -1 -1 0.00 234 194 421 277 -1 -1 -1 -1000 -1000 -1000 -10 -0.759304
Car -1 -1 0.00 697 50 742 67 -1 -1 -1 -1000 -1000 -1000 -10 -0.791765
Car -1 -1 0.00 714 50 739 69 -1 -1 -1 -1000 -1000 -1000 -10 -0.83043
Car -1 -1 0.00 1179 230 1205 249 -1 -1 -1 -1000 -1000 -1000 -10 -0.918777
Car -1 -1 0.00 603 344 638 380 -1 -1 -1 -1000 -1000 -1000 -10 -0.940138
Car -1 -1 0.00 88 102 136 127 -1 -1 -1 -1000 -1000 -1000 -10 -0.961294
Car -1 -1 0.00 405 251 459 286 -1 -1 -1 -1000 -1000 -1000 -10 -0.96434
Car -1 -1 0.00 632 333 683 369 -1 -1 -1 -1000 -1000 -1000 -10 -0.969135
Car -1 -1 0.00 1168 107 1197 138 -1 -1 -1 -1000 -1000 -1000 -10 -0.971713
Car -1 -1 0.00 553 280 587 318 -1 -1 -1 -1000 -1000 -1000 -10 -0.972324
Car -1 -1 0.00 825 236 861 265 -1 -1 -1 -1000 -1000 -1000 -10 -0.979398
Car -1 -1 0.00 1011 130 1049 147 -1 -1 -1 -1000 -1000 -1000 -10 -0.983101
Car -1 -1 0.00 1139 205 1183 246 -1 -1 -1 -1000 -1000 -1000 -10 -0.995129
Car -1 -1 0.00 440 169 466 183 -1 -1 -1 -1000 -1000 -1000 -10 -1.00432
Car -1 -1 0.00 186 298 247 349 -1 -1 -1 -1000 -1000 -1000 -10 -1.01134
Car -1 -1 0.00 802 201 835 219 -1 -1 -1 -1000 -1000 -1000 -10 -1.01523
Car -1 -1 0.00 529 266 558 300 -1 -1 -1 -1000 -1000 -1000 -10 -1.02905
