Car -1 -1 0.00 435 175 476 204 -1 -1 -1 -1000 -1000 -1000 -10 1.96913
Car -1 -1 0.00 305 169 383 222 -1 -1 -1 -1000 -1000 -1000 -10 1.23255
Car -1 -1 0.00 647 178 671 196 -1 -1 -1 -1000 -1000 -1000 -10 0.422302
Car -1 -1 0.00 487 173 513 194 -1 -1 -1 -1000 -1000 -1000 -10 0.273197
Car -1 -1 0.00 591 176 611 194 -1 -1 -1 -1000 -1000 -1000 -10 -0.683107
Car -1 -1 0.00 -5 183 225 324 -1 -1 -1 -1000 -1000 -1000 -10 -0.718413
Car -1 -1 0.00 106 177 232 290 -1 -1 -1 -1000 -1000 -1000 -10 -0.817453
Car -1 -1 0.00 869 135 894 157 -1 -1 -1 -1000 -1000 -1000 -10 -0.957515
Car -1 -1 0.00 703 168 730 186 -1 -1 -1 -1000 -1000 -1000 -10 -0.968935
Car -1 -1 0.00 836 -4 968 27 -1 -1 -1 -1000 -1000 -1000 -10 -1.01347
Car -1 -1 0.00 527 83 606 106 -1 -1 -1 -1000 -1000 -1000 -10 -1.01667
Car -1 -1 0.00 -14 -13 12 13 -1 -1 -1 -1000 -1000 -1000 -10 -1.01806
Car -1 -1 0.00 199 318 229 341 -1 -1 -1 -1000 -1000 -1000 -10 -1.02735
