Car -1 -1 0.00 427 185 457 203 -1 -1 -1 -1000 -1000 -1000 -10 1.82645
Car -1 -1 0.00 588 177 625 210 -1 -1 -1 -1000 -1000 -1000 -10 0.645103
Car -1 -1 0.00 630 182 658 204 -1 -1 -1 -1000 -1000 -1000 -10 0.468844
Car -1 -1 0.00 457 249 489 271 -1 -1 -1 -1000 -1000 -1000 -10 -0.830397
Car -1 -1 0.00 1103 174 1146 190 -1 -1 -1 -1000 -1000 -1000 -10 -0.927976
Car -1 -1 0.00 1107 8 1134 23 -1 -1 -1 -1000 -1000 -1000 -10 -0.962922
Car -1 -1 0.00 451 337 480 355 -1 -1 -1 -1000 -1000 -1000 -10 -0.981534
Car -1 -1 0.00 1198 216 1233 256 -1 -1 -1 -1000 -1000 -1000 -10 -0.988247
Car -1 -1 0.00 27 327 86 351 -1 -1 -1 -1000 -1000 -1000 -10 -1.00052
Car -1 -1 0.00 745 146 821 169 -1 -1 -1 -1000 -1000 -1000 -10 -1.00635
Car -1 -1 0.00 691 146 717 173 -1 -1 -1 -1000 -1000 -1000 -10 -1.02319
Car -1 -1 0.00 370 238 395 261 -1 -1 -1 -1000 -1000 -1000 -10 -1.02982
