Car -1 -1 0.00 515 179 573 217 -1 -1 -1 -1000 -1000 -1000 -10 1.45002
Car -1 -1 0.00 589 174 649 231 -1 -1 -1 -1000 -1000 -1000 -10 1.27886
Car -1 -1 0.00 362 180 491 251 -1 -1 -1 -1000 -1000 -1000 -10 0.80276
Car -1 -1 0.00 555 177 588 206 -1 -1 -1 -1000 -1000 -1000 -10 0.563964
Car -1 -1 0.00 586 175 650 230 -1 -1 -1 -1000 -1000 -1000 -10 -0.293599
Car -1 -1 0.00 1009 203 1072 230 -1 -1 -1 -1000 -1000 -1000 -10 -0.71686
Car -1 -1 0.00 476 188 502 211 -1 -1 -1 -1000 -1000 -1000 -10 -0.90344
Car -1 -1 0.00 660 88 750 151 -1 -1 -1 -1000 -1000 -1000 -10 -0.918812
Car -1 -1 0.00 286 236 332 255 -1 -1 -1 -1000 -1000 -1000 -10 -0.941189
Car -1 -1 0.00 17 53 71 90 -1 -1 -1 -1000 -1000 -1000 -10 -0.971923
Car -1 -1 0.00 501 175 568 193 -1 -1 -1 -1000 -1000 -1000 -10 -0.974364
Car -1 -1 0.00 1163 241 1191 272 -1 -1 -1 -1000 -1000 -1000 -10 -1.01809
