Car -1 -1 0.00 705 180 799 256 -1 -1 -1 -1000 -1000 -1000 -10 0.317161
Car -1 -1 0.00 99 199 243 235 -1 -1 -1 -1000 -1000 -1000 -10 -0.226311
Car -1 -1 0.00 744 178 928 297 -1 -1 -1 -1000 -1000 -1000 -10 -0.544234
Car -1 -1 0.00 747 103 810 123 -1 -1 -1 -1000 -1000 -1000 -10 -0.930088
Car -1 -1 0.00 741 352 788 367 -1 -1 -1 -1000 -1000 -1000 -10 -0.933478
Car -1 -1 0.00 966 182 1100 224 -1 -1 -1 -1000 -1000 -1000 -10 -0.934514
Car -1 -1 0.00 705 35 742 51 -1 -1 -1 -1000 -1000 -1000 -10 -0.944942
Car -1 -1 0.00 752 97 784 133 -1 -1 -1 -1000 -1000 -1000 -10 -0.962279
Car -1 -1 0.00 890 88 916 108 -1 -1 -1 -1000 -1000 -1000 -10 -0.962347
Car -1 -1 0.00 1167 42 1192 64 -1 -1 -1 -1000 -1000 -1000 -10 -0.974404
Car -1 -1 0.00 -3 267 88 327 -1 -1 -1 -1000 -1000 -1000 -10 -0.982305
Car -1 -1 0.00 850 194 1010 241 -1 -1 -1 -1000 -1000 -1000 -10 -1.00577
Car -1 -1 0.00 246 30 288 48 -1 -1 -1 -1000 -1000 -1000 -10 -1.01923
Car -1 -1 0.00 403 2 443 16 -1 -1 -1 -1000 -1000 -1000 -10 -1.02066
