Car -1 -1 0.00 689 173 801 258 -1 -1 -1 -1000 -1000 -1000 -10 1.37113
Car -1 -1 0.00 584 180 620 215 -1 -1 -1 -1000 -1000 -1000 -10 0.386783
Car -1 -1 0.00 666 178 729 238 -1 -1 -1 -1000 -1000 -1000 -10 0.329635
Car -1 -1 0.00 448 189 517 216 -1 -1 -1 -1000 -1000 -1000 -10 0.0581534
Car -1 -1 0.00 1116 85 1152 126 -1 -1 -1 -1000 -1000 -1000 -10 -0.615418
Car -1 -1 0.00 711 198 1239 407 -1 -1 -1 -1000 -1000 -1000 -10 -0.630842
Car -1 -1 0.00 404 191 485 225 -1 -1 -1 -1000 -1000 -1000 -10 -0.739722
Car -1 -1 0.00 504 182 570 208 -1 -1 -1 -1000 -1000 -1000 -10 -0.953064
Car -1 -1 0.00 1050 34 1076 55 -1 -1 -1 -1000 -1000 -1000 -10 -0.967497
Car -1 -1 0.00 509 182 548 208 -1 -1 -1 -1000 -1000 -1000 -10 -0.967848
Car -1 -1 0.00 661 200 714 238 -1 -1 -1 -1000 -1000 -1000 -10 -0.983634
Car -1 -1 0.00 1093 117 1170 149 -1 -1 -1 -1000 -1000 -1000 -10 -0.987588
Car -1 -1 0.00 869 214 1173 287 -1 -1 -1 -1000 -1000 -1000 -10 -1.00974
Car -1 -1 0.00 735 131 762 158 -1 -1 -1 -1000 -1000 -1000 -10 -1.01146
Car -1 -1 0.00 362 196 387 224 -1 -1 -1 -1000 -1000 -1000 -10 -1.01385
Car -1 -1 0.00 452 294 497 309 -1 -1 -1 -1000 -1000 -1000 -10 -1.01796
Car -1 -1 0.00 422 267 464 279 -1 -1 -1 -1000 -1000 -1000 -10 -1.02014
