Car -1 -1 0.00 363 190 493 275 -1 -1 -1 -1000 -1000 -1000 -10 1.63784
Car -1 -1 0.00 383 188 492 273 -1 -1 -1 -1000 -1000 -1000 -10 -0.909858
Car -1 -1 0.00 163 79 196 89 -1 -1 -1 -1000 -1000 -1000 -10 -1.00096
Car -1 -1 0.00 1178 211 1205 232 -1 -1 -1 -1000 -1000 -1000 -10 -1.00811
Car -1 -1 0.00 41 176 88 193 -1 -1 -1 -1000 -1000 -1000 -10 -1.01226
Car -1 -1 0.00 808 12 889 74 -1 -1 -1 -1000 -1000 -1000 -10 -1.01544
Car -1 -1 0.00 1001 264 1026 287 -1 -1 -1 -1000 -1000 -1000 -10 -1.01756
Car -1 -1 0.00 1120 96 1149 128 -1 -1 -1 -1000 -1000 -1000 -10 -1.02246
Car -1 -1 0.00 229 136 263 147 -1 -1 -1 -1000 -1000 -1000 -10 -1.02796
Car -1 -1 0.00 1069 216 1099 246 -1 -1 -1 -1000 -1000 -1000 -10 -1.02945
Car -1 -1 0.00 875 126 899 153 -1 -1 -1 -1000 -1000 -1000 -10 -1.02998
