Car -1 -1 0.00 618 182 732 287 -1 -1 -1 -1000 -1000 -1000 -10 1.74634
Car -1 -1 0.00 589 179 633 209 -1 -1 -1 -1000 -1000 -1000 -10 1.63915
Car -1 -1 0.00 423 156 559 258 -1 -1 -1 -1000 -1000 -1000 -10 0.743788
Car -1 -1 0.00 814 164 869 206 -1 -1 -1 -1000 -1000 -1000 -10 0.607693
Car -1 -1 0.00 697 165 850 238 -1 -1 -1 -1000 -1000 -1000 -10 0.0751808
Car -1 -1 0.00 77 203 143 232 -1 -1 -1 -1000 -1000 -1000 -10 -0.173816
Car -1 -1 0.00 641 174 667 198 -1 -1 -1 -1000 -1000 -1000 -10 -0.320842
Car -1 -1 0.00 615 182 735 286 -1 -1 -1 -1000 -1000 -1000 -10 -0.48636
Car -1 -1 0.00 785 163 869 204 -1 -1 -1 -1000 -1000 -1000 -10 -0.516665
Car -1 -1 0.00 439 67 504 93 -1 -1 -1 -1000 -1000 -1000 -10 -0.876603
Car -1 -1 0.00 721 166 801 240 -1 -1 -1 -1000 -1000 -1000 -10 -0.950873
Car -1 -1 0.00 717 172 870 238 -1 -1 -1 -1000 -1000 -1000 -10 -0.968238
Car -1 -1 0.00 1150 68 1177 99 -1 -1 -1 -1000 -1000 -1000 -10 -0.993008
Car -1 -1 0.00 893 202 959 268 -1 -1 -1 -1000 -1000 -1000 -10 -0.99736
Car -1 -1 0.00 261 145 293 172 -1 -1 -1 -1000 -1000 -1000 -10 -1.0065
Car -1 -1 0.00 849 195 897 235 -1 -1 -1 -1000 -1000 -1000 -10 -1.01897
Car -1 -1 0.00 826 309 867 335 -1 -1 -1 -1000 -1000 -1000 -10 -1.01955
Car -1 -1 0.00 57 268 257 327 -1 -1 -1 -1000 -1000 -1000 -10 -1.02463
Car -1 -1 0.00 495 303 551 361 -1 -1 -1 -1000 -1000 -1000 -10 -1.02655
