Car -1 -1 0.00 521 180 548 200 -1 -1 -1 -1000 -1000 -1000 -10 1.03244
Car -1 -1 0.00 604 178 628 198 -1 -1 -1 -1000 -1000 -1000 -10 -0.109973
Car -1 -1 0.00 242 188 388 255 -1 -1 -1 -1000 -1000 -1000 -10 -0.477211
Car -1 -1 0.00 280 188 374 251 -1 -1 -1 -1000 -1000 -1000 -10 -0.636502
Car -1 -1 0.00 179 200 206 235 -1 -1 -1 -1000 -1000 -1000 -10 -0.934378
Car -1 -1 0.00 570 175 597 189 -1 -1 -1 -1000 -1000 -1000 -10 -0.941341
Car -1 -1 0.00 418 126 442 151 -1 -1 -1 -1000 -1000 -1000 -10 -0.969224
Car -1 -1 0.00 168 68 191 100 -1 -1 -1 -1000 -1000 -1000 -10 -0.991957
Car -1 -1 0.00 274 163 308 178 -1 -1 -1 -1000 -1000 -1000 -10 -0.99657
Car -1 -1 0.00 829 139 858 154 -1 -1 -1 -1000 -1000 -1000 -10 -1.0033
Car -1 -1 0.00 486 255 512 274 -1 -1 -1 -1000 -1000 -1000 -10 -1.00752
