Car -1 -1 0.00 768 163 863 232 -1 -1 -1 -1000 -1000 -1000 -10 1.70255
Car -1 -1 0.00 908 162 932 182 -1 -1 -1 -1000 -1000 -1000 -10 1.41
Car -1 -1 0.00 461 173 582 227 -1 -1 -1 -1000 -1000 -1000 -10 1.0196
Car -1 -1 0.00 108 142 149 162 -1 -1 -1 -1000 -1000 -1000 -10 -0.903225
Car -1 -1 0.00 36 193 63 216 -1 -1 -1 -1000 -1000 -1000 -10 -0.982416
Car -1 -1 0.00 396 77 433 114 -1 -1 -1 -1000 -1000 -1000 -10 -0.990187
Car -1 -1 0.00 228 68 252 97 -1 -1 -1 -1000 -1000 -1000 -10 -1.00319
Car -1 -1 0.00 875 201 978 329 -1 -1 -1 -1000 -1000 -1000 -10 -1.01166
Car -1 -1 0.00 626 136 662 172 -1 -1 -1 -1000 -1000 -1000 -10 -1.02136
Car -1 -1 0.00 1095 115 1120 128 -1 -1 -1 -1000 -1000 -1000 -10 -1.02157
