Car -1 -1 0.00 583 175 617 206 -1 -1 -1 -1000 -1000 -1000 -10 0.620497
Car -1 -1 0.00 546 178 569 196 -1 -1 -1 -1000 -1000 -1000 -10 0.0143695
Car -1 -1 0.00 392 177 479 217 -1 -1 -1 -1000 -1000 -1000 -10 -0.0468729
Car -1 -1 0.00 180 196 349 270 -1 -1 -1 -1000 -1000 -1000 -10 -0.404817
Car -1 -1 0.00 94 193 321 275 -1 -1 -1 -1000 -1000 -1000 -10 -0.529492
Car -1 -1 0.00 459 179 512 202 -1 -1 -1 -1000 -1000 -1000 -10 -0.613767
Car -1 -1 0.00 439 181 487 216 -1 -1 -1 -1000 -1000 -1000 -10 -0.675152
Car -1 -1 0.00 342 181 463 233 -1 -1 -1 -1000 -1000 -1000 -10 -0.73847
Car -1 -1 0.00 213 186 384 263 -1 -1 -1 -1000 -1000 -1000 -10 -0.925476
Car -1 -1 0.00 1120 104 1151 124 -1 -1 -1 -1000 -1000 -1000 -10 -0.979179
Car -1 -1 0.00 1027 234 1066 265 -1 -1 -1 -1000 -1000 -1000 -10 -0.980723
Car -1 -1 0.00 611 270 654 307 -1 -1 -1 -1000 -1000 -1000 -10 -1.00531
Car -1 -1 0.00 287 292 340 308 -1 -1 -1 -1000 -1000 -1000 -10 -1.02121
Car -1 -1 0.00 280 309 322 323 -1 -1 -1 -1000 -1000 -1000 -10 -1.02638
Car -1 -1 0.00 167 185 270 225 -1 -1 -1 -1000 -1000 -1000 -10 -1.02738
