Car -1 -1 0.00 343 173 447 246 -1 -1 -1 -1000 -1000 -1000 -10 1.22916
Car -1 -1 0.00 486 176 528 209 -1 -1 -1 -1000 -1000 -1000 -10 0.543168
Car -1 -1 0.00 442 182 497 224 -1 -1 -1 -1000 -1000 -1000 -10 -0.329681
Car -1 -1 0.00 886 353 937 374 -1 -1 -1 -1000 -1000 -1000 -10 -0.909203
Car -1 -1 0.00 893 43 923 63 -1 -1 -1 -1000 -1000 -1000 -10 -0.924764
Car -1 -1 0.00 469 175 541 208 -1 -1 -1 -1000 -1000 -1000 -10 -0.94928
Car -1 -1 0.00 890 192 917 215 -1 -1 -1 -1000 -1000 -1000 -10 -0.953495
Car -1 -1 0.00 38 3 101 23 -1 -1 -1 -1000 -1000 -1000 -10 -0.961728
Car -1 -1 0.00 804 151 827 171 -1 -1 -1 -1000 -1000 -1000 -10 -0.970137
Car -1 -1 0.00 777 156 805 171 -1 -1 -1 -1000 -1000 -1000 -10 -0.975453
Car -1 -1 0.00 189 134 216 169 -1 -1 -1 -1000 -1000 -1000 -10 -0.975546
Car -1 -1 0.00 111 173 140 211 -1 -1 -1 -1000 -1000 -1000 -10 -0.986878
Car -1 -1 0.00 1140 356 1172 387 -1 -1 -1 -1000 -1000 -1000 -10 -0.995455
Car -1 -1 0.00 1133 154 1229 198 -1 -1 -1 -1000 -1000 -1000 -10 -0.996246
Car -1 -1 0.00 79 232 117 271 -1 -1 -1 -1000 -1000 -1000 -10 -1.01621
Car -1 -1 0.00 790 268 831 296 -1 -1 -1 -1000 -1000 -1000 -10 -1.01816
Car -1 -1 0.00 444 177 525 213 -1 -1 -1 -1000 -1000 -1000 -10 -1.02794
Car -1 -1 0.00 818 191 857 223 -1 -1 -1 -1000 -1000 -1000 -10 -1.02842
Car -1 -1 0.00 204 190 228 217 -1 -1 -1 -1000 -1000 -1000 -10 -1.02858
Car -1 -1 0.00 95 88 129 124 -1 -1 -1 -1000 -1000 -1000 -10 -1.02888
