Car -1 -1 0.00 605 173 636 199 -1 -1 -1 -1000 -1000 -1000 -10 0.778854
Car -1 -1 0.00 925 184 1013 217 -1 -1 -1 -1000 -1000 -1000 -10 0.746256
Car -1 -1 0.00 891 186 944 208 -1 -1 -1 -1000 -1000 -1000 -10 0.112577
Car -1 -1 0.00 662 170 786 219 -1 -1 -1 -1000 -1000 -1000 -10 -0.471794
Car -1 -1 0.00 965 184 1080 227 -1 -1 -1 -1000 -1000 -1000 -10 -0.558507
Car -1 -1 0.00 412 166 438 186 -1 -1 -1 -1000 -1000 -1000 -10 -0.742336
Car -1 -1 0.00 770 231 798 242 -1 -1 -1 -1000 -1000 -1000 -10 -0.892466
Car -1 -1 0.00 1134 191 1245 238 -1 -1 -1 -1000 -1000 -1000 -10 -0.904245
Car -1 -1 0.00 554 207 596 234 -1 -1 -1 -1000 -1000 -1000 -10 -0.982093
Car -1 -1 0.00 456 224 494 235 -1 -1 -1 -1000 -1000 -1000 -10 -0.992736
Car -1 -1 0.00 816 181 853 199 -1 -1 -1 -1000 -1000 -1000 -10 -1.00628
Car -1 -1 0.00 751 203 811 222 -1 -1 -1 -1000 -1000 -1000 -10 -1.00641
Car -1 -1 0.00 924 224 991 283 -1 -1 -1 -1000 -1000 -1000 -10 -1.01622
Car -1 -1 0.00 673 260 697 288 -1 -1 -1 -1000 -1000 -1000 -10 -1.02545
Car -1 -1 0.00 1141 268 1169 280 -1 -1 -1 -1000 -1000 -1000 -10 -1.02893
