Car -1 -1 0.00 638 176 694 217 -1 -1 -1 -1000 -1000 -1000 -10 1.59147
Car -1 -1 0.00 695 184 788 243 -1 -1 -1 -1000 -1000 -1000 -10 1.48024
Car -1 -1 0.00 159 188 387 293 -1 -1 -1 -1000 -1000 -1000 -10 0.163756
Car -1 -1 0.00 618 175 666 211 -1 -1 -1 -1000 -1000 -1000 -10 0.0216115
Car -1 -1 0.00 768 112 1222 393 -1 -1 -1 -1000 -1000 -1000 -10 -0.0168832
Car -1 -1 0.00 559 171 591 194 -1 -1 -1 -1000 -1000 -1000 -10 -0.0240875
Car -1 -1 0.00 280 183 456 260 -1 -1 -1 -1000 -1000 -1000 -10 -0.177868
Car -1 -1 0.00 413 172 516 221 -1 -1 -1 -1000 -1000 -1000 -10 -0.287465
Car -1 -1 0.00 381 182 495 234 -1 -1 -1 -1000 -1000 -1000 -10 -0.968341
Car -1 -1 0.00 329 180 412 199 -1 -1 -1 -1000 -1000 -1000 -10 -0.978528
Car -1 -1 0.00 681 98 712 110 -1 -1 -1 -1000 -1000 -1000 -10 -0.984925
Car -1 -1 0.00 259 148 320 169 -1 -1 -1 -1000 -1000 -1000 -10 -0.986778
Car -1 -1 0.00 682 27 714 38 -1 -1 -1 -1000 -1000 -1000 -10 -0.992073
Car -1 -1 0.00 352 43 403 91 -1 -1 -1 -1000 -1000 -1000 -10 -1.00236
Car -1 -1 0.00 252 128 334 161 -1 -1 -1 -1000 -1000 -1000 -10 -1.00388
Car -1 -1 0.00 454 270 489 281 -1 -1 -1 -1000 -1000 -1000 -10 -1.00569
Car -1 -1 0.00 690 183 790 240 -1 -1 -1 -1000 -1000 -1000 -10 -1.01686
Car -1 -1 0.00 681 22 714 34 -1 -1 -1 -1000 -1000 -1000 -10 -1.02095
Car -1 -1 0.00 1095 137 1193 232 -1 -1 -1 -1000 -1000 -1000 -10 -1.02988
