Car -1 -1 0.00 14 173 172 252 -1 -1 -1 -1000 -1000 -1000 -10 1.03885
Car -1 -1 0.00 445 177 512 233 -1 -1 -1 -1000 -1000 -1000 -10 0.532985
Car -1 -1 0.00 290 162 330 189 -1 -1 -1 -1000 -1000 -1000 -10 0.304158
Car -1 -1 0.00 701 170 791 211 -1 -1 -1 -1000 -1000 -1000 -10 -0.0677494
Car -1 -1 0.00 110 153 239 223 -1 -1 -1 -1000 -1000 -1000 -10 -0.142792
Car -1 -1 0.00 591 168 669 202 -1 -1 -1 -1000 -1000 -1000 -10 -0.299332
Car -1 -1 0.00 210 168 266 208 -1 -1 -1 -1000 -1000 -1000 -10 -0.409519
Car -1 -1 0.00 779 172 902 222 -1 -1 -1 -1000 -1000 -1000 -10 -0.409807
Car -1 -1 0.00 902 30 963 56 -1 -1 -1 -1000 -1000 -1000 -10 -0.607688
Car -1 -1 0.00 566 168 646 200 -1 -1 -1 -1000 -1000 -1000 -10 -0.799313
Car -1 -1 0.00 877 38 910 56 -1 -1 -1 -1000 -1000 -1000 -10 -0.874499
Car -1 -1 0.00 661 -26 723 36 -1 -1 -1 -1000 -1000 -1000 -10 -0.921486
Car -1 -1 0.00 413 161 461 178 -1 -1 -1 -1000 -1000 -1000 -10 -0.934992
Car -1 -1 0.00 4 -24 99 57 -1 -1 -1 -1000 -1000 -1000 -10 -0.940067
Car -1 -1 0.00 542 167 603 198 -1 -1 -1 -1000 -1000 -1000 -10 -0.956745
Car -1 -1 0.00 1119 164 1146 183 -1 -1 -1 -1000 -1000 -1000 -10 -0.959594
Car -1 -1 0.00 678 108 715 147 -1 -1 -1 -1000 -1000 -1000 -10 -0.984488
Car -1 -1 0.00 997 127 1021 155 -1 -1 -1 -1000 -1000 -1000 -10 -0.989774
Car -1 -1 0.00 751 235 791 249 -1 -1 -1 -1000 -1000 -1000 -10 -0.996128
Car -1 -1 0.00 697 90 731 121 -1 -1 -1 -1000 -1000 -1000 -10 -0.999052
Car -1 -1 0.00 72 124 108 148 -1 -1 -1 -1000 -1000 -1000 -10 -1.00265
Car -1 -1 0.00 685 147 714 160 -1 -1 -1 -1000 -1000 -1000 -10 -1.0083
Car -1 -1 0.00 684 174 791 221 -1 -1 -1 -1000 -1000 -1000 -10 -1.01062
Car -1 -1 0.00 1154 235 1183 266 -1 -1 -1 -1000 -1000 -1000 -10 -1.02191
Car -1 -1 0.00 877 126 905 162 -1 -1 -1 -1000 -1000 -1000 -10 -1.02324
