Car -1 -1 0.00 367 183 494 264 -1 -1 -1 -1000 -1000 -1000 -10 1.71384
Car -1 -1 0.00 1006 173 1127 232 -1 -1 -1 -1000 -1000 -1000 -10 -0.369206
Car -1 -1 0.00 340 172 391 200 -1 -1 -1 -1000 -1000 -1000 -10 -0.878853
Car -1 -1 0.00 917 112 967 129 -1 -1 -1 -1000 -1000 -1000 -10 -0.971891
Car -1 -1 0.00 1036 244 1110 293 -1 -1 -1 -1000 -1000 -1000 -10 -0.982679
Car -1 -1 0.00 802 157 892 202 -1 -1 -1 -1000 -1000 -1000 -10 -1.00096
Car -1 -1 0.00 770 270 797 289 -1 -1 -1 -1000 -1000 -1000 -10 -1.00815
Car -1 -1 0.00 958 111 988 135 -1 -1 -1 -1000 -1000 -1000 -10 -1.01144
Car -1 -1 0.00 1049 165 1077 197 -1 -1 -1 -1000 -1000 -1000 -10 -1.01418
Car -1 -1 0.00 392 27 426 67 -1 -1 -1 -1000 -1000 -1000 -10 -1.01802
