Car -1 -1 0.00 70 141 129 168 -1 -1 -1 -1000 -1000 -1000 -10 -0.589879
Car -1 -1 0.00 488 155 513 177 -1 -1 -1 -1000 -1000 -1000 -10 -0.705038
Car -1 -1 0.00 758 187 804 221 -1 -1 -1 -1000 -1000 -1000 -10 -0.84382
Car -1 -1 0.00 287 201 374 254 -1 -1 -1 -1000 -1000 -1000 -10 -0.941502
Car -1 -1 0.00 1172 187 1207 196 -1 -1 -1 -1000 -1000 -1000 -10 -0.945206
Car -1 -1 0.00 457 132 482 147 -1 -1 -1 -1000 -1000 -1000 -10 -0.991916
Car -1 -1 0.00 474 4 543 28 -1 -1 -1 -1000 -1000 -1000 -10 -0.995783
Car -1 -1 0.00 910 31 936 52 -1 -1 -1 -1000 -1000 -1000 -10 -0.997084
Car -1 -1 0.00 841 133 863 163 -1 -1 -1 -1000 -1000 -1000 -10 -1.01257
Car -1 -1 0.00 419 56 446 82 -1 -1 -1 -1000 -1000 -1000 -10 -1.01452
Car -1 -1 0.00 150 278 195 300 -1 -1 -1 -1000 -1000 -1000 -10 -1.01496
Car -1 -1 0.00 678 70 727 86 -1 -1 -1 -1000 -1000 -1000 -10 -1.0197
Car -1 -1 0.00 140 299 166 326 -1 -1 -1 -1000 -1000 -1000 -10 -1.02577
Car -1 -1 0.00 412 130 445 141 -1 -1 -1 -1000 -1000 -1000 -10 -1.02683
Car -1 -1 0.00 223 215 331 249 -1 -1 -1 -1000 -1000 -1000 -10 -1.02958
