Car -1 -1 0.00 1132 148 1161 159 -1 -1 -1 -1000 -1000 -1000 -10 -0.865735
Car -1 -1 0.00 280 95 345 142 -1 -1 -1 -1000 -1000 -1000 -10 -0.931463
Car -1 -1 0.00 752 116 945 183 -1 -1 -1 -1000 -1000 -1000 -10 -0.96384
Car -1 -1 0.00 579 178 603 196 -1 -1 -1 -1000 -1000 -1000 -10 -0.967037
Car -1 -1 0.00 265 114 352 140 -1 -1 -1 -1000 -1000 -1000 -10 -0.984045
Car -1 -1 0.00 710 83 795 114 -1 -1 -1 -1000 -1000 -1000 -10 -0.986206
Car -1 -1 0.00 646 291 682 299 -1 -1 -1 -1000 -1000 -1000 -10 -1.0097
Car -1 -1 0.00 793 162 815 188 -1 -1 -1 -1000 -1000 -1000 -10 -1.01237
Car -1 -1 0.00 282 -1 323 15 -1 -1 -1 -1000 -1000 -1000 -10 -1.01428
Car -1 -1 0.00 455 225 504 248 -1 -1 -1 -1000 -1000 -1000 -10 -1.01455
Car -1 -1 0.00 1033 192 1071 225 -1 -1 -1 -1000 -1000 -1000 -10 -1.01675
Car -1 -1 0.00 806 266 831 289 -1 -1 -1 -1000 -1000 -1000 -10 -1.01798
Car -1 -1 0.00 326 211 396 235 -1 -1 -1 -1000 -1000 -1000 -10 -1.02122
Car -1 -1 0.00 1032 218 1058 233 -1 -1 -1 -1000 -1000 -1000 -10 -1.02188
