Car -1 -1 0.00 446 187 503 223 -1 -1 -1 -1000 -1000 -1000 -10 0.969394
Car -1 -1 0.00 460 186 503 222 -1 -1 -1 -1000 -1000 -1000 -10 -0.847355
Car -1 -1 0.00 471 -2 536 18 -1 -1 -1 -1000 -1000 -1000 -10 -0.94667
Car -1 -1 0.00 441 -2 505 18 -1 -1 -1 -1000 -1000 -1000 -10 -0.965148
Car -1 -1 0.00 530 161 623 196 -1 -1 -1 -1000 -1000 -1000 -10 -0.976282
Car -1 -1 0.00 757 360 807 374 -1 -1 -1 -1000 -1000 -1000 -10 -0.976565
Car -1 -1 0.00 410 -2 474 18 -1 -1 -1 -1000 -1000 -1000 -10 -0.988335
Car -1 -1 0.00 359 -2 422 18 -1 -1 -1 -1000 -1000 -1000 -10 -0.989573
Car -1 -1 0.00 919 187 943 212 -1 -1 -1 -1000 -1000 -1000 -10 -0.994514
Car -1 -1 0.00 1093 180 1117 207 -1 -1 -1 -1000 -1000 -1000 -10 -0.996227
Car -1 -1 0.00 500 -2 564 18 -1 -1 -1 -1000 -1000 -1000 -10 -0.999492
Car -1 -1 0.00 331 -2 398 19 -1 -1 -1 -1000 -1000 -1000 -10 -1.00026
Car -1 -1 0.00 354 266 414 337 -1 -1 -1 -1000 -1000 -1000 -10 -1.01738
Car -1 -1 0.00 829 194 872 207 -1 -1 -1 -1000 -1000 -1000 -10 -1.02076
Car -1 -1 0.00 387 -2 449 18 -1 -1 -1 -1000 -1000 -1000 -10 -1.02203
Car -1 -1 0.00 1048 188 1070 214 -1 -1 -1 -1000 -1000 -1000 -10 -1.02311
Car -1 -1 0.00 433 -3 542 32 -1 -1 -1 -1000 -1000 -1000 -10 -1.02637
