Car -1 -1 0.00 744 184 892 280 -1 -1 -1 -1000 -1000 -1000 -10 2.00833
Car -1 -1 0.00 682 180 751 227 -1 -1 -1 -1000 -1000 -1000 -10 1.86512
Car -1 -1 0.00 718 183 817 254 -1 -1 -1 -1000 -1000 -1000 -10 0.99561
Car -1 -1 0.00 440 171 557 222 -1 -1 -1 -1000 -1000 -1000 -10 0.427279
Car -1 -1 0.00 826 201 1229 373 -1 -1 -1 -1000 -1000 -1000 -10 0.249014
Car -1 -1 0.00 672 179 706 208 -1 -1 -1 -1000 -1000 -1000 -10 -0.334711
Car -1 -1 0.00 582 172 608 195 -1 -1 -1 -1000 -1000 -1000 -10 -0.64803
Car -1 -1 0.00 869 198 1003 251 -1 -1 -1 -1000 -1000 -1000 -10 -0.753253
Car -1 -1 0.00 532 177 587 203 -1 -1 -1 -1000 -1000 -1000 -10 -0.775278
Car -1 -1 0.00 351 186 436 215 -1 -1 -1 -1000 -1000 -1000 -10 -0.804218
Car -1 -1 0.00 -146 182 357 376 -1 -1 -1 -1000 -1000 -1000 -10 -0.906445
Car -1 -1 0.00 290 22 355 83 -1 -1 -1 -1000 -1000 -1000 -10 -0.923192
Car -1 -1 0.00 906 144 1015 187 -1 -1 -1 -1000 -1000 -1000 -10 -1.01574
Car -1 -1 0.00 859 52 890 76 -1 -1 -1 -1000 -1000 -1000 -10 -1.01613
Car -1 -1 0.00 245 -3 276 31 -1 -1 -1 -1000 -1000 -1000 -10 -1.01935
Car -1 -1 0.00 880 134 960 163 -1 -1 -1 -1000 -1000 -1000 -10 -1.02007
Car -1 -1 0.00 897 128 956 153 -1 -1 -1 -1000 -1000 -1000 -10 -1.02132
Car -1 -1 0.00 602 21 770 71 -1 -1 -1 -1000 -1000 -1000 -10 -1.02999
