Car -1 -1 0.00 151 196 256 245 -1 -1 -1 -1000 -1000 -1000 -10 1.3136
Car -1 -1 0.00 329 194 448 268 -1 -1 -1 -1000 -1000 -1000 -10 0.897824
Car -1 -1 0.00 487 182 533 224 -1 -1 -1 -1000 -1000 -1000 -10 0.895306
Car -1 -1 0.00 30 204 174 265 -1 -1 -1 -1000 -1000 -1000 -10 0.652347
Car -1 -1 0.00 238 200 289 226 -1 -1 -1 -1000 -1000 -1000 -10 0.397179
Car -1 -1 0.00 592 178 623 201 -1 -1 -1 -1000 -1000 -1000 -10 0.386889
Car -1 -1 0.00 244 200 286 225 -1 -1 -1 -1000 -1000 -1000 -10 0.0886113
Car -1 -1 0.00 974 179 1148 274 -1 -1 -1 -1000 -1000 -1000 -10 -0.357583
Car -1 -1 0.00 890 189 1066 257 -1 -1 -1 -1000 -1000 -1000 -10 -0.465552
Car -1 -1 0.00 861 212 894 244 -1 -1 -1 -1000 -1000 -1000 -10 -0.744828
Car -1 -1 0.00 611 257 637 283 -1 -1 -1 -1000 -1000 -1000 -10 -0.910737
Car -1 -1 0.00 739 185 836 230 -1 -1 -1 -1000 -1000 -1000 -10 -0.95573
Car -1 -1 0.00 643 173 667 203 -1 -1 -1 -1000 -1000 -1000 -10 -0.986273
Car -1 -1 0.00 274 130 301 160 -1 -1 -1 -1000 -1000 -1000 -10 -0.987875
Car -1 -1 0.00 28 -35 137 70 -1 -1 -1 -1000 -1000 -1000 -10 -0.997885
