Car -1 -1 0.00 585 173 645 198 -1 -1 -1 -1000 -1000 -1000 -10 1.06763
Car -1 -1 0.00 404 173 450 197 -1 -1 -1 -1000 -1000 -1000 -10 0.671502
Car -1 -1 0.00 404 172 442 197 -1 -1 -1 -1000 -1000 -1000 -10 -0.906774
Car -1 -1 0.00 466 191 517 213 -1 -1 -1 -1000 -1000 -1000 -10 -0.977506
Car -1 -1 0.00 1009 278 1034 289 -1 -1 -1 -1000 -1000 -1000 -10 -1.00239
Car -1 -1 0.00 505 209 534 238 -1 -1 -1 -1000 -1000 -1000 -10 -1.01913
Car -1 -1 0.00 460 54 511 75 -1 -1 -1 -1000 -1000 -1000 -10 -1.02417
Car -1 -1 0.00 499 231 530 267 -1 -1 -1 -1000 -1000 -1000 -10 -1.02548
Car -1 -1 0.00 498 241 529 277 -1 -1 -1 -1000 -1000 -1000 -10 -1.02744
Car -1 -1 0.00 275 228 333 243 -1 -1 -1 -1000 -1000 -1000 -10 -1.02745
