Car -1 -1 0.00 702 49 750 68 -1 -1 -1 -1000 -1000 -1000 -10 -0.643694
Car -1 -1 0.00 120 90 183 121 -1 -1 -1 -1000 -1000 -1000 -10 -0.874375
Car -1 -1 0.00 431 265 483 287 -1 -1 -1 -1000 -1000 -1000 -10 -0.881219
Car -1 -1 0.00 121 82 151 97 -1 -1 -1 -1000 -1000 -1000 -10 -0.951174
Car -1 -1 0.00 1139 206 1184 246 -1 -1 -1 -1000 -1000 -1000 -10 -0.980444
Car -1 -1 0.00 388 273 415 303 -1 -1 -1 -1000 -1000 -1000 -10 -0.984998
Car -1 -1 0.00 489 281 523 319 -1 -1 -1 -1000 -1000 -1000 -10 -0.9922
Car -1 -1 0.00 766 307 793 328 -1 -1 -1 -1000 -1000 -1000 -10 -0.995887
Car -1 -1 0.00 877 161 908 186 -1 -1 -1 -1000 -1000 -1000 -10 -1.00363
Car -1 -1 0.00 1168 109 1197 141 -1 -1 -1 -1000 -1000 -1000 -10 -1.0117
Car -1 -1 0.00 545 303 600 362 -1 -1 -1 -1000 -1000 -1000 -10 -1.01808
Car -1 -1 0.00 687 223 711 232 -1 -1 -1 -1000 -1000 -1000 -10 -1.02963
