Car -1 -1 0.00 1033 183 1158 232 -1 -1 -1 -1000 -1000 -1000 -10 1.44144
Car -1 -1 0.00 1095 184 1223 236 -1 -1 -1 -1000 -1000 -1000 -10 0.898655
Car -1 -1 0.00 597 172 639 203 -1 -1 -1 -1000 -1000 -1000 -10 -0.0523041
Car -1 -1 0.00 962 183 1067 230 -1 -1 -1 -1000 -1000 -1000 -10 -0.30417
Car -1 -1 0.00 1013 186 1156 236 -1 -1 -1 -1000 -1000 -1000 -10 -0.483974
Car -1 -1 0.00 744 194 786 213 -1 -1 -1 -1000 -1000 -1000 -10 -0.495896
Car -1 -1 0.00 142 184 199 229 -1 -1 -1 -1000 -1000 -1000 -10 -0.909423
Car -1 -1 0.00 766 150 797 164 -1 -1 -1 -1000 -1000 -1000 -10 -0.947644
Car -1 -1 0.00 887 243 943 285 -1 -1 -1 -1000 -1000 -1000 -10 -0.957605
Car -1 -1 0.00 404 233 434 252 -1 -1 -1 -1000 -1000 -1000 -10 -0.961418
Car -1 -1 0.00 831 170 867 208 -1 -1 -1 -1000 -1000 -1000 -10 -0.984124
Car -1 -1 0.00 1031 38 1077 84 -1 -1 -1 -1000 -1000 -1000 -10 -0.996099
Car -1 -1 0.00 987 300 1096 331 -1 -1 -1 -1000 -1000 -1000 -10 -0.998527
Car -1 -1 0.00 1159 15 1204 30 -1 -1 -1 -1000 -1000 -1000 -10 -1.00139
Car -1 -1 0.00 992 306 1029 346 -1 -1 -1 -1000 -1000 -1000 -10 -1.00865
Car -1 -1 0.00 360 7 391 38 -1 -1 -1 -1000 -1000 -1000 -10 -1.02373
Car -1 -1 0.00 3 253 104 283 -1 -1 -1 -1000 -1000 -1000 -10 -1.0248
Car -1 -1 0.00 413 70 442 98 -1 -1 -1 -1000 -1000 -1000 -10 -1.02925
