Car -1 -1 0.00 484 183 526 214 -1 -1 -1 -1000 -1000 -1000 -10 1.13335
Car -1 -1 0.00 404 182 443 209 -1 -1 -1 -1000 -1000 -1000 -10 1.04232
Car -1 -1 0.00 569 177 676 219 -1 -1 -1 -1000 -1000 -1000 -10 0.656191
Car -1 -1 0.00 223 189 330 252 -1 -1 -1 -1000 -1000 -1000 -10 0.394128
Car -1 -1 0.00 370 184 417 218 -1 -1 -1 -1000 -1000 -1000 -10 0.292577
Car -1 -1 0.00 1 198 230 331 -1 -1 -1 -1000 -1000 -1000 -10 0.00963444
Car -1 -1 0.00 411 181 449 207 -1 -1 -1 -1000 -1000 -1000 -10 -0.756756
Car -1 -1 0.00 854 272 881 292 -1 -1 -1 -1000 -1000 -1000 -10 -0.828937
Car -1 -1 0.00 245 242 306 281 -1 -1 -1 -1000 -1000 -1000 -10 -0.900323
Car -1 -1 0.00 729 30 756 52 -1 -1 -1 -1000 -1000 -1000 -10 -0.962948
Car -1 -1 0.00 181 190 334 253 -1 -1 -1 -1000 -1000 -1000 -10 -1.00158
Car -1 -1 0.00 1141 37 1180 77 -1 -1 -1 -1000 -1000 -1000 -10 -1.01578
Car -1 -1 0.00 1099 150 1221 199 -1 -1 -1 -1000 -1000 -1000 -10 -1.0191
Car -1 -1 0.00 17 140 56 152 -1 -1 -1 -1000 -1000 -1000 -10 -1.02095
Car -1 -1 0.00 816 232 863 275 -1 -1 -1 -1000 -1000 -1000 -10 -1.02593
