Car -1 -1 0.00 259 167 469 300 -1 -1 -1 -1000 -1000 -1000 -10 1.48415
Car -1 -1 0.00 451 177 477 195 -1 -1 -1 -1000 -1000 -1000 -10 0.443499
Car -1 -1 0.00 -4 163 138 237 -1 -1 -1 -1000 -1000 -1000 -10 0.27903
Car -1 -1 0.00 515 180 596 205 -1 -1 -1 -1000 -1000 -1000 -10 0.124197
Car -1 -1 0.00 890 240 1243 384 -1 -1 -1 -1000 -1000 -1000 -10 -0.148325
Car -1 -1 0.00 1192 20 1219 39 -1 -1 -1 -1000 -1000 -1000 -10 -0.818549
Car -1 -1 0.00 701 148 725 160 -1 -1 -1 -1000 -1000 -1000 -10 -0.933666
Car -1 -1 0.00 779 223 861 279 -1 -1 -1 -1000 -1000 -1000 -10 -0.976492
Car -1 -1 0.00 480 239 575 312 -1 -1 -1 -1000 -1000 -1000 -10 -0.983281
Car -1 -1 0.00 1088 139 1150 183 -1 -1 -1 -1000 -1000 -1000 -10 -0.997215
