Car -1 -1 0.00 665 171 758 244 -1 -1 -1 -1000 -1000 -1000 -10 1.48854
Car -1 -1 0.00 181 196 445 312 -1 -1 -1 -1000 -1000 -1000 -10 -0.134536
Car -1 -1 0.00 602 173 632 195 -1 -1 -1 -1000 -1000 -1000 -10 -0.190068
Car -1 -1 0.00 628 167 672 210 -1 -1 -1 -1000 -1000 -1000 -10 -0.758928
Car -1 -1 0.00 88 203 185 266 -1 -1 -1 -1000 -1000 -1000 -10 -0.819424
Car -1 -1 0.00 268 197 464 289 -1 -1 -1 -1000 -1000 -1000 -10 -0.822111
Car -1 -1 0.00 1048 334 1081 359 -1 -1 -1 -1000 -1000 -1000 -10 -0.953558
Car -1 -1 0.00 241 130 270 154 -1 -1 -1 -1000 -1000 -1000 -10 -0.953953
Car -1 -1 0.00 306 184 379 202 -1 -1 -1 -1000 -1000 -1000 -10 -0.955501
Car -1 -1 0.00 412 227 472 248 -1 -1 -1 -1000 -1000 -1000 -10 -0.98507
Car -1 -1 0.00 1169 316 1195 338 -1 -1 -1 -1000 -1000 -1000 -10 -1.02624
Car -1 -1 0.00 92 116 118 130 -1 -1 -1 -1000 -1000 -1000 -10 -1.02803
