Car -1 -1 0.00 552 176 581 196 -1 -1 -1 -1000 -1000 -1000 -10 0.0142054
Car -1 -1 0.00 324 198 351 216 -1 -1 -1 -1000 -1000 -1000 -10 -0.863857
Car -1 -1 0.00 1162 328 1185 340 -1 -1 -1 -1000 -1000 -1000 -10 -0.946019
Car -1 -1 0.00 880 332 905 360 -1 -1 -1 -1000 -1000 -1000 -10 -0.981832
Car -1 -1 0.00 519 128 556 140 -1 -1 -1 -1000 -1000 -1000 -10 -0.982765
Car -1 -1 0.00 112 223 157 274 -1 -1 -1 -1000 -1000 -1000 -10 -0.984621
Car -1 -1 0.00 1136 296 1174 335 -1 -1 -1 -1000 -1000 -1000 -10 -0.990847
Car -1 -1 0.00 864 127 923 147 -1 -1 -1 -1000 -1000 -1000 -10 -0.998195
Car -1 -1 0.00 40 312 70 345 -1 -1 -1 -1000 -1000 -1000 -10 -1.00175
Car -1 -1 0.00 145 196 197 219 -1 -1 -1 -1000 -1000 -1000 -10 -1.01052
Car -1 -1 0.00 87 76 115 103 -1 -1 -1 -1000 -1000 -1000 -10 -1.02957
