Car -1 -1 0.00 285 178 349 208 -1 -1 -1 -1000 -1000 -1000 -10 1.8471
Car -1 -1 0.00 393 170 435 195 -1 -1 -1 -1000 -1000 -1000 -10 1.83945
Car -1 -1 0.00 572 165 641 230 -1 -1 -1 -1000 -1000 -1000 -10 1.69392
Car -1 -1 0.00 694 180 820 262 -1 -1 -1 -1000 -1000 -1000 -10 1.30617
Car -1 -1 0.00 648 172 700 214 -1 -1 -1 -1000 -1000 -1000 -10 0.84086
Car -1 -1 0.00 769 192 1047 359 -1 -1 -1 -1000 -1000 -1000 -10 0.503588
Car -1 -1 0.00 340 173 387 203 -1 -1 -1 -1000 -1000 -1000 -10 0.119676
Car -1 -1 0.00 440 172 466 188 -1 -1 -1 -1000 -1000 -1000 -10 -0.0783636
Car -1 -1 0.00 631 169 671 197 -1 -1 -1 -1000 -1000 -1000 -10 -0.476814
Car -1 -1 0.00 910 345 941 367 -1 -1 -1 -1000 -1000 -1000 -10 -0.81517
Car -1 -1 0.00 918 260 1078 308 -1 -1 -1 -1000 -1000 -1000 -10 -0.833331
Car -1 -1 0.00 424 172 450 190 -1 -1 -1 -1000 -1000 -1000 -10 -0.936149
Car -1 -1 0.00 695 207 722 239 -1 -1 -1 -1000 -1000 -1000 -10 -0.974473
Car -1 -1 0.00 1016 251 1242 366 -1 -1 -1 -1000 -1000 -1000 -10 -1.00754
Car -1 -1 0.00 -16 173 196 271 -1 -1 -1 -1000 -1000 -1000 -10 -1.00789
Car -1 -1 0.00 433 79 461 101 -1 -1 -1 -1000 -1000 -1000 -10 -1.02798
