Car -1 -1 0.00 73 145 436 373 -1 -1 -1 -1000 -1000 -1000 -10 0.872412
Car -1 -1 0.00 438 185 512 217 -1 -1 -1 -1000 -1000 -1000 -10 0.0831233
Car -1 -1 0.00 438 184 506 226 -1 -1 -1 -1000 -1000 -1000 -10 -0.58243
Car -1 -1 0.00 943 314 1001 369 -1 -1 -1 -1000 -1000 -1000 -10 -0.934657
Car -1 -1 0.00 1179 84 1210 117 -1 -1 -1 -1000 -1000 -1000 -10 -0.98301
Car -1 -1 0.00 404 25 427 50 -1 -1 -1 -1000 -1000 -1000 -10 -0.995401
Car -1 -1 0.00 1013 95 1039 119 -1 -1 -1 -1000 -1000 -1000 -10 -0.996677
Car -1 -1 0.00 -14 268 20 308 -1 -1 -1 -1000 -1000 -1000 -10 -1.00465
Car -1 -1 0.00 439 312 474 323 -1 -1 -1 -1000 -1000 -1000 -10 -1.01172
Car -1 -1 0.00 442 182 540 224 -1 -1 -1 -1000 -1000 -1000 -10 -1.01949
Car -1 -1 0.00 420 317 479 337 -1 -1 -1 -1000 -1000 -1000 -10 -1.02449
Car -1 -1 0.00 1199 345 1224 366 -1 -1 -1 -1000 -1000 -1000 -10 -1.02484
Car -1 -1 0.00 419 15 493 84 -1 -1 -1 -1000 -1000 -1000 -10 -1.02724
