Car -1 -1 0.00 730 193 866 282 -1 -1 -1 -1000 -1000 -1000 -10 1.89526
Car -1 -1 0.00 695 185 736 217 -1 -1 -1 -1000 -1000 -1000 -10 1.66137
Car -1 -1 0.00 640 178 665 201 -1 -1 -1 -1000 -1000 -1000 -10 1.28553
Car -1 -1 0.00 685 181 715 207 -1 -1 -1 -1000 -1000 -1000 -10 0.192238
Car -1 -1 0.00 677 180 701 203 -1 -1 -1 -1000 -1000 -1000 -10 -0.46922
Car -1 -1 0.00 611 179 645 199 -1 -1 -1 -1000 -1000 -1000 -10 -0.810782
Car -1 -1 0.00 193 322 236 340 -1 -1 -1 -1000 -1000 -1000 -10 -0.860416
Car -1 -1 0.00 574 169 597 185 -1 -1 -1 -1000 -1000 -1000 -10 -0.885463
Car -1 -1 0.00 544 102 589 135 -1 -1 -1 -1000 -1000 -1000 -10 -0.895506
Car -1 -1 0.00 707 309 734 337 -1 -1 -1 -1000 -1000 -1000 -10 -0.928906
Car -1 -1 0.00 139 249 199 276 -1 -1 -1 -1000 -1000 -1000 -10 -0.980197
Car -1 -1 0.00 640 178 668 201 -1 -1 -1 -1000 -1000 -1000 -10 -0.990285
Car -1 -1 0.00 1089 127 1123 169 -1 -1 -1 -1000 -1000 -1000 -10 -0.997656
Car -1 -1 0.00 916 261 1017 364 -1 -1 -1 -1000 -1000 -1000 -10 -1.00742
Car -1 -1 0.00 354 50 411 91 -1 -1 -1 -1000 -1000 -1000 -10 -1.012
Car -1 -1 0.00 556 99 629 147 -1 -1 -1 -1000 -1000 -1000 -10 -1.02481
Car -1 -1 0.00 764 351 881 385 -1 -1 -1 -1000 -1000 -1000 -10 -1.02515
