Car -1 -1 0.00 700 170 800 247 -1 -1 -1 -1000 -1000 -1000 -10 0.720349
Car -1 -1 0.00 -1 201 200 297 -1 -1 -1 -1000 -1000 -1000 -10 -0.766418
Car -1 -1 0.00 828 195 946 271 -1 -1 -1 -1000 -1000 -1000 -10 -0.766997
Car -1 -1 0.00 1077 30 1105 52 -1 -1 -1 -1000 -1000 -1000 -10 -0.780239
Car -1 -1 0.00 818 165 1180 378 -1 -1 -1 -1000 -1000 -1000 -10 -0.805248
Car -1 -1 0.00 105 187 132 200 -1 -1 -1 -1000 -1000 -1000 -10 -0.903499
Car -1 -1 0.00 1163 52 1191 74 -1 -1 -1 -1000 -1000 -1000 -10 -0.919719
Car -1 -1 0.00 752 178 928 323 -1 -1 -1 -1000 -1000 -1000 -10 -0.920842
Car -1 -1 0.00 1198 200 1234 227 -1 -1 -1 -1000 -1000 -1000 -10 -0.986644
Car -1 -1 0.00 85 198 204 283 -1 -1 -1 -1000 -1000 -1000 -10 -1.00539
Car -1 -1 0.00 507 355 550 365 -1 -1 -1 -1000 -1000 -1000 -10 -1.02377
