Car -1 -1 0.00 696 182 789 248 -1 -1 -1 -1000 -1000 -1000 -10 1.98873
Car -1 -1 0.00 589 175 616 201 -1 -1 -1 -1000 -1000 -1000 -10 1.18866
Car -1 -1 0.00 746 195 942 300 -1 -1 -1 -1000 -1000 -1000 -10 0.202384
Car -1 -1 0.00 678 187 729 228 -1 -1 -1 -1000 -1000 -1000 -10 0.0197406
Car -1 -1 0.00 750 187 922 301 -1 -1 -1 -1000 -1000 -1000 -10 -0.571174
Car -1 -1 0.00 901 217 1255 377 -1 -1 -1 -1000 -1000 -1000 -10 -0.708299
Car -1 -1 0.00 631 178 653 194 -1 -1 -1 -1000 -1000 -1000 -10 -0.910539
Car -1 -1 0.00 1231 314 1260 329 -1 -1 -1 -1000 -1000 -1000 -10 -0.916639
Car -1 -1 0.00 298 151 328 188 -1 -1 -1 -1000 -1000 -1000 -10 -1.00138
Car -1 -1 0.00 110 87 136 109 -1 -1 -1 -1000 -1000 -1000 -10 -1.00625
Car -1 -1 0.00 206 300 229 328 -1 -1 -1 -1000 -1000 -1000 -10 -1.02663
Car -1 -1 0.00 532 347 568 356 -1 -1 -1 -1000 -1000 -1000 -10 -1.02924
