Car -1 -1 0.00 600 173 753 230 -1 -1 -1 -1000 -1000 -1000 -10 1.51397
Car -1 -1 0.00 584 182 615 203 -1 -1 -1 -1000 -1000 -1000 -10 1.15578
Car -1 -1 0.00 919 65 961 106 -1 -1 -1 -1000 -1000 -1000 -10 -0.724447
Car -1 -1 0.00 251 82 295 118 -1 -1 -1 -1000 -1000 -1000 -10 -0.952874
Car -1 -1 0.00 1178 282 1204 309 -1 -1 -1 -1000 -1000 -1000 -10 -0.988208
Car -1 -1 0.00 947 161 982 185 -1 -1 -1 -1000 -1000 -1000 -10 -1.00861
Car -1 -1 0.00 1075 172 1098 190 -1 -1 -1 -1000 -1000 -1000 -10 -1.0093
Car -1 -1 0.00 729 330 757 357 -1 -1 -1 -1000 -1000 -1000 -10 -1.00937
Car -1 -1 0.00 45 224 136 251 -1 -1 -1 -1000 -1000 -1000 -10 -1.02202
Car -1 -1 0.00 1230 297 1277 314 -1 -1 -1 -1000 -1000 -1000 -10 -1.02757
