Car -1 -1 0.00 662 172 739 233 -1 -1 -1 -1000 -1000 -1000 -10 1.48178
Car -1 -1 0.00 104 199 365 374 -1 -1 -1 -1000 -1000 -1000 -10 0.0134529
Car -1 -1 0.00 606 174 632 194 -1 -1 -1 -1000 -1000 -1000 -10 -0.17303
Car -1 -1 0.00 763 179 1153 369 -1 -1 -1 -1000 -1000 -1000 -10 -0.42442
Car -1 -1 0.00 298 193 349 227 -1 -1 -1 -1000 -1000 -1000 -10 -0.593676
Car -1 -1 0.00 629 168 669 208 -1 -1 -1 -1000 -1000 -1000 -10 -0.783006
Car -1 -1 0.00 463 220 499 238 -1 -1 -1 -1000 -1000 -1000 -10 -0.957897
Car -1 -1 0.00 429 287 476 325 -1 -1 -1 -1000 -1000 -1000 -10 -1.01028
Car -1 -1 0.00 618 315 645 340 -1 -1 -1 -1000 -1000 -1000 -10 -1.01051
Car -1 -1 0.00 146 196 268 240 -1 -1 -1 -1000 -1000 -1000 -10 -1.01534
Car -1 -1 0.00 868 165 889 189 -1 -1 -1 -1000 -1000 -1000 -10 -1.02625
Car -1 -1 0.00 1074 63 1103 96 -1 -1 -1 -1000 -1000 -1000 -10 -1.02939
