Car -1 -1 0.00 666 182 742 239 -1 -1 -1 -1000 -1000 -1000 -10 1.46973
Car -1 -1 0.00 103 176 394 289 -1 -1 -1 -1000 -1000 -1000 -10 1.0341
Car -1 -1 0.00 601 173 631 199 -1 -1 -1 -1000 -1000 -1000 -10 -0.0958225
Car -1 -1 0.00 643 179 714 225 -1 -1 -1 -1000 -1000 -1000 -10 -0.18514
Car -1 -1 0.00 362 183 447 250 -1 -1 -1 -1000 -1000 -1000 -10 -0.512853
Car -1 -1 0.00 409 182 470 232 -1 -1 -1 -1000 -1000 -1000 -10 -0.74976
Car -1 -1 0.00 524 335 554 349 -1 -1 -1 -1000 -1000 -1000 -10 -0.975609
Car -1 -1 0.00 1063 100 1102 115 -1 -1 -1 -1000 -1000 -1000 -10 -0.978593
Car -1 -1 0.00 639 329 669 343 -1 -1 -1 -1000 -1000 -1000 -10 -0.984474
Car -1 -1 0.00 1116 240 1162 260 -1 -1 -1 -1000 -1000 -1000 -10 -0.99923
Car -1 -1 0.00 573 228 597 239 -1 -1 -1 -1000 -1000 -1000 -10 -0.999655
Car -1 -1 0.00 682 185 741 239 -1 -1 -1 -1000 -1000 -1000 -10 -1.0003
Car -1 -1 0.00 876 268 919 308 -1 -1 -1 -1000 -1000 -1000 -10 -1.02021
Car -1 -1 0.00 542 87 581 105 -1 -1 -1 -1000 -1000 -1000 -10 -1.02027
Car -1 -1 0.00 505 326 536 340 -1 -1 -1 -1000 -1000 -1000 -10 -1.02416
