Car -1 -1 0.00 646 185 713 237 -1 -1 -1 -1000 -1000 -1000 -10 1.18145
Car -1 -1 0.00 161 173 396 273 -1 -1 -1 -1000 -1000 -1000 -10 0.545531
Car -1 -1 0.00 585 175 614 202 -1 -1 -1 -1000 -1000 -1000 -10 0.39275
Car -1 -1 0.00 623 182 683 223 -1 -1 -1 -1000 -1000 -1000 -10 -0.499791
Car -1 -1 0.00 366 187 463 236 -1 -1 -1 -1000 -1000 -1000 -10 -0.584176
Car -1 -1 0.00 366 186 439 247 -1 -1 -1 -1000 -1000 -1000 -10 -0.692384
Car -1 -1 0.00 329 84 368 110 -1 -1 -1 -1000 -1000 -1000 -10 -0.833174
Car -1 -1 0.00 984 307 1025 320 -1 -1 -1 -1000 -1000 -1000 -10 -0.978218
Car -1 -1 0.00 522 276 548 288 -1 -1 -1 -1000 -1000 -1000 -10 -0.98164
Car -1 -1 0.00 1109 227 1137 237 -1 -1 -1 -1000 -1000 -1000 -10 -1.00489
Car -1 -1 0.00 344 98 377 110 -1 -1 -1 -1000 -1000 -1000 -10 -1.00947
Car -1 -1 0.00 596 366 634 376 -1 -1 -1 -1000 -1000 -1000 -10 -1.01793
Car -1 -1 0.00 411 323 463 340 -1 -1 -1 -1000 -1000 -1000 -10 -1.0253
