Car -1 -1 0.00 57 184 365 348 -1 -1 -1 -1000 -1000 -1000 -10 1.47729
Car -1 -1 0.00 266 186 428 280 -1 -1 -1 -1000 -1000 -1000 -10 1.45602
Car -1 -1 0.00 537 168 573 200 -1 -1 -1 -1000 -1000 -1000 -10 0.302025
Car -1 -1 0.00 416 177 469 216 -1 -1 -1 -1000 -1000 -1000 -10 0.25944
Car -1 -1 0.00 482 181 509 204 -1 -1 -1 -1000 -1000 -1000 -10 -0.26076
Car -1 -1 0.00 455 187 498 206 -1 -1 -1 -1000 -1000 -1000 -10 -0.62444
Car -1 -1 0.00 387 183 441 224 -1 -1 -1 -1000 -1000 -1000 -10 -0.701279
Car -1 -1 0.00 57 177 227 249 -1 -1 -1 -1000 -1000 -1000 -10 -0.762823
Car -1 -1 0.00 310 103 335 133 -1 -1 -1 -1000 -1000 -1000 -10 -1.019
Car -1 -1 0.00 1003 236 1029 263 -1 -1 -1 -1000 -1000 -1000 -10 -1.02068
Car -1 -1 0.00 628 183 656 219 -1 -1 -1 -1000 -1000 -1000 -10 -1.02742
