Car -1 -1 0.00 406 185 513 252 -1 -1 -1 -1000 -1000 -1000 -10 2.15769
Car -1 -1 0.00 678 184 776 253 -1 -1 -1 -1000 -1000 -1000 -10 1.88594
Car -1 -1 0.00 521 180 557 208 -1 -1 -1 -1000 -1000 -1000 -10 0.91821
Car -1 -1 0.00 654 182 713 226 -1 -1 -1 -1000 -1000 -1000 -10 0.632198
Car -1 -1 0.00 854 360 887 382 -1 -1 -1 -1000 -1000 -1000 -10 -0.935558
Car -1 -1 0.00 313 -3 356 34 -1 -1 -1 -1000 -1000 -1000 -10 -0.977922
Car -1 -1 0.00 920 91 956 102 -1 -1 -1 -1000 -1000 -1000 -10 -0.984476
Car -1 -1 0.00 386 149 433 180 -1 -1 -1 -1000 -1000 -1000 -10 -0.997094
Car -1 -1 0.00 894 207 919 220 -1 -1 -1 -1000 -1000 -1000 -10 -1.00389
Car -1 -1 0.00 794 347 830 371 -1 -1 -1 -1000 -1000 -1000 -10 -1.02343
Car -1 -1 0.00 1201 19 1230 41 -1 -1 -1 -1000 -1000 -1000 -10 -1.02451
Car -1 -1 0.00 361 208 383 228 -1 -1 -1 -1000 -1000 -1000 -10 -1.0277
