Car -1 -1 0.00 602 172 637 202 -1 -1 -1 -1000 -1000 -1000 -10 1.31963
Car -1 -1 0.00 1030 184 1157 233 -1 -1 -1 -1000 -1000 -1000 -10 1.22659
Car -1 -1 0.00 1096 184 1223 236 -1 -1 -1 -1000 -1000 -1000 -10 1.0308
Car -1 -1 0.00 991 334 1033 349 -1 -1 -1 -1000 -1000 -1000 -10 -0.73141
Car -1 -1 0.00 494 239 524 262 -1 -1 -1 -1000 -1000 -1000 -10 -0.784707
Car -1 -1 0.00 1009 145 1047 175 -1 -1 -1 -1000 -1000 -1000 -10 -0.889696
Car -1 -1 0.00 283 217 332 246 -1 -1 -1 -1000 -1000 -1000 -10 -0.915964
Car -1 -1 0.00 835 174 864 206 -1 -1 -1 -1000 -1000 -1000 -10 -0.932636
Car -1 -1 0.00 887 242 945 285 -1 -1 -1 -1000 -1000 -1000 -10 -0.939218
Car -1 -1 0.00 1159 15 1205 30 -1 -1 -1 -1000 -1000 -1000 -10 -0.963342
Car -1 -1 0.00 951 150 1011 180 -1 -1 -1 -1000 -1000 -1000 -10 -1.00308
Car -1 -1 0.00 4 253 103 283 -1 -1 -1 -1000 -1000 -1000 -10 -1.01196
Car -1 -1 0.00 1116 39 1145 61 -1 -1 -1 -1000 -1000 -1000 -10 -1.01209
Car -1 -1 0.00 739 278 774 315 -1 -1 -1 -1000 -1000 -1000 -10 -1.01332
Car -1 -1 0.00 185 93 221 126 -1 -1 -1 -1000 -1000 -1000 -10 -1.02925
