Car -1 -1 0.00 122 188 261 277 -1 -1 -1 -1000 -1000 -1000 -10 1.96461
Car -1 -1 0.00 717 179 797 217 -1 -1 -1 -1000 -1000 -1000 -10 -0.116078
Car -1 -1 0.00 625 177 673 204 -1 -1 -1 -1000 -1000 -1000 -10 -0.374247
Car -1 -1 0.00 587 173 626 198 -1 -1 -1 -1000 -1000 -1000 -10 -0.512262
Car -1 -1 0.00 611 177 648 201 -1 -1 -1 -1000 -1000 -1000 -10 -0.541808
Car -1 -1 0.00 670 188 698 207 -1 -1 -1 -1000 -1000 -1000 -10 -0.752758
Car -1 -1 0.00 1193 77 1220 100 -1 -1 -1 -1000 -1000 -1000 -10 -0.802306
Car -1 -1 0.00 403 329 436 348 -1 -1 -1 -1000 -1000 -1000 -10 -0.851846
Car -1 -1 0.00 596 172 632 198 -1 -1 -1 -1000 -1000 -1000 -10 -0.888607
Car -1 -1 0.00 345 131 374 157 -1 -1 -1 -1000 -1000 -1000 -10 -0.911794
Car -1 -1 0.00 336 176 380 194 -1 -1 -1 -1000 -1000 -1000 -10 -0.930421
Car -1 -1 0.00 664 166 744 213 -1 -1 -1 -1000 -1000 -1000 -10 -0.939837
Car -1 -1 0.00 423 170 451 192 -1 -1 -1 -1000 -1000 -1000 -10 -0.954671
Car -1 -1 0.00 1115 108 1142 132 -1 -1 -1 -1000 -1000 -1000 -10 -0.963791
Car -1 -1 0.00 1095 93 1199 131 -1 -1 -1 -1000 -1000 -1000 -10 -0.974854
Car -1 -1 0.00 177 130 205 165 -1 -1 -1 -1000 -1000 -1000 -10 -0.987708
Car -1 -1 0.00 729 316 756 336 -1 -1 -1 -1000 -1000 -1000 -10 -1.00618
Car -1 -1 0.00 714 192 743 214 -1 -1 -1 -1000 -1000 -1000 -10 -1.0075
Car -1 -1 0.00 38 123 64 149 -1 -1 -1 -1000 -1000 -1000 -10 -1.00954
Car -1 -1 0.00 580 128 646 178 -1 -1 -1 -1000 -1000 -1000 -10 -1.01252
Car -1 -1 0.00 669 174 707 210 -1 -1 -1 -1000 -1000 -1000 -10 -1.01283
Car -1 -1 0.00 616 81 637 109 -1 -1 -1 -1000 -1000 -1000 -10 -1.01355
Car -1 -1 0.00 844 70 869 92 -1 -1 -1 -1000 -1000 -1000 -10 -1.01476
Car -1 -1 0.00 4 117 33 130 -1 -1 -1 -1000 -1000 -1000 -10 -1.01521
Car -1 -1 0.00 50 281 89 295 -1 -1 -1 -1000 -1000 -1000 -10 -1.01684
Car -1 -1 0.00 118 48 193 69 -1 -1 -1 -1000 -1000 -1000 -10 -1.01789
Car -1 -1 0.00 1147 314 1180 333 -1 -1 -1 -1000 -1000 -1000 -10 -1.02232
Car -1 -1 0.00 759 -9 800 25 -1 -1 -1 -1000 -1000 -1000 -10 -1.02306
Car -1 -1 0.00 122 118 207 160 -1 -1 -1 -1000 -1000 -1000 -10 -1.02661
