Car -1 -1 0.00 250 185 330 218 -1 -1 -1 -1000 -1000 -1000 -10 -0.303122
Car -1 -1 0.00 280 185 331 219 -1 -1 -1 -1000 -1000 -1000 -10 -0.507099
Car -1 -1 0.00 0 201 183 262 -1 -1 -1 -1000 -1000 -1000 -10 -0.5504
Car -1 -1 0.00 184 180 221 206 -1 -1 -1 -1000 -1000 -1000 -10 -0.583562
Car -1 -1 0.00 252 185 303 217 -1 -1 -1 -1000 -1000 -1000 -10 -0.67287
Car -1 -1 0.00 803 221 834 253 -1 -1 -1 -1000 -1000 -1000 -10 -0.790695
Car -1 -1 0.00 382 187 515 243 -1 -1 -1 -1000 -1000 -1000 -10 -0.811936
Car -1 -1 0.00 430 349 455 370 -1 -1 -1 -1000 -1000 -1000 -10 -0.985495
Car -1 -1 0.00 458 360 484 371 -1 -1 -1 -1000 -1000 -1000 -10 -1.00343
Car -1 -1 0.00 517 357 547 371 -1 -1 -1 -1000 -1000 -1000 -10 -1.01606
Car -1 -1 0.00 542 353 571 374 -1 -1 -1 -1000 -1000 -1000 -10 -1.02411
Car -1 -1 0.00 437 357 469 371 -1 -1 -1 -1000 -1000 -1000 -10 -1.02474
Car -1 -1 0.00 354 326 449 368 -1 -1 -1 -1000 -1000 -1000 -10 -1.02511
