Car -1 -1 0.00 765 161 885 203 -1 -1 -1 -1000 -1000 -1000 -10 1.1854
Car -1 -1 0.00 621 163 740 206 -1 -1 -1 -1000 -1000 -1000 -10 1.048
Car -1 -1 0.00 545 167 610 197 -1 -1 -1 -1000 -1000 -1000 -10 0.387917
Car -1 -1 0.00 887 155 1021 195 -1 -1 -1 -1000 -1000 -1000 -10 0.105414
Car -1 -1 0.00 329 177 375 212 -1 -1 -1 -1000 -1000 -1000 -10 -0.48762
Car -1 -1 0.00 1025 151 1167 192 -1 -1 -1 -1000 -1000 -1000 -10 -0.581869
Car -1 -1 0.00 1161 143 1262 190 -1 -1 -1 -1000 -1000 -1000 -10 -0.791814
Car -1 -1 0.00 387 184 426 214 -1 -1 -1 -1000 -1000 -1000 -10 -0.845291
Car -1 -1 0.00 300 168 342 190 -1 -1 -1 -1000 -1000 -1000 -10 -0.925639
Car -1 -1 0.00 887 69 923 84 -1 -1 -1 -1000 -1000 -1000 -10 -0.931272
Car -1 -1 0.00 619 163 761 206 -1 -1 -1 -1000 -1000 -1000 -10 -0.981698
Car -1 -1 0.00 308 177 381 210 -1 -1 -1 -1000 -1000 -1000 -10 -1.00873
Car -1 -1 0.00 1195 5 1235 38 -1 -1 -1 -1000 -1000 -1000 -10 -1.01589
