Car -1 -1 0.00 527 173 565 200 -1 -1 -1 -1000 -1000 -1000 -10 1.45613
Car -1 -1 0.00 979 179 1095 229 -1 -1 -1 -1000 -1000 -1000 -10 1.00013
Car -1 -1 0.00 1078 182 1190 232 -1 -1 -1 -1000 -1000 -1000 -10 -0.0792113
Car -1 -1 0.00 697 160 944 256 -1 -1 -1 -1000 -1000 -1000 -10 -0.584332
Car -1 -1 0.00 698 162 798 229 -1 -1 -1 -1000 -1000 -1000 -10 -0.608189
Car -1 -1 0.00 981 168 1118 228 -1 -1 -1 -1000 -1000 -1000 -10 -0.797786
Car -1 -1 0.00 1036 182 1185 232 -1 -1 -1 -1000 -1000 -1000 -10 -0.849994
Car -1 -1 0.00 86 181 174 254 -1 -1 -1 -1000 -1000 -1000 -10 -0.927051
Car -1 -1 0.00 659 208 688 225 -1 -1 -1 -1000 -1000 -1000 -10 -0.940071
Car -1 -1 0.00 610 165 656 203 -1 -1 -1 -1000 -1000 -1000 -10 -0.942371
Car -1 -1 0.00 220 188 249 209 -1 -1 -1 -1000 -1000 -1000 -10 -0.950349
Car -1 -1 0.00 1108 231 1138 247 -1 -1 -1 -1000 -1000 -1000 -10 -0.956334
Car -1 -1 0.00 213 93 245 124 -1 -1 -1 -1000 -1000 -1000 -10 -0.970331
Car -1 -1 0.00 570 180 593 195 -1 -1 -1 -1000 -1000 -1000 -10 -0.974224
Car -1 -1 0.00 565 186 592 216 -1 -1 -1 -1000 -1000 -1000 -10 -0.975582
Car -1 -1 0.00 686 155 723 172 -1 -1 -1 -1000 -1000 -1000 -10 -0.982828
Car -1 -1 0.00 757 233 788 254 -1 -1 -1 -1000 -1000 -1000 -10 -0.988994
Car -1 -1 0.00 1099 231 1130 247 -1 -1 -1 -1000 -1000 -1000 -10 -1.02536
