Car -1 -1 0.00 313 170 365 194 -1 -1 -1 -1000 -1000 -1000 -10 -0.153198
Car -1 -1 0.00 424 167 456 182 -1 -1 -1 -1000 -1000 -1000 -10 -0.327315
Car -1 -1 0.00 456 168 508 187 -1 -1 -1 -1000 -1000 -1000 -10 -0.377718
Car -1 -1 0.00 1009 127 1046 145 -1 -1 -1 -1000 -1000 -1000 -10 -0.935839
Car -1 -1 0.00 192 28 228 58 -1 -1 -1 -1000 -1000 -1000 -10 -0.981807
Car -1 -1 0.00 447 168 518 197 -1 -1 -1 -1000 -1000 -1000 -10 -0.987781
Car -1 -1 0.00 1144 308 1176 333 -1 -1 -1 -1000 -1000 -1000 -10 -0.997638
Car -1 -1 0.00 186 346 235 363 -1 -1 -1 -1000 -1000 -1000 -10 -1.0004
Car -1 -1 0.00 48 10 94 63 -1 -1 -1 -1000 -1000 -1000 -10 -1.00506
Car -1 -1 0.00 314 355 339 367 -1 -1 -1 -1000 -1000 -1000 -10 -1.01338
Car -1 -1 0.00 220 347 253 373 -1 -1 -1 -1000 -1000 -1000 -10 -1.015
