Car -1 -1 0.00 701 151 862 269 -1 -1 -1 -1000 -1000 -1000 -10 1.68311
Car -1 -1 0.00 631 173 677 205 -1 -1 -1 -1000 -1000 -1000 -10 1.47423
Car -1 -1 0.00 674 178 735 221 -1 -1 -1 -1000 -1000 -1000 -10 0.445748
Car -1 -1 0.00 264 180 473 271 -1 -1 -1 -1000 -1000 -1000 -10 0.35174
Car -1 -1 0.00 567 169 593 189 -1 -1 -1 -1000 -1000 -1000 -10 0.102539
Car -1 -1 0.00 -41 188 358 362 -1 -1 -1 -1000 -1000 -1000 -10 0.017063
Car -1 -1 0.00 610 170 654 201 -1 -1 -1 -1000 -1000 -1000 -10 -0.718298
Car -1 -1 0.00 671 177 758 219 -1 -1 -1 -1000 -1000 -1000 -10 -0.812455
Car -1 -1 0.00 430 178 524 219 -1 -1 -1 -1000 -1000 -1000 -10 -0.862135
Car -1 -1 0.00 205 141 259 166 -1 -1 -1 -1000 -1000 -1000 -10 -0.915539
Car -1 -1 0.00 803 181 1147 373 -1 -1 -1 -1000 -1000 -1000 -10 -0.919918
Car -1 -1 0.00 800 183 1041 374 -1 -1 -1 -1000 -1000 -1000 -10 -0.954825
Car -1 -1 0.00 122 174 414 293 -1 -1 -1 -1000 -1000 -1000 -10 -0.967303
Car -1 -1 0.00 1000 57 1037 76 -1 -1 -1 -1000 -1000 -1000 -10 -0.971546
Car -1 -1 0.00 610 171 678 204 -1 -1 -1 -1000 -1000 -1000 -10 -0.996395
Car -1 -1 0.00 1075 -2 1193 33 -1 -1 -1 -1000 -1000 -1000 -10 -0.996911
