Car -1 -1 0.00 705 189 852 279 -1 -1 -1 -1000 -1000 -1000 -10 1.88213
Car -1 -1 0.00 628 181 663 206 -1 -1 -1 -1000 -1000 -1000 -10 1.45147
Car -1 -1 0.00 672 176 766 250 -1 -1 -1 -1000 -1000 -1000 -10 0.803315
Car -1 -1 0.00 751 186 1056 361 -1 -1 -1 -1000 -1000 -1000 -10 0.221331
Car -1 -1 0.00 322 183 381 205 -1 -1 -1 -1000 -1000 -1000 -10 -0.174361
Car -1 -1 0.00 371 184 412 202 -1 -1 -1 -1000 -1000 -1000 -10 -0.557244
Car -1 -1 0.00 274 181 332 212 -1 -1 -1 -1000 -1000 -1000 -10 -0.674488
Car -1 -1 0.00 355 181 388 204 -1 -1 -1 -1000 -1000 -1000 -10 -0.716727
Car -1 -1 0.00 778 190 1081 370 -1 -1 -1 -1000 -1000 -1000 -10 -0.718921
Car -1 -1 0.00 222 179 311 209 -1 -1 -1 -1000 -1000 -1000 -10 -0.930907
Car -1 -1 0.00 171 151 238 185 -1 -1 -1 -1000 -1000 -1000 -10 -0.94875
Car -1 -1 0.00 871 130 896 152 -1 -1 -1 -1000 -1000 -1000 -10 -0.977462
Car -1 -1 0.00 296 115 327 141 -1 -1 -1 -1000 -1000 -1000 -10 -0.987009
Car -1 -1 0.00 495 161 526 186 -1 -1 -1 -1000 -1000 -1000 -10 -1.01551
Car -1 -1 0.00 1194 65 1225 79 -1 -1 -1 -1000 -1000 -1000 -10 -1.02068
