Car -1 -1 0.00 765 173 996 323 -1 -1 -1 -1000 -1000 -1000 -10 1.32096
Car -1 -1 0.00 604 174 639 208 -1 -1 -1 -1000 -1000 -1000 -10 0.841162
Car -1 -1 0.00 702 177 818 261 -1 -1 -1 -1000 -1000 -1000 -10 0.568119
Car -1 -1 0.00 373 192 474 230 -1 -1 -1 -1000 -1000 -1000 -10 0.0460588
Car -1 -1 0.00 431 183 517 216 -1 -1 -1 -1000 -1000 -1000 -10 -0.393169
Car -1 -1 0.00 450 183 526 214 -1 -1 -1 -1000 -1000 -1000 -10 -0.628594
Car -1 -1 0.00 516 176 554 205 -1 -1 -1 -1000 -1000 -1000 -10 -0.772869
Car -1 -1 0.00 696 178 730 207 -1 -1 -1 -1000 -1000 -1000 -10 -0.955277
Car -1 -1 0.00 710 273 750 307 -1 -1 -1 -1000 -1000 -1000 -10 -0.980118
Car -1 -1 0.00 320 298 354 309 -1 -1 -1 -1000 -1000 -1000 -10 -0.999554
Car -1 -1 0.00 316 284 350 295 -1 -1 -1 -1000 -1000 -1000 -10 -1.00688
Car -1 -1 0.00 749 305 797 350 -1 -1 -1 -1000 -1000 -1000 -10 -1.01766
Car -1 -1 0.00 300 300 342 313 -1 -1 -1 -1000 -1000 -1000 -10 -1.02077
Car -1 -1 0.00 309 290 345 301 -1 -1 -1 -1000 -1000 -1000 -10 -1.02654
Car -1 -1 0.00 316 296 350 307 -1 -1 -1 -1000 -1000 -1000 -10 -1.02892
Car -1 -1 0.00 284 294 319 305 -1 -1 -1 -1000 -1000 -1000 -10 -1.02893
