Car -1 -1 0.00 395 183 460 205 -1 -1 -1 -1000 -1000 -1000 -10 0.170781
Car -1 -1 0.00 476 163 524 196 -1 -1 -1 -1000 -1000 -1000 -10 -0.157563
Car -1 -1 0.00 807 160 929 205 -1 -1 -1 -1000 -1000 -1000 -10 -0.794791
Car -1 -1 0.00 183 39 210 68 -1 -1 -1 -1000 -1000 -1000 -10 -0.829835
Car -1 -1 0.00 1074 156 1103 190 -1 -1 -1 -1000 -1000 -1000 -10 -0.831663
Car -1 -1 0.00 359 196 398 230 -1 -1 -1 -1000 -1000 -1000 -10 -0.885002
Car -1 -1 0.00 566 152 592 163 -1 -1 -1 -1000 -1000 -1000 -10 -0.910304
Car -1 -1 0.00 39 101 86 118 -1 -1 -1 -1000 -1000 -1000 -10 -0.911447
Car -1 -1 0.00 841 240 879 253 -1 -1 -1 -1000 -1000 -1000 -10 -0.980918
Car -1 -1 0.00 822 182 853 209 -1 -1 -1 -1000 -1000 -1000 -10 -1.00937
Car -1 -1 0.00 369 242 455 266 -1 -1 -1 -1000 -1000 -1000 -10 -1.01207
Car -1 -1 0.00 903 179 949 205 -1 -1 -1 -1000 -1000 -1000 -10 -1.01331
Car -1 -1 0.00 1237 192 1278 251 -1 -1 -1 -1000 -1000 -1000 -10 -1.02085
