Car -1 -1 0.00 829 173 909 210 -1 -1 -1 -1000 -1000 -1000 -10 1.05196
Car -1 -1 0.00 484 178 553 226 -1 -1 -1 -1000 -1000 -1000 -10 0.929175
Car -1 -1 0.00 555 172 580 190 -1 -1 -1 -1000 -1000 -1000 -10 0.637387
Car -1 -1 0.00 982 168 1152 244 -1 -1 -1 -1000 -1000 -1000 -10 0.567227
Car -1 -1 0.00 975 187 1082 231 -1 -1 -1 -1000 -1000 -1000 -10 -0.417031
Car -1 -1 0.00 322 174 357 190 -1 -1 -1 -1000 -1000 -1000 -10 -0.776859
Car -1 -1 0.00 716 165 746 184 -1 -1 -1 -1000 -1000 -1000 -10 -0.83772
Car -1 -1 0.00 442 182 472 204 -1 -1 -1 -1000 -1000 -1000 -10 -0.926726
Car -1 -1 0.00 1094 69 1152 143 -1 -1 -1 -1000 -1000 -1000 -10 -0.943594
Car -1 -1 0.00 879 166 927 202 -1 -1 -1 -1000 -1000 -1000 -10 -0.943916
Car -1 -1 0.00 -12 251 211 371 -1 -1 -1 -1000 -1000 -1000 -10 -0.973624
Car -1 -1 0.00 1199 81 1227 110 -1 -1 -1 -1000 -1000 -1000 -10 -0.999342
Car -1 -1 0.00 481 153 562 179 -1 -1 -1 -1000 -1000 -1000 -10 -1.00579
Car -1 -1 0.00 326 96 389 116 -1 -1 -1 -1000 -1000 -1000 -10 -1.00678
Car -1 -1 0.00 1169 8 1220 31 -1 -1 -1 -1000 -1000 -1000 -10 -1.00909
Car -1 -1 0.00 600 99 627 121 -1 -1 -1 -1000 -1000 -1000 -10 -1.0233
Car -1 -1 0.00 39 147 66 168 -1 -1 -1 -1000 -1000 -1000 -10 -1.02573
Car -1 -1 0.00 754 240 786 266 -1 -1 -1 -1000 -1000 -1000 -10 -1.02769
