Car -1 -1 0.00 955 181 1069 233 -1 -1 -1 -1000 -1000 -1000 -10 1.59265
Car -1 -1 0.00 601 172 637 201 -1 -1 -1 -1000 -1000 -1000 -10 1.42059
Car -1 -1 0.00 1036 182 1150 230 -1 -1 -1 -1000 -1000 -1000 -10 0.198952
Car -1 -1 0.00 743 194 788 213 -1 -1 -1 -1000 -1000 -1000 -10 -0.735853
Car -1 -1 0.00 338 157 415 190 -1 -1 -1 -1000 -1000 -1000 -10 -0.842854
Car -1 -1 0.00 835 174 864 206 -1 -1 -1 -1000 -1000 -1000 -10 -0.907581
Car -1 -1 0.00 887 243 944 285 -1 -1 -1 -1000 -1000 -1000 -10 -0.943458
Car -1 -1 0.00 406 233 436 252 -1 -1 -1 -1000 -1000 -1000 -10 -0.946425
Car -1 -1 0.00 1159 15 1205 30 -1 -1 -1 -1000 -1000 -1000 -10 -0.968847
Car -1 -1 0.00 955 173 1014 195 -1 -1 -1 -1000 -1000 -1000 -10 -0.995584
Car -1 -1 0.00 2 253 104 283 -1 -1 -1 -1000 -1000 -1000 -10 -1.00285
Car -1 -1 0.00 604 172 641 204 -1 -1 -1 -1000 -1000 -1000 -10 -1.00994
