Car -1 -1 0.00 807 179 993 300 -1 -1 -1 -1000 -1000 -1000 -10 1.59808
Car -1 -1 0.00 560 175 617 197 -1 -1 -1 -1000 -1000 -1000 -10 1.46236
Car -1 -1 0.00 390 183 457 204 -1 -1 -1 -1000 -1000 -1000 -10 0.68482
Car -1 -1 0.00 698 178 740 214 -1 -1 -1 -1000 -1000 -1000 -10 -0.0894417
Car -1 -1 0.00 847 162 915 184 -1 -1 -1 -1000 -1000 -1000 -10 -0.167164
Car -1 -1 0.00 464 180 493 197 -1 -1 -1 -1000 -1000 -1000 -10 -0.210628
Car -1 -1 0.00 301 182 373 212 -1 -1 -1 -1000 -1000 -1000 -10 -0.320539
Car -1 -1 0.00 764 175 891 259 -1 -1 -1 -1000 -1000 -1000 -10 -0.360704
Car -1 -1 0.00 28 190 165 227 -1 -1 -1 -1000 -1000 -1000 -10 -0.455277
Car -1 -1 0.00 463 179 501 197 -1 -1 -1 -1000 -1000 -1000 -10 -0.68022
Car -1 -1 0.00 950 180 1028 209 -1 -1 -1 -1000 -1000 -1000 -10 -0.733304
Car -1 -1 0.00 372 181 451 209 -1 -1 -1 -1000 -1000 -1000 -10 -0.73553
Car -1 -1 0.00 224 176 322 214 -1 -1 -1 -1000 -1000 -1000 -10 -0.838313
Car -1 -1 0.00 107 180 239 223 -1 -1 -1 -1000 -1000 -1000 -10 -0.938995
Car -1 -1 0.00 992 302 1017 312 -1 -1 -1 -1000 -1000 -1000 -10 -0.991905
Car -1 -1 0.00 413 100 451 119 -1 -1 -1 -1000 -1000 -1000 -10 -0.992443
Car -1 -1 0.00 781 356 820 373 -1 -1 -1 -1000 -1000 -1000 -10 -1.01389
Car -1 -1 0.00 625 31 654 59 -1 -1 -1 -1000 -1000 -1000 -10 -1.02394
