Car -1 -1 0.00 87 188 352 315 -1 -1 -1 -1000 -1000 -1000 -10 1.2896
Car -1 -1 0.00 566 174 589 197 -1 -1 -1 -1000 -1000 -1000 -10 -0.287558
Car -1 -1 0.00 528 175 554 197 -1 -1 -1 -1000 -1000 -1000 -10 -0.373708
Car -1 -1 0.00 1139 195 1202 238 -1 -1 -1 -1000 -1000 -1000 -10 -0.699862
Car -1 -1 0.00 657 130 744 214 -1 -1 -1 -1000 -1000 -1000 -10 -0.793749
Car -1 -1 0.00 1047 189 1087 217 -1 -1 -1 -1000 -1000 -1000 -10 -0.91131
Car -1 -1 0.00 273 361 305 375 -1 -1 -1 -1000 -1000 -1000 -10 -0.956645
Car -1 -1 0.00 87 236 122 269 -1 -1 -1 -1000 -1000 -1000 -10 -0.958235
Car -1 -1 0.00 383 223 406 249 -1 -1 -1 -1000 -1000 -1000 -10 -0.969512
Car -1 -1 0.00 456 94 485 126 -1 -1 -1 -1000 -1000 -1000 -10 -0.981296
Car -1 -1 0.00 728 294 789 315 -1 -1 -1 -1000 -1000 -1000 -10 -1.00007
Car -1 -1 0.00 532 139 584 166 -1 -1 -1 -1000 -1000 -1000 -10 -1.01323
Car -1 -1 0.00 571 182 626 198 -1 -1 -1 -1000 -1000 -1000 -10 -1.02073
Car -1 -1 0.00 506 124 529 146 -1 -1 -1 -1000 -1000 -1000 -10 -1.02629
