Car -1 -1 0.00 642 168 671 186 -1 -1 -1 -1000 -1000 -1000 -10 1.38728
Car -1 -1 0.00 673 172 744 232 -1 -1 -1 -1000 -1000 -1000 -10 1.30805
Car -1 -1 0.00 601 169 627 186 -1 -1 -1 -1000 -1000 -1000 -10 0.758063
Car -1 -1 0.00 74 181 230 244 -1 -1 -1 -1000 -1000 -1000 -10 0.571478
Car -1 -1 0.00 252 191 284 206 -1 -1 -1 -1000 -1000 -1000 -10 -0.969512
Car -1 -1 0.00 750 160 775 172 -1 -1 -1 -1000 -1000 -1000 -10 -0.971631
Car -1 -1 0.00 108 89 140 122 -1 -1 -1 -1000 -1000 -1000 -10 -0.979598
Car -1 -1 0.00 -13 47 14 84 -1 -1 -1 -1000 -1000 -1000 -10 -1.00556
Car -1 -1 0.00 1010 119 1035 146 -1 -1 -1 -1000 -1000 -1000 -10 -1.01038
Car -1 -1 0.00 408 109 474 130 -1 -1 -1 -1000 -1000 -1000 -10 -1.0189
Car -1 -1 0.00 903 188 947 216 -1 -1 -1 -1000 -1000 -1000 -10 -1.025
Car -1 -1 0.00 162 154 188 181 -1 -1 -1 -1000 -1000 -1000 -10 -1.02502
