Car -1 -1 0.00 756 189 894 239 -1 -1 -1 -1000 -1000 -1000 -10 1.60353
Car -1 -1 0.00 902 184 967 211 -1 -1 -1 -1000 -1000 -1000 -10 0.929823
Car -1 -1 0.00 1108 184 1180 240 -1 -1 -1 -1000 -1000 -1000 -10 0.756999
Car -1 -1 0.00 1067 180 1108 209 -1 -1 -1 -1000 -1000 -1000 -10 -0.063026
Car -1 -1 0.00 773 190 913 251 -1 -1 -1 -1000 -1000 -1000 -10 -0.373556
Car -1 -1 0.00 824 189 921 231 -1 -1 -1 -1000 -1000 -1000 -10 -0.704109
Car -1 -1 0.00 892 179 979 206 -1 -1 -1 -1000 -1000 -1000 -10 -0.744844
Car -1 -1 0.00 1154 188 1283 288 -1 -1 -1 -1000 -1000 -1000 -10 -0.820912
Car -1 -1 0.00 213 -4 336 88 -1 -1 -1 -1000 -1000 -1000 -10 -0.847656
Car -1 -1 0.00 1089 185 1221 242 -1 -1 -1 -1000 -1000 -1000 -10 -0.881105
Car -1 -1 0.00 1089 180 1139 234 -1 -1 -1 -1000 -1000 -1000 -10 -0.961528
Car -1 -1 0.00 563 81 598 121 -1 -1 -1 -1000 -1000 -1000 -10 -0.978798
Car -1 -1 0.00 477 -5 526 27 -1 -1 -1 -1000 -1000 -1000 -10 -1.01099
Car -1 -1 0.00 527 90 551 116 -1 -1 -1 -1000 -1000 -1000 -10 -1.02519
Car -1 -1 0.00 48 54 102 111 -1 -1 -1 -1000 -1000 -1000 -10 -1.02568
Car -1 -1 0.00 -29 5 74 37 -1 -1 -1 -1000 -1000 -1000 -10 -1.02801
