Car -1 -1 0.00 614 175 663 193 -1 -1 -1 -1000 -1000 -1000 -10 0.435912
Car -1 -1 0.00 381 180 425 198 -1 -1 -1 -1000 -1000 -1000 -10 0.269877
Car -1 -1 0.00 546 175 604 195 -1 -1 -1 -1000 -1000 -1000 -10 0.182794
Car -1 -1 0.00 688 173 747 192 -1 -1 -1 -1000 -1000 -1000 -10 -0.234979
Car -1 -1 0.00 505 177 546 192 -1 -1 -1 -1000 -1000 -1000 -10 -0.298376
Car -1 -1 0.00 506 176 533 193 -1 -1 -1 -1000 -1000 -1000 -10 -0.835489
Car -1 -1 0.00 147 164 180 174 -1 -1 -1 -1000 -1000 -1000 -10 -0.855609
Car -1 -1 0.00 889 118 923 142 -1 -1 -1 -1000 -1000 -1000 -10 -0.949989
Car -1 -1 0.00 56 -2 86 19 -1 -1 -1 -1000 -1000 -1000 -10 -0.954611
Car -1 -1 0.00 664 174 728 192 -1 -1 -1 -1000 -1000 -1000 -10 -0.963812
Car -1 -1 0.00 1046 114 1078 140 -1 -1 -1 -1000 -1000 -1000 -10 -0.979875
Car -1 -1 0.00 270 125 296 152 -1 -1 -1 -1000 -1000 -1000 -10 -1.00523
Car -1 -1 0.00 669 174 692 192 -1 -1 -1 -1000 -1000 -1000 -10 -1.00897
Car -1 -1 0.00 653 181 681 192 -1 -1 -1 -1000 -1000 -1000 -10 -1.01188
Car -1 -1 0.00 1098 65 1210 112 -1 -1 -1 -1000 -1000 -1000 -10 -1.01861
Car -1 -1 0.00 1156 97 1181 110 -1 -1 -1 -1000 -1000 -1000 -10 -1.02725
