Car -1 -1 0.00 165 171 365 317 -1 -1 -1 -1000 -1000 -1000 -10 1.18234
Car -1 -1 0.00 316 176 382 209 -1 -1 -1 -1000 -1000 -1000 -10 0.279294
Car -1 -1 0.00 352 168 399 192 -1 -1 -1 -1000 -1000 -1000 -10 0.103539
Car -1 -1 0.00 37 181 166 224 -1 -1 -1 -1000 -1000 -1000 -10 -0.117047
Car -1 -1 0.00 395 168 433 187 -1 -1 -1 -1000 -1000 -1000 -10 -0.200313
Car -1 -1 0.00 428 157 469 185 -1 -1 -1 -1000 -1000 -1000 -10 -0.718708
Car -1 -1 0.00 474 161 542 187 -1 -1 -1 -1000 -1000 -1000 -10 -0.821793
Car -1 -1 0.00 233 174 368 314 -1 -1 -1 -1000 -1000 -1000 -10 -0.889829
Car -1 -1 0.00 129 230 172 241 -1 -1 -1 -1000 -1000 -1000 -10 -0.95101
Car -1 -1 0.00 638 189 663 211 -1 -1 -1 -1000 -1000 -1000 -10 -0.960335
Car -1 -1 0.00 1093 -18 1201 50 -1 -1 -1 -1000 -1000 -1000 -10 -1.0024
Car -1 -1 0.00 1198 221 1223 239 -1 -1 -1 -1000 -1000 -1000 -10 -1.02915
