Car -1 -1 0.00 704 50 746 68 -1 -1 -1 -1000 -1000 -1000 -10 -0.824028
Car -1 -1 0.00 119 90 185 121 -1 -1 -1 -1000 -1000 -1000 -10 -0.910054
Car -1 -1 0.00 341 216 432 299 -1 -1 -1 -1000 -1000 -1000 -10 -0.949425
Car -1 -1 0.00 469 265 528 288 -1 -1 -1 -1000 -1000 -1000 -10 -0.950291
Car -1 -1 0.00 583 275 626 325 -1 -1 -1 -1000 -1000 -1000 -10 -0.956391
Car -1 -1 0.00 490 286 521 317 -1 -1 -1 -1000 -1000 -1000 -10 -0.977147
Car -1 -1 0.00 123 82 155 98 -1 -1 -1 -1000 -1000 -1000 -10 -0.994692
Car -1 -1 0.00 545 303 599 362 -1 -1 -1 -1000 -1000 -1000 -10 -0.996365
Car -1 -1 0.00 422 264 490 290 -1 -1 -1 -1000 -1000 -1000 -10 -1.0146
Car -1 -1 0.00 995 187 1021 206 -1 -1 -1 -1000 -1000 -1000 -10 -1.0181
Car -1 -1 0.00 642 361 676 375 -1 -1 -1 -1000 -1000 -1000 -10 -1.02437
