Car -1 -1 0.00 381 182 500 229 -1 -1 -1 -1000 -1000 -1000 -10 1.19848
Car -1 -1 0.00 126 187 318 240 -1 -1 -1 -1000 -1000 -1000 -10 0.997607
Car -1 -1 0.00 661 173 716 212 -1 -1 -1 -1000 -1000 -1000 -10 0.766541
Car -1 -1 0.00 485 178 519 199 -1 -1 -1 -1000 -1000 -1000 -10 0.185644
Car -1 -1 0.00 0 176 201 239 -1 -1 -1 -1000 -1000 -1000 -10 -0.145478
Car -1 -1 0.00 176 177 216 207 -1 -1 -1 -1000 -1000 -1000 -10 -0.485754
Car -1 -1 0.00 677 174 718 211 -1 -1 -1 -1000 -1000 -1000 -10 -0.636457
Car -1 -1 0.00 1013 60 1043 97 -1 -1 -1 -1000 -1000 -1000 -10 -0.850343
Car -1 -1 0.00 521 19 558 42 -1 -1 -1 -1000 -1000 -1000 -10 -0.873355
Car -1 -1 0.00 1101 257 1128 273 -1 -1 -1 -1000 -1000 -1000 -10 -0.893105
Car -1 -1 0.00 1133 259 1162 278 -1 -1 -1 -1000 -1000 -1000 -10 -0.947526
Car -1 -1 0.00 761 -3 820 36 -1 -1 -1 -1000 -1000 -1000 -10 -1.00422
Car -1 -1 0.00 372 46 404 70 -1 -1 -1 -1000 -1000 -1000 -10 -1.01492
Car -1 -1 0.00 305 172 351 210 -1 -1 -1 -1000 -1000 -1000 -10 -1.02168
Car -1 -1 0.00 374 357 409 371 -1 -1 -1 -1000 -1000 -1000 -10 -1.02308
