Car -1 -1 0.00 537 167 645 226 -1 -1 -1 -1000 -1000 -1000 -10 0.60017
Car -1 -1 0.00 754 140 1023 342 -1 -1 -1 -1000 -1000 -1000 -10 0.474119
Car -1 -1 0.00 660 159 749 231 -1 -1 -1 -1000 -1000 -1000 -10 -0.539498
Car -1 -1 0.00 148 122 212 150 -1 -1 -1 -1000 -1000 -1000 -10 -0.79057
Car -1 -1 0.00 206 189 265 217 -1 -1 -1 -1000 -1000 -1000 -10 -0.864668
Car -1 -1 0.00 731 174 830 268 -1 -1 -1 -1000 -1000 -1000 -10 -0.911401
Car -1 -1 0.00 406 64 463 91 -1 -1 -1 -1000 -1000 -1000 -10 -0.979341
Car -1 -1 0.00 1148 312 1232 342 -1 -1 -1 -1000 -1000 -1000 -10 -0.99259
Car -1 -1 0.00 332 217 407 271 -1 -1 -1 -1000 -1000 -1000 -10 -1.00729
Car -1 -1 0.00 1105 -2 1157 36 -1 -1 -1 -1000 -1000 -1000 -10 -1.00953
