Car -1 -1 0.00 56 185 217 257 -1 -1 -1 -1000 -1000 -1000 -10 2.14314
Car -1 -1 0.00 795 184 897 225 -1 -1 -1 -1000 -1000 -1000 -10 1.88752
Car -1 -1 0.00 677 174 767 254 -1 -1 -1 -1000 -1000 -1000 -10 1.00195
Car -1 -1 0.00 987 177 1092 214 -1 -1 -1 -1000 -1000 -1000 -10 0.43358
Car -1 -1 0.00 633 180 656 199 -1 -1 -1 -1000 -1000 -1000 -10 0.170325
Car -1 -1 0.00 347 182 392 203 -1 -1 -1 -1000 -1000 -1000 -10 -0.314172
Car -1 -1 0.00 535 178 566 199 -1 -1 -1 -1000 -1000 -1000 -10 -0.359933
Car -1 -1 0.00 366 181 426 199 -1 -1 -1 -1000 -1000 -1000 -10 -0.774706
Car -1 -1 0.00 22 155 48 176 -1 -1 -1 -1000 -1000 -1000 -10 -0.842371
Car -1 -1 0.00 910 227 1014 295 -1 -1 -1 -1000 -1000 -1000 -10 -0.912515
Car -1 -1 0.00 585 175 626 189 -1 -1 -1 -1000 -1000 -1000 -10 -0.973503
Car -1 -1 0.00 360 183 389 203 -1 -1 -1 -1000 -1000 -1000 -10 -1.01139
Car -1 -1 0.00 1005 177 1093 207 -1 -1 -1 -1000 -1000 -1000 -10 -1.01546
