Car -1 -1 0.00 551 182 588 211 -1 -1 -1 -1000 -1000 -1000 -10 1.53317
Car -1 -1 0.00 818 165 869 199 -1 -1 -1 -1000 -1000 -1000 -10 -0.170528
Car -1 -1 0.00 847 176 901 199 -1 -1 -1 -1000 -1000 -1000 -10 -0.466998
Car -1 -1 0.00 775 171 800 190 -1 -1 -1 -1000 -1000 -1000 -10 -0.731816
Car -1 -1 0.00 989 196 1035 226 -1 -1 -1 -1000 -1000 -1000 -10 -0.889449
Car -1 -1 0.00 805 87 835 119 -1 -1 -1 -1000 -1000 -1000 -10 -0.90018
Car -1 -1 0.00 474 163 508 188 -1 -1 -1 -1000 -1000 -1000 -10 -0.928068
Car -1 -1 0.00 370 188 465 219 -1 -1 -1 -1000 -1000 -1000 -10 -0.972846
Car -1 -1 0.00 282 262 322 309 -1 -1 -1 -1000 -1000 -1000 -10 -0.975421
Car -1 -1 0.00 367 48 396 81 -1 -1 -1 -1000 -1000 -1000 -10 -1.00561
Car -1 -1 0.00 1077 282 1114 293 -1 -1 -1 -1000 -1000 -1000 -10 -1.01795
Car -1 -1 0.00 43 50 274 172 -1 -1 -1 -1000 -1000 -1000 -10 -1.01889
Car -1 -1 0.00 888 183 916 201 -1 -1 -1 -1000 -1000 -1000 -10 -1.02301
Car -1 -1 0.00 440 -18 496 17 -1 -1 -1 -1000 -1000 -1000 -10 -1.02453
