Car -1 -1 0.00 276 204 422 303 -1 -1 -1 -1000 -1000 -1000 -10 0.408301
Car -1 -1 0.00 1 219 334 375 -1 -1 -1 -1000 -1000 -1000 -10 -0.105573
Car -1 -1 0.00 808 202 1077 306 -1 -1 -1 -1000 -1000 -1000 -10 -0.355519
Car -1 -1 0.00 346 176 393 207 -1 -1 -1 -1000 -1000 -1000 -10 -0.60836
Car -1 -1 0.00 687 192 798 239 -1 -1 -1 -1000 -1000 -1000 -10 -0.626258
Car -1 -1 0.00 747 195 913 257 -1 -1 -1 -1000 -1000 -1000 -10 -0.643339
Car -1 -1 0.00 1152 297 1186 319 -1 -1 -1 -1000 -1000 -1000 -10 -0.679568
Car -1 -1 0.00 586 187 659 217 -1 -1 -1 -1000 -1000 -1000 -10 -0.685753
Car -1 -1 0.00 735 198 944 292 -1 -1 -1 -1000 -1000 -1000 -10 -0.750896
Car -1 -1 0.00 59 168 311 232 -1 -1 -1 -1000 -1000 -1000 -10 -0.783956
Car -1 -1 0.00 734 190 822 254 -1 -1 -1 -1000 -1000 -1000 -10 -0.816356
Car -1 -1 0.00 648 190 712 233 -1 -1 -1 -1000 -1000 -1000 -10 -0.835665
Car -1 -1 0.00 684 188 748 234 -1 -1 -1 -1000 -1000 -1000 -10 -0.9159
Car -1 -1 0.00 639 186 749 229 -1 -1 -1 -1000 -1000 -1000 -10 -0.942106
Car -1 -1 0.00 1107 344 1134 359 -1 -1 -1 -1000 -1000 -1000 -10 -0.973114
Car -1 -1 0.00 436 183 463 202 -1 -1 -1 -1000 -1000 -1000 -10 -0.987983
Car -1 -1 0.00 960 142 987 166 -1 -1 -1 -1000 -1000 -1000 -10 -0.989208
Car -1 -1 0.00 1160 219 1237 273 -1 -1 -1 -1000 -1000 -1000 -10 -1.01144
Car -1 -1 0.00 877 356 913 368 -1 -1 -1 -1000 -1000 -1000 -10 -1.02659
Car -1 -1 0.00 1044 147 1112 168 -1 -1 -1 -1000 -1000 -1000 -10 -1.02822
