Car -1 -1 0.00 487 174 519 198 -1 -1 -1 -1000 -1000 -1000 -10 0.239069
Car -1 -1 0.00 342 184 375 201 -1 -1 -1 -1000 -1000 -1000 -10 0.210063
Car -1 -1 0.00 435 179 463 192 -1 -1 -1 -1000 -1000 -1000 -10 -0.349284
Car -1 -1 0.00 400 180 427 196 -1 -1 -1 -1000 -1000 -1000 -10 -0.595746
Car -1 -1 0.00 367 179 414 197 -1 -1 -1 -1000 -1000 -1000 -10 -0.776137
Car -1 -1 0.00 375 181 404 199 -1 -1 -1 -1000 -1000 -1000 -10 -0.914698
Car -1 -1 0.00 732 -3 824 23 -1 -1 -1 -1000 -1000 -1000 -10 -0.93769
Car -1 -1 0.00 143 93 194 120 -1 -1 -1 -1000 -1000 -1000 -10 -0.972589
Car -1 -1 0.00 1125 123 1153 138 -1 -1 -1 -1000 -1000 -1000 -10 -0.972966
Car -1 -1 0.00 51 148 88 179 -1 -1 -1 -1000 -1000 -1000 -10 -0.995868
Car -1 -1 0.00 0 30 78 57 -1 -1 -1 -1000 -1000 -1000 -10 -1.01583
Car -1 -1 0.00 9 113 58 129 -1 -1 -1 -1000 -1000 -1000 -10 -1.02736
