Car -1 -1 0.00 647 180 708 226 -1 -1 -1 -1000 -1000 -1000 -10 1.9142
Car -1 -1 0.00 454 179 505 212 -1 -1 -1 -1000 -1000 -1000 -10 1.19394
Car -1 -1 0.00 521 176 546 193 -1 -1 -1 -1000 -1000 -1000 -10 0.930756
Car -1 -1 0.00 584 175 617 210 -1 -1 -1 -1000 -1000 -1000 -10 0.73199
Car -1 -1 0.00 338 178 417 223 -1 -1 -1 -1000 -1000 -1000 -10 0.0150987
Car -1 -1 0.00 1041 133 1107 160 -1 -1 -1 -1000 -1000 -1000 -10 -0.734658
Car -1 -1 0.00 956 42 982 69 -1 -1 -1 -1000 -1000 -1000 -10 -0.766519
Car -1 -1 0.00 1129 162 1158 184 -1 -1 -1 -1000 -1000 -1000 -10 -0.798687
Car -1 -1 0.00 931 312 963 334 -1 -1 -1 -1000 -1000 -1000 -10 -0.862368
Car -1 -1 0.00 510 85 536 115 -1 -1 -1 -1000 -1000 -1000 -10 -0.89494
Car -1 -1 0.00 223 188 267 220 -1 -1 -1 -1000 -1000 -1000 -10 -0.949033
