Car -1 -1 0.00 280 178 347 209 -1 -1 -1 -1000 -1000 -1000 -10 1.42335
Car -1 -1 0.00 710 184 772 229 -1 -1 -1 -1000 -1000 -1000 -10 1.18973
Car -1 -1 0.00 330 175 385 203 -1 -1 -1 -1000 -1000 -1000 -10 0.578157
Car -1 -1 0.00 436 177 536 251 -1 -1 -1 -1000 -1000 -1000 -10 0.477872
Car -1 -1 0.00 655 172 687 196 -1 -1 -1 -1000 -1000 -1000 -10 0.113645
Car -1 -1 0.00 396 174 433 196 -1 -1 -1 -1000 -1000 -1000 -10 0.0353653
Car -1 -1 0.00 424 174 452 195 -1 -1 -1 -1000 -1000 -1000 -10 -0.304252
Car -1 -1 0.00 483 170 555 224 -1 -1 -1 -1000 -1000 -1000 -10 -0.369202
Car -1 -1 0.00 656 173 710 198 -1 -1 -1 -1000 -1000 -1000 -10 -0.557824
Car -1 -1 0.00 378 175 412 198 -1 -1 -1 -1000 -1000 -1000 -10 -0.559294
Car -1 -1 0.00 797 184 823 212 -1 -1 -1 -1000 -1000 -1000 -10 -0.719199
Car -1 -1 0.00 511 165 575 214 -1 -1 -1 -1000 -1000 -1000 -10 -0.767466
Car -1 -1 0.00 711 151 737 172 -1 -1 -1 -1000 -1000 -1000 -10 -0.851554
Car -1 -1 0.00 671 177 709 206 -1 -1 -1 -1000 -1000 -1000 -10 -0.874437
Car -1 -1 0.00 1178 45 1218 75 -1 -1 -1 -1000 -1000 -1000 -10 -0.928911
Car -1 -1 0.00 681 167 746 218 -1 -1 -1 -1000 -1000 -1000 -10 -0.938824
Car -1 -1 0.00 924 231 1004 253 -1 -1 -1 -1000 -1000 -1000 -10 -0.97903
Car -1 -1 0.00 1156 354 1191 365 -1 -1 -1 -1000 -1000 -1000 -10 -1.00464
Car -1 -1 0.00 611 171 648 187 -1 -1 -1 -1000 -1000 -1000 -10 -1.00838
Car -1 -1 0.00 183 7 217 34 -1 -1 -1 -1000 -1000 -1000 -10 -1.01174
Car -1 -1 0.00 1191 213 1214 232 -1 -1 -1 -1000 -1000 -1000 -10 -1.01418
Car -1 -1 0.00 688 357 718 371 -1 -1 -1 -1000 -1000 -1000 -10 -1.01615
