Car -1 -1 0.00 420 175 505 217 -1 -1 -1 -1000 -1000 -1000 -10 1.75475
Car -1 -1 0.00 322 174 377 199 -1 -1 -1 -1000 -1000 -1000 -10 0.907257
Car -1 -1 0.00 179 176 230 197 -1 -1 -1 -1000 -1000 -1000 -10 -0.566157
Car -1 -1 0.00 157 165 205 197 -1 -1 -1 -1000 -1000 -1000 -10 -0.627568
Car -1 -1 0.00 624 190 672 212 -1 -1 -1 -1000 -1000 -1000 -10 -0.833018
Car -1 -1 0.00 189 50 262 104 -1 -1 -1 -1000 -1000 -1000 -10 -0.85622
Car -1 -1 0.00 319 172 405 198 -1 -1 -1 -1000 -1000 -1000 -10 -0.918475
Car -1 -1 0.00 1212 91 1237 113 -1 -1 -1 -1000 -1000 -1000 -10 -0.950298
Car -1 -1 0.00 790 35 839 62 -1 -1 -1 -1000 -1000 -1000 -10 -0.983588
Car -1 -1 0.00 984 109 1028 139 -1 -1 -1 -1000 -1000 -1000 -10 -1.00843
Car -1 -1 0.00 973 342 1001 361 -1 -1 -1 -1000 -1000 -1000 -10 -1.02328
