Car -1 -1 0.00 356 175 470 207 -1 -1 -1 -1000 -1000 -1000 -10 1.29728
Car -1 -1 0.00 215 172 284 217 -1 -1 -1 -1000 -1000 -1000 -10 1.22392
Car -1 -1 0.00 626 182 889 268 -1 -1 -1 -1000 -1000 -1000 -10 -0.223811
Car -1 -1 0.00 831 244 1092 323 -1 -1 -1 -1000 -1000 -1000 -10 -0.714866
Car -1 -1 0.00 891 141 1071 227 -1 -1 -1 -1000 -1000 -1000 -10 -0.861074
Car -1 -1 0.00 324 169 360 199 -1 -1 -1 -1000 -1000 -1000 -10 -0.86418
Car -1 -1 0.00 541 294 575 325 -1 -1 -1 -1000 -1000 -1000 -10 -0.87348
Car -1 -1 0.00 415 -2 446 21 -1 -1 -1 -1000 -1000 -1000 -10 -0.916376
Car -1 -1 0.00 869 197 891 218 -1 -1 -1 -1000 -1000 -1000 -10 -0.952324
Car -1 -1 0.00 295 167 382 199 -1 -1 -1 -1000 -1000 -1000 -10 -0.956712
Car -1 -1 0.00 678 179 801 263 -1 -1 -1 -1000 -1000 -1000 -10 -0.958648
Car -1 -1 0.00 126 127 152 147 -1 -1 -1 -1000 -1000 -1000 -10 -0.972398
Car -1 -1 0.00 61 29 110 52 -1 -1 -1 -1000 -1000 -1000 -10 -0.978749
Car -1 -1 0.00 99 209 122 230 -1 -1 -1 -1000 -1000 -1000 -10 -0.986036
Car -1 -1 0.00 1168 223 1197 255 -1 -1 -1 -1000 -1000 -1000 -10 -1.00653
Car -1 -1 0.00 123 22 147 34 -1 -1 -1 -1000 -1000 -1000 -10 -1.01827
Car -1 -1 0.00 520 72 555 114 -1 -1 -1 -1000 -1000 -1000 -10 -1.02283
Car -1 -1 0.00 49 50 124 131 -1 -1 -1 -1000 -1000 -1000 -10 -1.02787
Car -1 -1 0.00 1199 26 1228 58 -1 -1 -1 -1000 -1000 -1000 -10 -1.0291
