Car -1 -1 0.00 285 180 466 300 -1 -1 -1 -1000 -1000 -1000 -10 1.76064
Car -1 -1 0.00 512 173 553 206 -1 -1 -1 -1000 -1000 -1000 -10 1.2078
Car -1 -1 0.00 746 191 888 271 -1 -1 -1 -1000 -1000 -1000 -10 0.955746
Car -1 -1 0.00 739 185 887 270 -1 -1 -1 -1000 -1000 -1000 -10 0.564319
Car -1 -1 0.00 241 169 306 203 -1 -1 -1 -1000 -1000 -1000 -10 0.405138
Car -1 -1 0.00 535 169 567 195 -1 -1 -1 -1000 -1000 -1000 -10 -0.115361
Car -1 -1 0.00 718 181 815 256 -1 -1 -1 -1000 -1000 -1000 -10 -0.268147
Car -1 -1 0.00 214 176 385 302 -1 -1 -1 -1000 -1000 -1000 -10 -0.522669
Car -1 -1 0.00 236 165 304 203 -1 -1 -1 -1000 -1000 -1000 -10 -0.578848
Car -1 -1 0.00 657 178 695 204 -1 -1 -1 -1000 -1000 -1000 -10 -0.636385
Car -1 -1 0.00 566 173 612 186 -1 -1 -1 -1000 -1000 -1000 -10 -0.736324
Car -1 -1 0.00 260 179 462 307 -1 -1 -1 -1000 -1000 -1000 -10 -0.764633
Car -1 -1 0.00 1100 167 1126 186 -1 -1 -1 -1000 -1000 -1000 -10 -0.948587
Car -1 -1 0.00 793 151 819 172 -1 -1 -1 -1000 -1000 -1000 -10 -0.953971
Car -1 -1 0.00 696 84 722 113 -1 -1 -1 -1000 -1000 -1000 -10 -0.965682
Car -1 -1 0.00 1107 73 1134 101 -1 -1 -1 -1000 -1000 -1000 -10 -0.994386
Car -1 -1 0.00 122 232 207 274 -1 -1 -1 -1000 -1000 -1000 -10 -0.998885
Car -1 -1 0.00 405 214 484 250 -1 -1 -1 -1000 -1000 -1000 -10 -1.00377
