Car -1 -1 0.00 743 177 861 256 -1 -1 -1 -1000 -1000 -1000 -10 1.46709
Car -1 -1 0.00 684 183 722 205 -1 -1 -1 -1000 -1000 -1000 -10 0.645276
Car -1 -1 0.00 722 186 770 223 -1 -1 -1 -1000 -1000 -1000 -10 0.0461686
Car -1 -1 0.00 334 232 426 306 -1 -1 -1 -1000 -1000 -1000 -10 -0.730071
Car -1 -1 0.00 518 -3 617 27 -1 -1 -1 -1000 -1000 -1000 -10 -0.953263
Car -1 -1 0.00 635 248 672 266 -1 -1 -1 -1000 -1000 -1000 -10 -0.977048
Car -1 -1 0.00 518 169 551 194 -1 -1 -1 -1000 -1000 -1000 -10 -1.02342
Car -1 -1 0.00 506 -2 570 18 -1 -1 -1 -1000 -1000 -1000 -10 -1.02549
Car -1 -1 0.00 846 235 877 259 -1 -1 -1 -1000 -1000 -1000 -10 -1.02702
Car -1 -1 0.00 221 13 249 34 -1 -1 -1 -1000 -1000 -1000 -10 -1.02886
Car -1 -1 0.00 887 320 935 364 -1 -1 -1 -1000 -1000 -1000 -10 -1.02902
