Car -1 -1 0.00 276 193 462 317 -1 -1 -1 -1000 -1000 -1000 -10 1.32832
Car -1 -1 0.00 482 183 519 208 -1 -1 -1 -1000 -1000 -1000 -10 0.0177751
Car -1 -1 0.00 422 182 481 226 -1 -1 -1 -1000 -1000 -1000 -10 -0.424039
Car -1 -1 0.00 717 207 768 231 -1 -1 -1 -1000 -1000 -1000 -10 -0.664243
Car -1 -1 0.00 875 65 902 78 -1 -1 -1 -1000 -1000 -1000 -10 -0.846414
Car -1 -1 0.00 570 313 651 339 -1 -1 -1 -1000 -1000 -1000 -10 -0.950709
Car -1 -1 0.00 862 307 904 317 -1 -1 -1 -1000 -1000 -1000 -10 -0.960046
Car -1 -1 0.00 697 175 720 194 -1 -1 -1 -1000 -1000 -1000 -10 -0.983111
Car -1 -1 0.00 725 200 773 235 -1 -1 -1 -1000 -1000 -1000 -10 -0.992012
Car -1 -1 0.00 881 194 994 240 -1 -1 -1 -1000 -1000 -1000 -10 -1.01223
Car -1 -1 0.00 581 298 621 313 -1 -1 -1 -1000 -1000 -1000 -10 -1.02029
Car -1 -1 0.00 699 358 730 372 -1 -1 -1 -1000 -1000 -1000 -10 -1.02078
Car -1 -1 0.00 94 188 117 215 -1 -1 -1 -1000 -1000 -1000 -10 -1.02158
Car -1 -1 0.00 869 84 913 98 -1 -1 -1 -1000 -1000 -1000 -10 -1.02597
Car -1 -1 0.00 214 90 261 134 -1 -1 -1 -1000 -1000 -1000 -10 -1.02752
