Car -1 -1 0.00 697 183 818 267 -1 -1 -1 -1000 -1000 -1000 -10 2.40593
Car -1 -1 0.00 668 175 734 221 -1 -1 -1 -1000 -1000 -1000 -10 1.93951
Car -1 -1 0.00 748 189 1043 375 -1 -1 -1 -1000 -1000 -1000 -10 0.702535
Car -1 -1 0.00 376 175 515 280 -1 -1 -1 -1000 -1000 -1000 -10 0.687094
Car -1 -1 0.00 1103 133 1133 160 -1 -1 -1 -1000 -1000 -1000 -10 -0.900251
Car -1 -1 0.00 957 36 1013 60 -1 -1 -1 -1000 -1000 -1000 -10 -0.902104
Car -1 -1 0.00 415 318 480 347 -1 -1 -1 -1000 -1000 -1000 -10 -0.930103
Car -1 -1 0.00 1081 15 1108 27 -1 -1 -1 -1000 -1000 -1000 -10 -0.930404
Car -1 -1 0.00 101 354 153 375 -1 -1 -1 -1000 -1000 -1000 -10 -0.950402
Car -1 -1 0.00 706 165 771 194 -1 -1 -1 -1000 -1000 -1000 -10 -0.97388
