Car -1 -1 0.00 518 172 545 185 -1 -1 -1 -1000 -1000 -1000 -10 -0.796552
Car -1 -1 0.00 87 222 112 241 -1 -1 -1 -1000 -1000 -1000 -10 -0.904271
Car -1 -1 0.00 121 225 146 246 -1 -1 -1 -1000 -1000 -1000 -10 -0.912159
Car -1 -1 0.00 9 289 36 309 -1 -1 -1 -1000 -1000 -1000 -10 -0.914327
Car -1 -1 0.00 19 258 50 270 -1 -1 -1 -1000 -1000 -1000 -10 -0.963596
Car -1 -1 0.00 746 131 777 145 -1 -1 -1 -1000 -1000 -1000 -10 -0.964573
Car -1 -1 0.00 150 173 223 204 -1 -1 -1 -1000 -1000 -1000 -10 -0.964931
Car -1 -1 0.00 1156 215 1184 242 -1 -1 -1 -1000 -1000 -1000 -10 -0.981944
Car -1 -1 0.00 275 207 299 227 -1 -1 -1 -1000 -1000 -1000 -10 -0.993947
Car -1 -1 0.00 919 11 947 32 -1 -1 -1 -1000 -1000 -1000 -10 -0.99882
Car -1 -1 0.00 342 159 366 181 -1 -1 -1 -1000 -1000 -1000 -10 -1.0214
Car -1 -1 0.00 872 342 894 362 -1 -1 -1 -1000 -1000 -1000 -10 -1.02224
Car -1 -1 0.00 892 -1 932 6 -1 -1 -1 -1000 -1000 -1000 -10 -1.02433
