Car -1 -1 0.00 448 186 546 224 -1 -1 -1 -1000 -1000 -1000 -10 1.14356
Car -1 -1 0.00 644 176 693 208 -1 -1 -1 -1000 -1000 -1000 -10 0.92038
Car -1 -1 0.00 418 186 481 216 -1 -1 -1 -1000 -1000 -1000 -10 0.645522
Car -1 -1 0.00 220 195 374 236 -1 -1 -1 -1000 -1000 -1000 -10 0.546911
Car -1 -1 0.00 1030 157 1152 211 -1 -1 -1 -1000 -1000 -1000 -10 -0.239145
Car -1 -1 0.00 136 189 294 238 -1 -1 -1 -1000 -1000 -1000 -10 -0.629876
Car -1 -1 0.00 1027 179 1066 209 -1 -1 -1 -1000 -1000 -1000 -10 -0.801308
Car -1 -1 0.00 293 49 335 72 -1 -1 -1 -1000 -1000 -1000 -10 -0.869809
Car -1 -1 0.00 1057 232 1172 286 -1 -1 -1 -1000 -1000 -1000 -10 -0.955973
Car -1 -1 0.00 660 176 691 207 -1 -1 -1 -1000 -1000 -1000 -10 -0.970589
Car -1 -1 0.00 493 169 520 186 -1 -1 -1 -1000 -1000 -1000 -10 -1.00635
