Car -1 -1 0.00 607 170 640 192 -1 -1 -1 -1000 -1000 -1000 -10 0.9914
Car -1 -1 0.00 648 159 828 228 -1 -1 -1 -1000 -1000 -1000 -10 0.86248
Car -1 -1 0.00 650 156 850 228 -1 -1 -1 -1000 -1000 -1000 -10 -0.692543
Car -1 -1 0.00 1196 263 1228 290 -1 -1 -1 -1000 -1000 -1000 -10 -0.883476
Car -1 -1 0.00 370 24 403 35 -1 -1 -1 -1000 -1000 -1000 -10 -0.971223
Car -1 -1 0.00 1121 155 1149 174 -1 -1 -1 -1000 -1000 -1000 -10 -0.979286
Car -1 -1 0.00 164 102 195 136 -1 -1 -1 -1000 -1000 -1000 -10 -0.98011
Car -1 -1 0.00 1131 109 1163 134 -1 -1 -1 -1000 -1000 -1000 -10 -0.980989
Car -1 -1 0.00 179 113 209 145 -1 -1 -1 -1000 -1000 -1000 -10 -0.987325
Car -1 -1 0.00 1176 87 1200 103 -1 -1 -1 -1000 -1000 -1000 -10 -1.00177
Car -1 -1 0.00 183 124 208 151 -1 -1 -1 -1000 -1000 -1000 -10 -1.00601
Car -1 -1 0.00 56 25 83 47 -1 -1 -1 -1000 -1000 -1000 -10 -1.00675
Car -1 -1 0.00 1090 262 1221 304 -1 -1 -1 -1000 -1000 -1000 -10 -1.02339
