Car -1 -1 0.00 556 174 621 234 -1 -1 -1 -1000 -1000 -1000 -10 1.281
Car -1 -1 0.00 53 147 224 218 -1 -1 -1 -1000 -1000 -1000 -10 0.219468
Car -1 -1 0.00 1132 283 1158 304 -1 -1 -1 -1000 -1000 -1000 -10 -0.894712
Car -1 -1 0.00 414 174 454 206 -1 -1 -1 -1000 -1000 -1000 -10 -0.942076
Car -1 -1 0.00 487 177 520 196 -1 -1 -1 -1000 -1000 -1000 -10 -0.959564
Car -1 -1 0.00 156 30 182 56 -1 -1 -1 -1000 -1000 -1000 -10 -0.984242
Car -1 -1 0.00 375 191 437 222 -1 -1 -1 -1000 -1000 -1000 -10 -1.00273
Car -1 -1 0.00 -11 331 14 359 -1 -1 -1 -1000 -1000 -1000 -10 -1.01016
Car -1 -1 0.00 831 2 876 24 -1 -1 -1 -1000 -1000 -1000 -10 -1.01316
Car -1 -1 0.00 930 222 969 241 -1 -1 -1 -1000 -1000 -1000 -10 -1.02148
Car -1 -1 0.00 203 91 229 119 -1 -1 -1 -1000 -1000 -1000 -10 -1.02776
