Car -1 -1 0.00 945 171 1022 204 -1 -1 -1 -1000 -1000 -1000 -10 0.492812
Car -1 -1 0.00 761 172 800 199 -1 -1 -1 -1000 -1000 -1000 -10 -0.476416
Car -1 -1 0.00 724 175 751 191 -1 -1 -1 -1000 -1000 -1000 -10 -0.649084
Car -1 -1 0.00 738 171 785 190 -1 -1 -1 -1000 -1000 -1000 -10 -0.823093
Car -1 -1 0.00 864 139 894 163 -1 -1 -1 -1000 -1000 -1000 -10 -0.925301
Car -1 -1 0.00 828 169 863 196 -1 -1 -1 -1000 -1000 -1000 -10 -0.933943
Car -1 -1 0.00 880 170 938 199 -1 -1 -1 -1000 -1000 -1000 -10 -0.937179
Car -1 -1 0.00 468 4 494 32 -1 -1 -1 -1000 -1000 -1000 -10 -0.959729
Car -1 -1 0.00 193 -3 223 31 -1 -1 -1 -1000 -1000 -1000 -10 -0.962601
Car -1 -1 0.00 942 175 976 200 -1 -1 -1 -1000 -1000 -1000 -10 -0.966227
Car -1 -1 0.00 -19 242 26 256 -1 -1 -1 -1000 -1000 -1000 -10 -0.990398
Car -1 -1 0.00 685 174 717 190 -1 -1 -1 -1000 -1000 -1000 -10 -1.00412
Car -1 -1 0.00 488 284 532 318 -1 -1 -1 -1000 -1000 -1000 -10 -1.01585
Car -1 -1 0.00 156 42 188 64 -1 -1 -1 -1000 -1000 -1000 -10 -1.02044
