Car -1 -1 0.00 439 176 508 203 -1 -1 -1 -1000 -1000 -1000 -10 1.02333
Car -1 -1 0.00 672 175 766 201 -1 -1 -1 -1000 -1000 -1000 -10 1.00562
Car -1 -1 0.00 475 163 522 196 -1 -1 -1 -1000 -1000 -1000 -10 -0.216048
Car -1 -1 0.00 437 181 510 202 -1 -1 -1 -1000 -1000 -1000 -10 -0.84192
Car -1 -1 0.00 682 174 773 205 -1 -1 -1 -1000 -1000 -1000 -10 -0.845808
Car -1 -1 0.00 182 41 210 71 -1 -1 -1 -1000 -1000 -1000 -10 -0.846711
Car -1 -1 0.00 39 101 86 118 -1 -1 -1 -1000 -1000 -1000 -10 -0.918212
Car -1 -1 0.00 960 76 998 114 -1 -1 -1 -1000 -1000 -1000 -10 -0.927154
Car -1 -1 0.00 841 240 879 254 -1 -1 -1 -1000 -1000 -1000 -10 -0.930565
Car -1 -1 0.00 377 177 404 200 -1 -1 -1 -1000 -1000 -1000 -10 -0.935045
Car -1 -1 0.00 836 171 889 207 -1 -1 -1 -1000 -1000 -1000 -10 -0.979845
Car -1 -1 0.00 369 242 455 266 -1 -1 -1 -1000 -1000 -1000 -10 -0.992918
Car -1 -1 0.00 566 152 592 163 -1 -1 -1 -1000 -1000 -1000 -10 -1.00729
Car -1 -1 0.00 1237 192 1278 251 -1 -1 -1 -1000 -1000 -1000 -10 -1.02222
