Car -1 -1 0.00 572 157 600 175 -1 -1 -1 -1000 -1000 -1000 -10 -0.0759034
Car -1 -1 0.00 635 156 685 176 -1 -1 -1 -1000 -1000 -1000 -10 -0.473404
Car -1 -1 0.00 716 301 751 330 -1 -1 -1 -1000 -1000 -1000 -10 -0.825809
Car -1 -1 0.00 915 164 1243 320 -1 -1 -1 -1000 -1000 -1000 -10 -0.832527
Car -1 -1 0.00 1057 343 1085 363 -1 -1 -1 -1000 -1000 -1000 -10 -0.958613
Car -1 -1 0.00 894 41 947 58 -1 -1 -1 -1000 -1000 -1000 -10 -0.981468
Car -1 -1 0.00 786 43 820 69 -1 -1 -1 -1000 -1000 -1000 -10 -0.982623
Car -1 -1 0.00 414 311 468 328 -1 -1 -1 -1000 -1000 -1000 -10 -0.989382
Car -1 -1 0.00 546 178 580 192 -1 -1 -1 -1000 -1000 -1000 -10 -1.00953
Car -1 -1 0.00 1130 314 1164 323 -1 -1 -1 -1000 -1000 -1000 -10 -1.01727
Car -1 -1 0.00 38 166 85 219 -1 -1 -1 -1000 -1000 -1000 -10 -1.0253
Car -1 -1 0.00 842 91 918 151 -1 -1 -1 -1000 -1000 -1000 -10 -1.02587
