Car -1 -1 0.00 566 182 690 238 -1 -1 -1 -1000 -1000 -1000 -10 0.657519
Car -1 -1 0.00 664 178 756 224 -1 -1 -1 -1000 -1000 -1000 -10 0.472677
Car -1 -1 0.00 761 167 862 250 -1 -1 -1 -1000 -1000 -1000 -10 -0.393182
Car -1 -1 0.00 314 345 360 379 -1 -1 -1 -1000 -1000 -1000 -10 -0.809005
Car -1 -1 0.00 567 320 599 338 -1 -1 -1 -1000 -1000 -1000 -10 -0.92299
Car -1 -1 0.00 272 259 412 304 -1 -1 -1 -1000 -1000 -1000 -10 -0.985861
Car -1 -1 0.00 1201 54 1229 76 -1 -1 -1 -1000 -1000 -1000 -10 -0.987076
Car -1 -1 0.00 82 54 119 88 -1 -1 -1 -1000 -1000 -1000 -10 -0.995905
Car -1 -1 0.00 1213 324 1286 346 -1 -1 -1 -1000 -1000 -1000 -10 -1.00495
Car -1 -1 0.00 545 128 572 151 -1 -1 -1 -1000 -1000 -1000 -10 -1.01131
Car -1 -1 0.00 579 170 682 237 -1 -1 -1 -1000 -1000 -1000 -10 -1.01846
Car -1 -1 0.00 67 281 112 325 -1 -1 -1 -1000 -1000 -1000 -10 -1.0267
Car -1 -1 0.00 332 189 399 210 -1 -1 -1 -1000 -1000 -1000 -10 -1.02921
