Car -1 -1 0.00 605 174 636 199 -1 -1 -1 -1000 -1000 -1000 -10 0.909481
Car -1 -1 0.00 891 186 944 208 -1 -1 -1 -1000 -1000 -1000 -10 0.578038
Car -1 -1 0.00 924 184 1012 218 -1 -1 -1 -1000 -1000 -1000 -10 0.553541
Car -1 -1 0.00 973 187 1066 223 -1 -1 -1 -1000 -1000 -1000 -10 -0.4775
Car -1 -1 0.00 1006 186 1066 210 -1 -1 -1 -1000 -1000 -1000 -10 -0.852739
Car -1 -1 0.00 475 175 514 203 -1 -1 -1 -1000 -1000 -1000 -10 -0.921999
Car -1 -1 0.00 110 247 193 324 -1 -1 -1 -1000 -1000 -1000 -10 -0.940584
Car -1 -1 0.00 246 149 310 197 -1 -1 -1 -1000 -1000 -1000 -10 -0.952756
Car -1 -1 0.00 771 231 798 241 -1 -1 -1 -1000 -1000 -1000 -10 -0.962065
Car -1 -1 0.00 189 133 230 165 -1 -1 -1 -1000 -1000 -1000 -10 -0.967476
Car -1 -1 0.00 686 194 722 206 -1 -1 -1 -1000 -1000 -1000 -10 -0.969398
Car -1 -1 0.00 673 260 697 288 -1 -1 -1 -1000 -1000 -1000 -10 -0.97959
Car -1 -1 0.00 399 34 426 61 -1 -1 -1 -1000 -1000 -1000 -10 -0.987627
Car -1 -1 0.00 929 87 955 114 -1 -1 -1 -1000 -1000 -1000 -10 -0.993029
Car -1 -1 0.00 504 98 542 115 -1 -1 -1 -1000 -1000 -1000 -10 -1.00531
Car -1 -1 0.00 132 361 166 370 -1 -1 -1 -1000 -1000 -1000 -10 -1.01222
Car -1 -1 0.00 104 214 589 363 -1 -1 -1 -1000 -1000 -1000 -10 -1.02665
