Car -1 -1 0.00 708 52 743 67 -1 -1 -1 -1000 -1000 -1000 -10 -0.781529
Car -1 -1 0.00 431 265 484 287 -1 -1 -1 -1000 -1000 -1000 -10 -0.847308
Car -1 -1 0.00 120 90 185 121 -1 -1 -1 -1000 -1000 -1000 -10 -0.880796
Car -1 -1 0.00 996 187 1021 206 -1 -1 -1 -1000 -1000 -1000 -10 -0.930463
Car -1 -1 0.00 583 276 626 324 -1 -1 -1 -1000 -1000 -1000 -10 -0.947989
Car -1 -1 0.00 998 46 1025 67 -1 -1 -1 -1000 -1000 -1000 -10 -0.952862
Car -1 -1 0.00 1139 205 1183 246 -1 -1 -1 -1000 -1000 -1000 -10 -0.977322
Car -1 -1 0.00 488 287 522 316 -1 -1 -1 -1000 -1000 -1000 -10 -0.97906
Car -1 -1 0.00 122 82 152 97 -1 -1 -1 -1000 -1000 -1000 -10 -0.984926
Car -1 -1 0.00 946 113 1002 136 -1 -1 -1 -1000 -1000 -1000 -10 -0.995155
Car -1 -1 0.00 544 303 599 361 -1 -1 -1 -1000 -1000 -1000 -10 -0.997834
Car -1 -1 0.00 1168 106 1197 138 -1 -1 -1 -1000 -1000 -1000 -10 -1.00179
Car -1 -1 0.00 443 125 470 137 -1 -1 -1 -1000 -1000 -1000 -10 -1.0022
Car -1 -1 0.00 107 52 157 80 -1 -1 -1 -1000 -1000 -1000 -10 -1.00688
