Car -1 -1 0.00 105 179 283 270 -1 -1 -1 -1000 -1000 -1000 -10 1.18378
Car -1 -1 0.00 -2 188 120 248 -1 -1 -1 -1000 -1000 -1000 -10 0.164418
Car -1 -1 0.00 240 175 373 235 -1 -1 -1 -1000 -1000 -1000 -10 0.0115094
Car -1 -1 0.00 209 187 382 237 -1 -1 -1 -1000 -1000 -1000 -10 -0.711958
Car -1 -1 0.00 1076 20 1118 42 -1 -1 -1 -1000 -1000 -1000 -10 -0.890181
Car -1 -1 0.00 104 186 146 207 -1 -1 -1 -1000 -1000 -1000 -10 -0.910387
Car -1 -1 0.00 735 155 767 167 -1 -1 -1 -1000 -1000 -1000 -10 -0.959468
Car -1 -1 0.00 999 274 1024 299 -1 -1 -1 -1000 -1000 -1000 -10 -1.01602
Car -1 -1 0.00 509 94 543 106 -1 -1 -1 -1000 -1000 -1000 -10 -1.02529
Car -1 -1 0.00 202 123 237 134 -1 -1 -1 -1000 -1000 -1000 -10 -1.02935
