Car -1 -1 0.00 523 169 568 212 -1 -1 -1 -1000 -1000 -1000 -10 0.641384
Car -1 -1 0.00 478 166 505 185 -1 -1 -1 -1000 -1000 -1000 -10 -0.37922
Car -1 -1 0.00 236 181 302 198 -1 -1 -1 -1000 -1000 -1000 -10 -0.709212
Car -1 -1 0.00 320 179 354 194 -1 -1 -1 -1000 -1000 -1000 -10 -0.759138
Car -1 -1 0.00 1211 177 1242 197 -1 -1 -1 -1000 -1000 -1000 -10 -0.859354
Car -1 -1 0.00 105 181 216 218 -1 -1 -1 -1000 -1000 -1000 -10 -0.890436
Car -1 -1 0.00 1118 142 1195 179 -1 -1 -1 -1000 -1000 -1000 -10 -0.893025
Car -1 -1 0.00 164 181 246 211 -1 -1 -1 -1000 -1000 -1000 -10 -0.906534
Car -1 -1 0.00 669 166 706 182 -1 -1 -1 -1000 -1000 -1000 -10 -0.951008
Car -1 -1 0.00 1155 72 1229 119 -1 -1 -1 -1000 -1000 -1000 -10 -0.955228
Car -1 -1 0.00 374 282 408 293 -1 -1 -1 -1000 -1000 -1000 -10 -0.98502
Car -1 -1 0.00 271 285 313 299 -1 -1 -1 -1000 -1000 -1000 -10 -0.988089
Car -1 -1 0.00 363 274 398 285 -1 -1 -1 -1000 -1000 -1000 -10 -0.989044
Car -1 -1 0.00 857 311 892 333 -1 -1 -1 -1000 -1000 -1000 -10 -0.990747
Car -1 -1 0.00 390 247 433 260 -1 -1 -1 -1000 -1000 -1000 -10 -0.995137
Car -1 -1 0.00 277 284 313 295 -1 -1 -1 -1000 -1000 -1000 -10 -0.998151
Car -1 -1 0.00 316 276 350 287 -1 -1 -1 -1000 -1000 -1000 -10 -0.998433
Car -1 -1 0.00 284 283 325 296 -1 -1 -1 -1000 -1000 -1000 -10 -0.998617
Car -1 -1 0.00 331 264 366 275 -1 -1 -1 -1000 -1000 -1000 -10 -0.998878
Car -1 -1 0.00 393 252 428 263 -1 -1 -1 -1000 -1000 -1000 -10 -0.999116
Car -1 -1 0.00 383 262 418 273 -1 -1 -1 -1000 -1000 -1000 -10 -0.999812
Car -1 -1 0.00 329 260 365 271 -1 -1 -1 -1000 -1000 -1000 -10 -1.0043
Car -1 -1 0.00 376 274 411 285 -1 -1 -1 -1000 -1000 -1000 -10 -1.00553
Car -1 -1 0.00 382 273 423 287 -1 -1 -1 -1000 -1000 -1000 -10 -1.00825
Car -1 -1 0.00 324 268 359 279 -1 -1 -1 -1000 -1000 -1000 -10 -1.01137
Car -1 -1 0.00 281 278 322 292 -1 -1 -1 -1000 -1000 -1000 -10 -1.01147
Car -1 -1 0.00 298 278 332 289 -1 -1 -1 -1000 -1000 -1000 -10 -1.01163
Car -1 -1 0.00 358 300 392 311 -1 -1 -1 -1000 -1000 -1000 -10 -1.01165
Car -1 -1 0.00 380 278 415 289 -1 -1 -1 -1000 -1000 -1000 -10 -1.01218
Car -1 -1 0.00 277 296 312 307 -1 -1 -1 -1000 -1000 -1000 -10 -1.01249
Car -1 -1 0.00 282 282 316 293 -1 -1 -1 -1000 -1000 -1000 -10 -1.01254
Car -1 -1 0.00 367 278 409 292 -1 -1 -1 -1000 -1000 -1000 -10 -1.01432
Car -1 -1 0.00 373 270 408 281 -1 -1 -1 -1000 -1000 -1000 -10 -1.01477
Car -1 -1 0.00 385 254 420 265 -1 -1 -1 -1000 -1000 -1000 -10 -1.01502
Car -1 -1 0.00 287 288 323 299 -1 -1 -1 -1000 -1000 -1000 -10 -1.01531
Car -1 -1 0.00 379 258 414 269 -1 -1 -1 -1000 -1000 -1000 -10 -1.01631
Car -1 -1 0.00 381 264 424 277 -1 -1 -1 -1000 -1000 -1000 -10 -1.01635
Car -1 -1 0.00 253 308 289 319 -1 -1 -1 -1000 -1000 -1000 -10 -1.0164
Car -1 -1 0.00 465 288 500 299 -1 -1 -1 -1000 -1000 -1000 -10 -1.01708
Car -1 -1 0.00 281 292 317 303 -1 -1 -1 -1000 -1000 -1000 -10 -1.01722
Car -1 -1 0.00 215 328 250 339 -1 -1 -1 -1000 -1000 -1000 -10 -1.01838
Car -1 -1 0.00 385 246 421 257 -1 -1 -1 -1000 -1000 -1000 -10 -1.0185
Car -1 -1 0.00 354 294 388 305 -1 -1 -1 -1000 -1000 -1000 -10 -1.01894
Car -1 -1 0.00 387 260 423 271 -1 -1 -1 -1000 -1000 -1000 -10 -1.01903
Car -1 -1 0.00 408 237 450 251 -1 -1 -1 -1000 -1000 -1000 -10 -1.01911
Car -1 -1 0.00 359 272 394 283 -1 -1 -1 -1000 -1000 -1000 -10 -1.01948
Car -1 -1 0.00 219 316 255 327 -1 -1 -1 -1000 -1000 -1000 -10 -1.01954
Car -1 -1 0.00 296 286 330 297 -1 -1 -1 -1000 -1000 -1000 -10 -1.02033
Car -1 -1 0.00 1038 155 1060 186 -1 -1 -1 -1000 -1000 -1000 -10 -1.02041
Car -1 -1 0.00 342 262 376 273 -1 -1 -1 -1000 -1000 -1000 -10 -1.021
Car -1 -1 0.00 310 195 336 219 -1 -1 -1 -1000 -1000 -1000 -10 -1.02128
Car -1 -1 0.00 316 272 350 283 -1 -1 -1 -1000 -1000 -1000 -10 -1.0213
Car -1 -1 0.00 267 280 303 291 -1 -1 -1 -1000 -1000 -1000 -10 -1.02157
Car -1 -1 0.00 395 244 431 255 -1 -1 -1 -1000 -1000 -1000 -10 -1.02191
Car -1 -1 0.00 215 300 251 311 -1 -1 -1 -1000 -1000 -1000 -10 -1.02247
Car -1 -1 0.00 327 288 362 299 -1 -1 -1 -1000 -1000 -1000 -10 -1.02259
Car -1 -1 0.00 269 298 304 309 -1 -1 -1 -1000 -1000 -1000 -10 -1.02345
Car -1 -1 0.00 216 310 251 321 -1 -1 -1 -1000 -1000 -1000 -10 -1.0244
Car -1 -1 0.00 367 288 403 299 -1 -1 -1 -1000 -1000 -1000 -10 -1.02481
Car -1 -1 0.00 351 304 387 315 -1 -1 -1 -1000 -1000 -1000 -10 -1.02486
Car -1 -1 0.00 191 312 226 323 -1 -1 -1 -1000 -1000 -1000 -10 -1.02495
Car -1 -1 0.00 370 276 404 287 -1 -1 -1 -1000 -1000 -1000 -10 -1.02537
Car -1 -1 0.00 357 286 392 297 -1 -1 -1 -1000 -1000 -1000 -10 -1.02581
Car -1 -1 0.00 275 276 311 287 -1 -1 -1 -1000 -1000 -1000 -10 -1.02587
Car -1 -1 0.00 401 250 437 261 -1 -1 -1 -1000 -1000 -1000 -10 -1.02597
Car -1 -1 0.00 373 236 409 247 -1 -1 -1 -1000 -1000 -1000 -10 -1.02608
Car -1 -1 0.00 377 248 413 259 -1 -1 -1 -1000 -1000 -1000 -10 -1.0272
Car -1 -1 0.00 352 244 395 258 -1 -1 -1 -1000 -1000 -1000 -10 -1.02721
Car -1 -1 0.00 210 322 245 333 -1 -1 -1 -1000 -1000 -1000 -10 -1.02768
Car -1 -1 0.00 55 149 80 176 -1 -1 -1 -1000 -1000 -1000 -10 -1.02804
Car -1 -1 0.00 351 282 387 293 -1 -1 -1 -1000 -1000 -1000 -10 -1.02928
Car -1 -1 0.00 301 262 337 273 -1 -1 -1 -1000 -1000 -1000 -10 -1.02951
