Car -1 -1 0.00 390 180 492 249 -1 -1 -1 -1000 -1000 -1000 -10 2.35241
Car -1 -1 0.00 536 183 567 205 -1 -1 -1 -1000 -1000 -1000 -10 1.50527
Car -1 -1 0.00 605 179 639 208 -1 -1 -1 -1000 -1000 -1000 -10 0.945832
Car -1 -1 0.00 124 194 237 236 -1 -1 -1 -1000 -1000 -1000 -10 0.584596
Car -1 -1 0.00 468 180 497 204 -1 -1 -1 -1000 -1000 -1000 -10 -0.883567
Car -1 -1 0.00 286 227 329 259 -1 -1 -1 -1000 -1000 -1000 -10 -0.913978
Car -1 -1 0.00 116 212 178 238 -1 -1 -1 -1000 -1000 -1000 -10 -0.929815
Car -1 -1 0.00 10 141 35 153 -1 -1 -1 -1000 -1000 -1000 -10 -0.962527
Car -1 -1 0.00 26 65 52 93 -1 -1 -1 -1000 -1000 -1000 -10 -1.00523
Car -1 -1 0.00 378 323 403 343 -1 -1 -1 -1000 -1000 -1000 -10 -1.01973
