Car -1 -1 0.00 392 160 441 182 -1 -1 -1 -1000 -1000 -1000 -10 -0.853038
Car -1 -1 0.00 1140 345 1172 371 -1 -1 -1 -1000 -1000 -1000 -10 -0.918707
Car -1 -1 0.00 236 191 269 217 -1 -1 -1 -1000 -1000 -1000 -10 -0.967032
Car -1 -1 0.00 407 58 440 84 -1 -1 -1 -1000 -1000 -1000 -10 -0.969069
Car -1 -1 0.00 959 301 984 320 -1 -1 -1 -1000 -1000 -1000 -10 -0.972744
Car -1 -1 0.00 877 153 907 167 -1 -1 -1 -1000 -1000 -1000 -10 -0.980208
Car -1 -1 0.00 1084 281 1110 308 -1 -1 -1 -1000 -1000 -1000 -10 -0.996396
Car -1 -1 0.00 579 40 604 53 -1 -1 -1 -1000 -1000 -1000 -10 -1.0101
Car -1 -1 0.00 930 121 956 149 -1 -1 -1 -1000 -1000 -1000 -10 -1.01578
Car -1 -1 0.00 1132 79 1157 101 -1 -1 -1 -1000 -1000 -1000 -10 -1.01713
Car -1 -1 0.00 475 179 505 203 -1 -1 -1 -1000 -1000 -1000 -10 -1.0193
Car -1 -1 0.00 995 277 1025 310 -1 -1 -1 -1000 -1000 -1000 -10 -1.02933
