Car -1 -1 0.00 571 179 598 199 -1 -1 -1 -1000 -1000 -1000 -10 0.409463
Car -1 -1 0.00 1 243 237 312 -1 -1 -1 -1000 -1000 -1000 -10 -0.860482
Car -1 -1 0.00 104 50 136 77 -1 -1 -1 -1000 -1000 -1000 -10 -0.89713
Car -1 -1 0.00 464 296 510 335 -1 -1 -1 -1000 -1000 -1000 -10 -0.904066
Car -1 -1 0.00 32 192 63 213 -1 -1 -1 -1000 -1000 -1000 -10 -0.991228
Car -1 -1 0.00 858 55 910 72 -1 -1 -1 -1000 -1000 -1000 -10 -0.996613
Car -1 -1 0.00 365 13 397 37 -1 -1 -1 -1000 -1000 -1000 -10 -1.00865
Car -1 -1 0.00 882 179 932 195 -1 -1 -1 -1000 -1000 -1000 -10 -1.01607
Car -1 -1 0.00 403 202 465 262 -1 -1 -1 -1000 -1000 -1000 -10 -1.01952
Car -1 -1 0.00 817 264 852 290 -1 -1 -1 -1000 -1000 -1000 -10 -1.0294
