Car -1 -1 0.00 680 185 772 237 -1 -1 -1 -1000 -1000 -1000 -10 1.24616
Car -1 -1 0.00 568 178 597 205 -1 -1 -1 -1000 -1000 -1000 -10 0.975681
Car -1 -1 0.00 621 178 662 207 -1 -1 -1 -1000 -1000 -1000 -10 0.398671
Car -1 -1 0.00 662 181 720 224 -1 -1 -1 -1000 -1000 -1000 -10 0.116844
Car -1 -1 0.00 646 178 699 217 -1 -1 -1 -1000 -1000 -1000 -10 -0.17793
Car -1 -1 0.00 221 172 251 198 -1 -1 -1 -1000 -1000 -1000 -10 -0.901039
Car -1 -1 0.00 214 108 263 144 -1 -1 -1 -1000 -1000 -1000 -10 -0.915923
Car -1 -1 0.00 175 203 247 228 -1 -1 -1 -1000 -1000 -1000 -10 -0.945033
Car -1 -1 0.00 64 242 102 269 -1 -1 -1 -1000 -1000 -1000 -10 -0.969042
Car -1 -1 0.00 919 315 946 337 -1 -1 -1 -1000 -1000 -1000 -10 -0.973777
Car -1 -1 0.00 148 63 184 93 -1 -1 -1 -1000 -1000 -1000 -10 -0.982569
Car -1 -1 0.00 50 74 132 99 -1 -1 -1 -1000 -1000 -1000 -10 -0.983777
Car -1 -1 0.00 765 92 790 122 -1 -1 -1 -1000 -1000 -1000 -10 -0.999479
Car -1 -1 0.00 677 103 738 124 -1 -1 -1 -1000 -1000 -1000 -10 -1.00377
Car -1 -1 0.00 890 333 923 363 -1 -1 -1 -1000 -1000 -1000 -10 -1.01285
