Car -1 -1 0.00 802 172 860 202 -1 -1 -1 -1000 -1000 -1000 -10 1.64324
Car -1 -1 0.00 879 159 939 186 -1 -1 -1 -1000 -1000 -1000 -10 -0.477617
Car -1 -1 0.00 764 95 787 113 -1 -1 -1 -1000 -1000 -1000 -10 -0.927437
Car -1 -1 0.00 881 144 937 185 -1 -1 -1 -1000 -1000 -1000 -10 -0.961978
Car -1 -1 0.00 885 174 979 246 -1 -1 -1 -1000 -1000 -1000 -10 -0.984102
Car -1 -1 0.00 445 169 488 215 -1 -1 -1 -1000 -1000 -1000 -10 -0.988079
Car -1 -1 0.00 156 114 342 172 -1 -1 -1 -1000 -1000 -1000 -10 -0.98916
Car -1 -1 0.00 638 112 665 139 -1 -1 -1 -1000 -1000 -1000 -10 -0.990947
Car -1 -1 0.00 1143 199 1208 224 -1 -1 -1 -1000 -1000 -1000 -10 -0.996905
Car -1 -1 0.00 388 251 465 282 -1 -1 -1 -1000 -1000 -1000 -10 -1.00305
Car -1 -1 0.00 1135 288 1215 345 -1 -1 -1 -1000 -1000 -1000 -10 -1.02104
Car -1 -1 0.00 687 127 713 152 -1 -1 -1 -1000 -1000 -1000 -10 -1.02557
