Car -1 -1 0.00 816 175 1209 340 -1 -1 -1 -1000 -1000 -1000 -10 0.878982
Car -1 -1 0.00 726 176 1017 294 -1 -1 -1 -1000 -1000 -1000 -10 0.714626
Car -1 -1 0.00 372 159 486 203 -1 -1 -1 -1000 -1000 -1000 -10 0.20177
Car -1 -1 0.00 453 165 563 210 -1 -1 -1 -1000 -1000 -1000 -10 0.152559
Car -1 -1 0.00 904 301 966 350 -1 -1 -1 -1000 -1000 -1000 -10 -0.0152725
Car -1 -1 0.00 305 157 396 196 -1 -1 -1 -1000 -1000 -1000 -10 -0.0567107
Car -1 -1 0.00 153 145 234 178 -1 -1 -1 -1000 -1000 -1000 -10 -0.514338
Car -1 -1 0.00 147 149 259 183 -1 -1 -1 -1000 -1000 -1000 -10 -0.576937
Car -1 -1 0.00 303 170 340 194 -1 -1 -1 -1000 -1000 -1000 -10 -0.632076
Car -1 -1 0.00 61 73 84 94 -1 -1 -1 -1000 -1000 -1000 -10 -0.774926
Car -1 -1 0.00 233 166 311 186 -1 -1 -1 -1000 -1000 -1000 -10 -0.845477
Car -1 -1 0.00 129 182 168 204 -1 -1 -1 -1000 -1000 -1000 -10 -0.914537
Car -1 -1 0.00 32 31 83 89 -1 -1 -1 -1000 -1000 -1000 -10 -0.938229
Car -1 -1 0.00 745 35 773 56 -1 -1 -1 -1000 -1000 -1000 -10 -0.946955
Car -1 -1 0.00 85 118 109 139 -1 -1 -1 -1000 -1000 -1000 -10 -0.965504
Car -1 -1 0.00 257 165 316 185 -1 -1 -1 -1000 -1000 -1000 -10 -0.968119
Car -1 -1 0.00 14 93 54 112 -1 -1 -1 -1000 -1000 -1000 -10 -0.974934
Car -1 -1 0.00 92 176 117 198 -1 -1 -1 -1000 -1000 -1000 -10 -0.990971
Car -1 -1 0.00 598 201 647 224 -1 -1 -1 -1000 -1000 -1000 -10 -0.99159
Car -1 -1 0.00 313 72 349 83 -1 -1 -1 -1000 -1000 -1000 -10 -0.999229
Car -1 -1 0.00 726 174 903 291 -1 -1 -1 -1000 -1000 -1000 -10 -1.00684
Car -1 -1 0.00 577 258 624 304 -1 -1 -1 -1000 -1000 -1000 -10 -1.00869
Car -1 -1 0.00 374 160 442 203 -1 -1 -1 -1000 -1000 -1000 -10 -1.01405
Car -1 -1 0.00 70 148 100 174 -1 -1 -1 -1000 -1000 -1000 -10 -1.01628
Car -1 -1 0.00 654 90 685 102 -1 -1 -1 -1000 -1000 -1000 -10 -1.01704
Car -1 -1 0.00 138 34 162 58 -1 -1 -1 -1000 -1000 -1000 -10 -1.02721
Car -1 -1 0.00 19 100 72 152 -1 -1 -1 -1000 -1000 -1000 -10 -1.0285
