Car -1 -1 0.00 691 81 742 100 -1 -1 -1 -1000 -1000 -1000 -10 -0.734979
Car -1 -1 0.00 98 134 175 155 -1 -1 -1 -1000 -1000 -1000 -10 -0.86671
Car -1 -1 0.00 527 168 560 189 -1 -1 -1 -1000 -1000 -1000 -10 -0.873972
Car -1 -1 0.00 16 46 42 68 -1 -1 -1 -1000 -1000 -1000 -10 -0.888685
Car -1 -1 0.00 1011 343 1055 369 -1 -1 -1 -1000 -1000 -1000 -10 -0.925311
Car -1 -1 0.00 162 284 202 315 -1 -1 -1 -1000 -1000 -1000 -10 -0.959784
Car -1 -1 0.00 1027 205 1103 242 -1 -1 -1 -1000 -1000 -1000 -10 -0.967456
Car -1 -1 0.00 695 121 722 133 -1 -1 -1 -1000 -1000 -1000 -10 -0.981361
Car -1 -1 0.00 939 358 985 370 -1 -1 -1 -1000 -1000 -1000 -10 -0.986783
Car -1 -1 0.00 145 77 169 104 -1 -1 -1 -1000 -1000 -1000 -10 -1.00404
Car -1 -1 0.00 811 82 853 96 -1 -1 -1 -1000 -1000 -1000 -10 -1.0154
Car -1 -1 0.00 1106 186 1178 209 -1 -1 -1 -1000 -1000 -1000 -10 -1.01851
Car -1 -1 0.00 47 69 94 85 -1 -1 -1 -1000 -1000 -1000 -10 -1.02204
