Car -1 -1 0.00 121 197 300 267 -1 -1 -1 -1000 -1000 -1000 -10 0.874976
Car -1 -1 0.00 236 178 369 248 -1 -1 -1 -1000 -1000 -1000 -10 0.598389
Car -1 -1 0.00 406 182 458 214 -1 -1 -1 -1000 -1000 -1000 -10 -0.231901
Car -1 -1 0.00 355 184 430 220 -1 -1 -1 -1000 -1000 -1000 -10 -0.326821
Car -1 -1 0.00 498 163 550 210 -1 -1 -1 -1000 -1000 -1000 -10 -0.340831
Car -1 -1 0.00 5 186 225 271 -1 -1 -1 -1000 -1000 -1000 -10 -0.513701
Car -1 -1 0.00 321 183 425 223 -1 -1 -1 -1000 -1000 -1000 -10 -0.817611
Car -1 -1 0.00 537 169 562 183 -1 -1 -1 -1000 -1000 -1000 -10 -0.861636
Car -1 -1 0.00 981 208 1018 236 -1 -1 -1 -1000 -1000 -1000 -10 -0.965932
Car -1 -1 0.00 212 166 266 203 -1 -1 -1 -1000 -1000 -1000 -10 -0.972277
Car -1 -1 0.00 502 150 549 179 -1 -1 -1 -1000 -1000 -1000 -10 -0.988226
Car -1 -1 0.00 912 227 939 255 -1 -1 -1 -1000 -1000 -1000 -10 -1.01371
Car -1 -1 0.00 1179 234 1211 245 -1 -1 -1 -1000 -1000 -1000 -10 -1.0251
Car -1 -1 0.00 1087 194 1115 213 -1 -1 -1 -1000 -1000 -1000 -10 -1.02734
Car -1 -1 0.00 1018 339 1044 367 -1 -1 -1 -1000 -1000 -1000 -10 -1.02876
