Car -1 -1 0.00 703 52 741 66 -1 -1 -1 -1000 -1000 -1000 -10 -0.751547
Car -1 -1 0.00 431 265 483 287 -1 -1 -1 -1000 -1000 -1000 -10 -0.866428
Car -1 -1 0.00 119 90 185 121 -1 -1 -1 -1000 -1000 -1000 -10 -0.887044
Car -1 -1 0.00 959 -3 1052 29 -1 -1 -1 -1000 -1000 -1000 -10 -0.952778
Car -1 -1 0.00 488 287 523 316 -1 -1 -1 -1000 -1000 -1000 -10 -0.956808
Car -1 -1 0.00 584 281 623 321 -1 -1 -1 -1000 -1000 -1000 -10 -0.957527
Car -1 -1 0.00 50 249 76 269 -1 -1 -1 -1000 -1000 -1000 -10 -0.964332
Car -1 -1 0.00 544 303 599 362 -1 -1 -1 -1000 -1000 -1000 -10 -0.977441
Car -1 -1 0.00 1139 205 1184 245 -1 -1 -1 -1000 -1000 -1000 -10 -1.0022
Car -1 -1 0.00 603 344 638 379 -1 -1 -1 -1000 -1000 -1000 -10 -1.00646
Car -1 -1 0.00 798 198 840 218 -1 -1 -1 -1000 -1000 -1000 -10 -1.02549
Car -1 -1 0.00 786 239 843 259 -1 -1 -1 -1000 -1000 -1000 -10 -1.02644
Car -1 -1 0.00 899 29 925 42 -1 -1 -1 -1000 -1000 -1000 -10 -1.02937
Car -1 -1 0.00 168 10 226 38 -1 -1 -1 -1000 -1000 -1000 -10 -1.0294
