Car -1 -1 0.00 733 171 825 240 -1 -1 -1 -1000 -1000 -1000 -10 2.02432
Car -1 -1 0.00 778 181 911 273 -1 -1 -1 -1000 -1000 -1000 -10 1.95524
Car -1 -1 0.00 861 189 1030 329 -1 -1 -1 -1000 -1000 -1000 -10 1.29992
Car -1 -1 0.00 698 182 736 211 -1 -1 -1 -1000 -1000 -1000 -10 0.600038
Car -1 -1 0.00 1092 271 1125 293 -1 -1 -1 -1000 -1000 -1000 -10 -0.848548
Car -1 -1 0.00 888 146 920 161 -1 -1 -1 -1000 -1000 -1000 -10 -0.9496
Car -1 -1 0.00 622 261 750 342 -1 -1 -1 -1000 -1000 -1000 -10 -0.984956
Car -1 -1 0.00 710 185 746 209 -1 -1 -1 -1000 -1000 -1000 -10 -0.990464
Car -1 -1 0.00 141 259 183 273 -1 -1 -1 -1000 -1000 -1000 -10 -0.99809
Car -1 -1 0.00 1146 294 1179 327 -1 -1 -1 -1000 -1000 -1000 -10 -1.00304
Car -1 -1 0.00 834 122 863 134 -1 -1 -1 -1000 -1000 -1000 -10 -1.02387
Car -1 -1 0.00 70 244 105 255 -1 -1 -1 -1000 -1000 -1000 -10 -1.02661
Car -1 -1 0.00 1220 372 1256 383 -1 -1 -1 -1000 -1000 -1000 -10 -1.02771
Car -1 -1 0.00 901 44 956 65 -1 -1 -1 -1000 -1000 -1000 -10 -1.02786
