Car -1 -1 0.00 460 184 536 240 -1 -1 -1 -1000 -1000 -1000 -10 1.9528
Car -1 -1 0.00 290 195 464 302 -1 -1 -1 -1000 -1000 -1000 -10 1.11684
Car -1 -1 0.00 650 181 711 224 -1 -1 -1 -1000 -1000 -1000 -10 0.829195
Car -1 -1 0.00 633 176 667 204 -1 -1 -1 -1000 -1000 -1000 -10 0.786661
Car -1 -1 0.00 2 200 364 375 -1 -1 -1 -1000 -1000 -1000 -10 0.230994
Car -1 -1 0.00 504 179 546 216 -1 -1 -1 -1000 -1000 -1000 -10 -0.331283
Car -1 -1 0.00 753 186 842 219 -1 -1 -1 -1000 -1000 -1000 -10 -0.867973
Car -1 -1 0.00 1016 186 1070 248 -1 -1 -1 -1000 -1000 -1000 -10 -0.900596
Car -1 -1 0.00 268 208 299 247 -1 -1 -1 -1000 -1000 -1000 -10 -0.906122
Car -1 -1 0.00 1094 81 1133 124 -1 -1 -1 -1000 -1000 -1000 -10 -1.01778
