Car -1 -1 0.00 357 190 443 247 -1 -1 -1 -1000 -1000 -1000 -10 0.938702
Car -1 -1 0.00 420 189 479 232 -1 -1 -1 -1000 -1000 -1000 -10 0.611991
Car -1 -1 0.00 85 196 359 324 -1 -1 -1 -1000 -1000 -1000 -10 0.303172
Car -1 -1 0.00 730 180 973 274 -1 -1 -1 -1000 -1000 -1000 -10 0.16596
Car -1 -1 0.00 464 187 502 216 -1 -1 -1 -1000 -1000 -1000 -10 0.0511958
Car -1 -1 0.00 690 180 936 280 -1 -1 -1 -1000 -1000 -1000 -10 -0.233278
Car -1 -1 0.00 1052 202 1153 274 -1 -1 -1 -1000 -1000 -1000 -10 -0.538666
Car -1 -1 0.00 809 163 920 213 -1 -1 -1 -1000 -1000 -1000 -10 -0.578271
Car -1 -1 0.00 167 189 195 202 -1 -1 -1 -1000 -1000 -1000 -10 -0.747947
Car -1 -1 0.00 564 178 906 276 -1 -1 -1 -1000 -1000 -1000 -10 -0.775203
Car -1 -1 0.00 436 127 466 163 -1 -1 -1 -1000 -1000 -1000 -10 -0.935642
Car -1 -1 0.00 804 167 834 181 -1 -1 -1 -1000 -1000 -1000 -10 -0.94965
Car -1 -1 0.00 732 47 769 79 -1 -1 -1 -1000 -1000 -1000 -10 -0.989136
Car -1 -1 0.00 623 157 645 182 -1 -1 -1 -1000 -1000 -1000 -10 -0.993751
Car -1 -1 0.00 148 196 336 321 -1 -1 -1 -1000 -1000 -1000 -10 -1.00615
Car -1 -1 0.00 259 303 286 326 -1 -1 -1 -1000 -1000 -1000 -10 -1.02585
