Car -1 -1 0.00 1030 160 1101 186 -1 -1 -1 -1000 -1000 -1000 -10 1.1767
Car -1 -1 0.00 502 170 531 188 -1 -1 -1 -1000 -1000 -1000 -10 0.83111
Car -1 -1 0.00 560 161 655 246 -1 -1 -1 -1000 -1000 -1000 -10 0.660022
Car -1 -1 0.00 691 168 750 195 -1 -1 -1 -1000 -1000 -1000 -10 0.193865
Car -1 -1 0.00 358 173 417 190 -1 -1 -1 -1000 -1000 -1000 -10 -0.489058
Car -1 -1 0.00 75 180 99 199 -1 -1 -1 -1000 -1000 -1000 -10 -0.574379
Car -1 -1 0.00 192 178 225 197 -1 -1 -1 -1000 -1000 -1000 -10 -0.593552
Car -1 -1 0.00 672 166 757 192 -1 -1 -1 -1000 -1000 -1000 -10 -0.60044
Car -1 -1 0.00 53 90 105 132 -1 -1 -1 -1000 -1000 -1000 -10 -0.631061
Car -1 -1 0.00 647 167 673 182 -1 -1 -1 -1000 -1000 -1000 -10 -0.708423
Car -1 -1 0.00 292 176 333 193 -1 -1 -1 -1000 -1000 -1000 -10 -0.801257
Car -1 -1 0.00 1027 165 1093 184 -1 -1 -1 -1000 -1000 -1000 -10 -0.82145
Car -1 -1 0.00 583 30 603 51 -1 -1 -1 -1000 -1000 -1000 -10 -0.870576
Car -1 -1 0.00 1048 128 1082 145 -1 -1 -1 -1000 -1000 -1000 -10 -0.907324
Car -1 -1 0.00 435 216 476 227 -1 -1 -1 -1000 -1000 -1000 -10 -0.931077
Car -1 -1 0.00 222 269 252 288 -1 -1 -1 -1000 -1000 -1000 -10 -0.940741
Car -1 -1 0.00 329 177 371 192 -1 -1 -1 -1000 -1000 -1000 -10 -0.979024
Car -1 -1 0.00 1088 181 1161 208 -1 -1 -1 -1000 -1000 -1000 -10 -1.01518
Car -1 -1 0.00 905 221 949 234 -1 -1 -1 -1000 -1000 -1000 -10 -1.02074
Car -1 -1 0.00 850 139 876 165 -1 -1 -1 -1000 -1000 -1000 -10 -1.02197
