Car -1 -1 0.00 448 165 485 191 -1 -1 -1 -1000 -1000 -1000 -10 1.54388
Car -1 -1 0.00 263 156 381 203 -1 -1 -1 -1000 -1000 -1000 -10 1.49004
Car -1 -1 0.00 863 165 990 203 -1 -1 -1 -1000 -1000 -1000 -10 0.741909
Car -1 -1 0.00 476 167 500 184 -1 -1 -1 -1000 -1000 -1000 -10 -0.510295
Car -1 -1 0.00 1166 231 1210 263 -1 -1 -1 -1000 -1000 -1000 -10 -0.679849
Car -1 -1 0.00 1108 -2 1141 25 -1 -1 -1 -1000 -1000 -1000 -10 -0.743681
Car -1 -1 0.00 919 123 1133 195 -1 -1 -1 -1000 -1000 -1000 -10 -0.887438
Car -1 -1 0.00 149 134 173 146 -1 -1 -1 -1000 -1000 -1000 -10 -0.946434
Car -1 -1 0.00 448 89 472 103 -1 -1 -1 -1000 -1000 -1000 -10 -0.972958
Car -1 -1 0.00 16 160 51 178 -1 -1 -1 -1000 -1000 -1000 -10 -0.987435
Car -1 -1 0.00 659 5 682 31 -1 -1 -1 -1000 -1000 -1000 -10 -0.994928
Car -1 -1 0.00 160 28 184 48 -1 -1 -1 -1000 -1000 -1000 -10 -0.996729
Car -1 -1 0.00 813 260 837 287 -1 -1 -1 -1000 -1000 -1000 -10 -0.998232
Car -1 -1 0.00 955 84 986 107 -1 -1 -1 -1000 -1000 -1000 -10 -1.00443
Car -1 -1 0.00 525 171 605 195 -1 -1 -1 -1000 -1000 -1000 -10 -1.01896
Car -1 -1 0.00 755 27 777 55 -1 -1 -1 -1000 -1000 -1000 -10 -1.0245
