Car -1 -1 0.00 838 207 865 230 -1 -1 -1 -1000 -1000 -1000 -10 -0.796589
Car -1 -1 0.00 106 86 184 121 -1 -1 -1 -1000 -1000 -1000 -10 -0.834325
Car -1 -1 0.00 245 202 428 270 -1 -1 -1 -1000 -1000 -1000 -10 -0.879303
Car -1 -1 0.00 234 21 274 43 -1 -1 -1 -1000 -1000 -1000 -10 -0.905149
Car -1 -1 0.00 961 -3 1060 29 -1 -1 -1 -1000 -1000 -1000 -10 -0.981231
Car -1 -1 0.00 631 330 680 369 -1 -1 -1 -1000 -1000 -1000 -10 -0.987613
Car -1 -1 0.00 107 49 160 72 -1 -1 -1 -1000 -1000 -1000 -10 -0.990506
Car -1 -1 0.00 1168 109 1197 141 -1 -1 -1 -1000 -1000 -1000 -10 -1.00257
Car -1 -1 0.00 540 351 566 375 -1 -1 -1 -1000 -1000 -1000 -10 -1.00465
Car -1 -1 0.00 120 80 158 97 -1 -1 -1 -1000 -1000 -1000 -10 -1.00643
Car -1 -1 0.00 659 50 704 69 -1 -1 -1 -1000 -1000 -1000 -10 -1.01144
Car -1 -1 0.00 934 327 980 342 -1 -1 -1 -1000 -1000 -1000 -10 -1.02117
Car -1 -1 0.00 1109 124 1133 151 -1 -1 -1 -1000 -1000 -1000 -10 -1.02288
Car -1 -1 0.00 638 79 669 92 -1 -1 -1 -1000 -1000 -1000 -10 -1.02449
