Car -1 -1 0.00 950 332 1048 369 -1 -1 -1 -1000 -1000 -1000 -10 -0.784389
Car -1 -1 0.00 1023 91 1131 123 -1 -1 -1 -1000 -1000 -1000 -10 -0.79072
Car -1 -1 0.00 791 115 833 134 -1 -1 -1 -1000 -1000 -1000 -10 -0.818985
Car -1 -1 0.00 603 344 638 380 -1 -1 -1 -1000 -1000 -1000 -10 -0.907426
Car -1 -1 0.00 104 90 186 127 -1 -1 -1 -1000 -1000 -1000 -10 -0.94215
Car -1 -1 0.00 600 248 626 264 -1 -1 -1 -1000 -1000 -1000 -10 -0.97142
Car -1 -1 0.00 250 123 305 151 -1 -1 -1 -1000 -1000 -1000 -10 -0.979416
Car -1 -1 0.00 1178 230 1204 249 -1 -1 -1 -1000 -1000 -1000 -10 -0.982122
Car -1 -1 0.00 553 279 587 318 -1 -1 -1 -1000 -1000 -1000 -10 -0.982485
Car -1 -1 0.00 915 103 969 129 -1 -1 -1 -1000 -1000 -1000 -10 -0.993911
Car -1 -1 0.00 442 169 470 183 -1 -1 -1 -1000 -1000 -1000 -10 -1.01803
