Car -1 -1 0.00 565 177 603 205 -1 -1 -1 -1000 -1000 -1000 -10 2.20622
Car -1 -1 0.00 911 174 1082 228 -1 -1 -1 -1000 -1000 -1000 -10 1.82788
Car -1 -1 0.00 648 168 722 200 -1 -1 -1 -1000 -1000 -1000 -10 0.719051
Car -1 -1 0.00 384 176 506 218 -1 -1 -1 -1000 -1000 -1000 -10 0.496111
Car -1 -1 0.00 771 175 839 202 -1 -1 -1 -1000 -1000 -1000 -10 0.480199
Car -1 -1 0.00 919 166 1110 226 -1 -1 -1 -1000 -1000 -1000 -10 -0.760576
Car -1 -1 0.00 1142 167 1241 212 -1 -1 -1 -1000 -1000 -1000 -10 -0.818724
Car -1 -1 0.00 1014 244 1042 268 -1 -1 -1 -1000 -1000 -1000 -10 -0.985249
Car -1 -1 0.00 992 297 1017 319 -1 -1 -1 -1000 -1000 -1000 -10 -1.00212
Car -1 -1 0.00 327 71 355 100 -1 -1 -1 -1000 -1000 -1000 -10 -1.01075
Car -1 -1 0.00 879 168 946 240 -1 -1 -1 -1000 -1000 -1000 -10 -1.0277
