Car -1 -1 0.00 739 177 782 206 -1 -1 -1 -1000 -1000 -1000 -10 0.985321
Car -1 -1 0.00 715 176 740 196 -1 -1 -1 -1000 -1000 -1000 -10 0.630858
Car -1 -1 0.00 668 173 700 186 -1 -1 -1 -1000 -1000 -1000 -10 0.165282
Car -1 -1 0.00 1124 168 1162 194 -1 -1 -1 -1000 -1000 -1000 -10 0.116996
Car -1 -1 0.00 976 165 1009 191 -1 -1 -1 -1000 -1000 -1000 -10 -0.583566
Car -1 -1 0.00 1121 168 1180 194 -1 -1 -1 -1000 -1000 -1000 -10 -0.752241
Car -1 -1 0.00 526 175 557 186 -1 -1 -1 -1000 -1000 -1000 -10 -0.842058
Car -1 -1 0.00 717 177 750 196 -1 -1 -1 -1000 -1000 -1000 -10 -0.864417
Car -1 -1 0.00 368 159 410 190 -1 -1 -1 -1000 -1000 -1000 -10 -0.872879
Car -1 -1 0.00 1145 166 1179 195 -1 -1 -1 -1000 -1000 -1000 -10 -0.92799
Car -1 -1 0.00 249 267 347 340 -1 -1 -1 -1000 -1000 -1000 -10 -0.944444
Car -1 -1 0.00 621 175 641 192 -1 -1 -1 -1000 -1000 -1000 -10 -0.956069
Car -1 -1 0.00 299 262 365 281 -1 -1 -1 -1000 -1000 -1000 -10 -0.987476
Car -1 -1 0.00 1132 110 1183 165 -1 -1 -1 -1000 -1000 -1000 -10 -0.996656
Car -1 -1 0.00 327 169 351 179 -1 -1 -1 -1000 -1000 -1000 -10 -1.00096
Car -1 -1 0.00 152 169 219 188 -1 -1 -1 -1000 -1000 -1000 -10 -1.00111
Car -1 -1 0.00 529 175 556 187 -1 -1 -1 -1000 -1000 -1000 -10 -1.01975
