Car -1 -1 0.00 566 176 597 197 -1 -1 -1 -1000 -1000 -1000 -10 1.49182
Car -1 -1 0.00 637 179 754 257 -1 -1 -1 -1000 -1000 -1000 -10 0.773476
Car -1 -1 0.00 264 182 310 208 -1 -1 -1 -1000 -1000 -1000 -10 0.547252
Car -1 -1 0.00 682 137 977 325 -1 -1 -1 -1000 -1000 -1000 -10 0.344689
Car -1 -1 0.00 604 172 657 220 -1 -1 -1 -1000 -1000 -1000 -10 0.124833
Car -1 -1 0.00 301 183 342 202 -1 -1 -1 -1000 -1000 -1000 -10 -0.136919
Car -1 -1 0.00 620 180 696 243 -1 -1 -1 -1000 -1000 -1000 -10 -0.243893
Car -1 -1 0.00 323 180 353 202 -1 -1 -1 -1000 -1000 -1000 -10 -0.539673
Car -1 -1 0.00 851 313 884 338 -1 -1 -1 -1000 -1000 -1000 -10 -0.77546
Car -1 -1 0.00 304 180 361 201 -1 -1 -1 -1000 -1000 -1000 -10 -0.879897
Car -1 -1 0.00 43 153 67 173 -1 -1 -1 -1000 -1000 -1000 -10 -0.962847
Car -1 -1 0.00 673 -3 831 40 -1 -1 -1 -1000 -1000 -1000 -10 -0.981432
Car -1 -1 0.00 157 359 186 381 -1 -1 -1 -1000 -1000 -1000 -10 -0.999497
Car -1 -1 0.00 372 178 409 199 -1 -1 -1 -1000 -1000 -1000 -10 -0.999602
Car -1 -1 0.00 642 70 678 82 -1 -1 -1 -1000 -1000 -1000 -10 -1.01077
Car -1 -1 0.00 405 177 446 200 -1 -1 -1 -1000 -1000 -1000 -10 -1.02137
