Car -1 -1 0.00 1032 184 1158 233 -1 -1 -1 -1000 -1000 -1000 -10 1.62853
Car -1 -1 0.00 954 181 1069 233 -1 -1 -1 -1000 -1000 -1000 -10 1.55135
Car -1 -1 0.00 1096 184 1223 236 -1 -1 -1 -1000 -1000 -1000 -10 0.981576
Car -1 -1 0.00 556 172 580 191 -1 -1 -1 -1000 -1000 -1000 -10 -0.576221
Car -1 -1 0.00 609 172 634 195 -1 -1 -1 -1000 -1000 -1000 -10 -0.736347
Car -1 -1 0.00 743 194 787 213 -1 -1 -1 -1000 -1000 -1000 -10 -0.849144
Car -1 -1 0.00 888 243 944 285 -1 -1 -1 -1000 -1000 -1000 -10 -0.895056
Car -1 -1 0.00 24 188 55 210 -1 -1 -1 -1000 -1000 -1000 -10 -0.926929
Car -1 -1 0.00 1160 15 1204 30 -1 -1 -1 -1000 -1000 -1000 -10 -0.952586
Car -1 -1 0.00 835 174 864 206 -1 -1 -1 -1000 -1000 -1000 -10 -0.965379
Car -1 -1 0.00 956 173 1014 195 -1 -1 -1 -1000 -1000 -1000 -10 -0.968666
Car -1 -1 0.00 191 168 269 194 -1 -1 -1 -1000 -1000 -1000 -10 -0.985888
Car -1 -1 0.00 672 194 706 205 -1 -1 -1 -1000 -1000 -1000 -10 -1.00746
Car -1 -1 0.00 766 150 857 191 -1 -1 -1 -1000 -1000 -1000 -10 -1.01875
Car -1 -1 0.00 563 277 590 287 -1 -1 -1 -1000 -1000 -1000 -10 -1.02332
Car -1 -1 0.00 2 253 106 283 -1 -1 -1 -1000 -1000 -1000 -10 -1.02749
Car -1 -1 0.00 911 305 949 341 -1 -1 -1 -1000 -1000 -1000 -10 -1.02817
Car -1 -1 0.00 184 93 221 126 -1 -1 -1 -1000 -1000 -1000 -10 -1.02979
