Car -1 -1 0.00 527 183 566 212 -1 -1 -1 -1000 -1000 -1000 -10 1.71945
Car -1 -1 0.00 689 176 791 253 -1 -1 -1 -1000 -1000 -1000 -10 1.05585
Car -1 -1 0.00 260 183 457 309 -1 -1 -1 -1000 -1000 -1000 -10 0.754559
Car -1 -1 0.00 458 187 531 241 -1 -1 -1 -1000 -1000 -1000 -10 0.490544
Car -1 -1 0.00 394 188 502 271 -1 -1 -1 -1000 -1000 -1000 -10 0.4162
Car -1 -1 0.00 629 178 657 198 -1 -1 -1 -1000 -1000 -1000 -10 0.168315
Car -1 -1 0.00 655 184 708 222 -1 -1 -1 -1000 -1000 -1000 -10 0.0454259
Car -1 -1 0.00 550 179 575 202 -1 -1 -1 -1000 -1000 -1000 -10 -0.259505
Car -1 -1 0.00 489 185 539 229 -1 -1 -1 -1000 -1000 -1000 -10 -0.63859
Car -1 -1 0.00 520 183 558 212 -1 -1 -1 -1000 -1000 -1000 -10 -0.859898
Car -1 -1 0.00 703 172 787 251 -1 -1 -1 -1000 -1000 -1000 -10 -0.950441
Car -1 -1 0.00 655 166 722 219 -1 -1 -1 -1000 -1000 -1000 -10 -0.970963
Car -1 -1 0.00 482 124 513 136 -1 -1 -1 -1000 -1000 -1000 -10 -1.00046
Car -1 -1 0.00 210 216 262 283 -1 -1 -1 -1000 -1000 -1000 -10 -1.01192
Car -1 -1 0.00 572 96 605 108 -1 -1 -1 -1000 -1000 -1000 -10 -1.01699
Car -1 -1 0.00 803 315 837 330 -1 -1 -1 -1000 -1000 -1000 -10 -1.02735
Car -1 -1 0.00 1026 175 1060 199 -1 -1 -1 -1000 -1000 -1000 -10 -1.0296
