Car -1 -1 0.00 447 165 485 191 -1 -1 -1 -1000 -1000 -1000 -10 1.6114
Car -1 -1 0.00 548 166 571 182 -1 -1 -1 -1000 -1000 -1000 -10 -0.130104
Car -1 -1 0.00 476 167 500 183 -1 -1 -1 -1000 -1000 -1000 -10 -0.411961
Car -1 -1 0.00 911 120 956 157 -1 -1 -1 -1000 -1000 -1000 -10 -0.856461
Car -1 -1 0.00 829 63 859 96 -1 -1 -1 -1000 -1000 -1000 -10 -0.889799
Car -1 -1 0.00 149 134 173 146 -1 -1 -1 -1000 -1000 -1000 -10 -0.94243
Car -1 -1 0.00 811 261 837 287 -1 -1 -1 -1000 -1000 -1000 -10 -0.945042
Car -1 -1 0.00 1109 154 1184 175 -1 -1 -1 -1000 -1000 -1000 -10 -0.955937
Car -1 -1 0.00 121 11 159 42 -1 -1 -1 -1000 -1000 -1000 -10 -1.01012
Car -1 -1 0.00 894 98 938 145 -1 -1 -1 -1000 -1000 -1000 -10 -1.02956
