Car -1 -1 0.00 482 180 506 198 -1 -1 -1 -1000 -1000 -1000 -10 0.617597
Car -1 -1 0.00 11 202 177 268 -1 -1 -1 -1000 -1000 -1000 -10 0.273169
Car -1 -1 0.00 657 145 693 186 -1 -1 -1 -1000 -1000 -1000 -10 -0.617876
Car -1 -1 0.00 381 28 408 50 -1 -1 -1 -1000 -1000 -1000 -10 -0.817367
Car -1 -1 0.00 532 -3 610 55 -1 -1 -1 -1000 -1000 -1000 -10 -0.940041
Car -1 -1 0.00 970 255 995 274 -1 -1 -1 -1000 -1000 -1000 -10 -0.966657
Car -1 -1 0.00 640 226 665 245 -1 -1 -1 -1000 -1000 -1000 -10 -0.971159
Car -1 -1 0.00 85 90 110 117 -1 -1 -1 -1000 -1000 -1000 -10 -0.978996
Car -1 -1 0.00 114 199 139 220 -1 -1 -1 -1000 -1000 -1000 -10 -0.981677
Car -1 -1 0.00 674 144 707 155 -1 -1 -1 -1000 -1000 -1000 -10 -1.00896
Car -1 -1 0.00 768 350 809 374 -1 -1 -1 -1000 -1000 -1000 -10 -1.02804
