Car -1 -1 0.00 201 193 398 264 -1 -1 -1 -1000 -1000 -1000 -10 1.79925
Car -1 -1 0.00 89 193 170 252 -1 -1 -1 -1000 -1000 -1000 -10 0.961015
Car -1 -1 0.00 588 178 636 199 -1 -1 -1 -1000 -1000 -1000 -10 -0.520479
Car -1 -1 0.00 1 191 101 240 -1 -1 -1 -1000 -1000 -1000 -10 -0.77868
Car -1 -1 0.00 164 181 236 244 -1 -1 -1 -1000 -1000 -1000 -10 -0.953435
Car -1 -1 0.00 989 87 1013 113 -1 -1 -1 -1000 -1000 -1000 -10 -1.00198
Car -1 -1 0.00 574 25 608 58 -1 -1 -1 -1000 -1000 -1000 -10 -1.00869
Car -1 -1 0.00 929 93 972 108 -1 -1 -1 -1000 -1000 -1000 -10 -1.01325
Car -1 -1 0.00 855 109 883 122 -1 -1 -1 -1000 -1000 -1000 -10 -1.01684
Car -1 -1 0.00 747 134 782 162 -1 -1 -1 -1000 -1000 -1000 -10 -1.0208
