Car -1 -1 0.00 495 181 535 208 -1 -1 -1 -1000 -1000 -1000 -10 1.75931
Car -1 -1 0.00 543 177 565 197 -1 -1 -1 -1000 -1000 -1000 -10 0.243158
Car -1 -1 0.00 609 179 634 200 -1 -1 -1 -1000 -1000 -1000 -10 -0.229703
Car -1 -1 0.00 189 281 234 320 -1 -1 -1 -1000 -1000 -1000 -10 -0.971476
Car -1 -1 0.00 363 248 403 296 -1 -1 -1 -1000 -1000 -1000 -10 -0.979421
Car -1 -1 0.00 445 291 471 318 -1 -1 -1 -1000 -1000 -1000 -10 -0.98643
Car -1 -1 0.00 787 209 813 237 -1 -1 -1 -1000 -1000 -1000 -10 -0.996172
Car -1 -1 0.00 741 314 786 333 -1 -1 -1 -1000 -1000 -1000 -10 -0.998754
Car -1 -1 0.00 25 271 64 284 -1 -1 -1 -1000 -1000 -1000 -10 -1.00876
Car -1 -1 0.00 1124 20 1155 51 -1 -1 -1 -1000 -1000 -1000 -10 -1.01669
Car -1 -1 0.00 384 -17 445 32 -1 -1 -1 -1000 -1000 -1000 -10 -1.01865
Car -1 -1 0.00 427 -5 467 26 -1 -1 -1 -1000 -1000 -1000 -10 -1.02806
Car -1 -1 0.00 524 233 595 300 -1 -1 -1 -1000 -1000 -1000 -10 -1.02834
