Car -1 -1 0.00 586 177 652 238 -1 -1 -1 -1000 -1000 -1000 -10 1.70442
Car -1 -1 0.00 551 180 587 206 -1 -1 -1 -1000 -1000 -1000 -10 0.78299
Car -1 -1 0.00 505 181 555 216 -1 -1 -1 -1000 -1000 -1000 -10 0.636556
Car -1 -1 0.00 -16 184 278 337 -1 -1 -1 -1000 -1000 -1000 -10 0.559439
Car -1 -1 0.00 430 153 537 232 -1 -1 -1 -1000 -1000 -1000 -10 -0.388323
Car -1 -1 0.00 33 280 132 347 -1 -1 -1 -1000 -1000 -1000 -10 -0.88001
Car -1 -1 0.00 304 220 335 242 -1 -1 -1 -1000 -1000 -1000 -10 -0.980595
Car -1 -1 0.00 857 267 916 283 -1 -1 -1 -1000 -1000 -1000 -10 -0.983613
Car -1 -1 0.00 1142 355 1196 374 -1 -1 -1 -1000 -1000 -1000 -10 -0.987177
Car -1 -1 0.00 195 196 239 233 -1 -1 -1 -1000 -1000 -1000 -10 -0.999778
Car -1 -1 0.00 639 213 667 228 -1 -1 -1 -1000 -1000 -1000 -10 -1.01556
