Car -1 -1 0.00 523 177 548 193 -1 -1 -1 -1000 -1000 -1000 -10 0.475868
Car -1 -1 0.00 433 173 476 203 -1 -1 -1 -1000 -1000 -1000 -10 0.0967427
Car -1 -1 0.00 332 182 374 201 -1 -1 -1 -1000 -1000 -1000 -10 -0.0401279
Car -1 -1 0.00 294 185 336 206 -1 -1 -1 -1000 -1000 -1000 -10 -0.603173
Car -1 -1 0.00 366 182 400 199 -1 -1 -1 -1000 -1000 -1000 -10 -0.700102
Car -1 -1 0.00 1076 167 1105 182 -1 -1 -1 -1000 -1000 -1000 -10 -0.935803
Car -1 -1 0.00 409 179 437 194 -1 -1 -1 -1000 -1000 -1000 -10 -0.949592
Car -1 -1 0.00 786 111 813 139 -1 -1 -1 -1000 -1000 -1000 -10 -0.958489
Car -1 -1 0.00 741 280 779 314 -1 -1 -1 -1000 -1000 -1000 -10 -0.989309
Car -1 -1 0.00 430 95 454 123 -1 -1 -1 -1000 -1000 -1000 -10 -1.01627
Car -1 -1 0.00 207 -29 296 58 -1 -1 -1 -1000 -1000 -1000 -10 -1.0237
