Car -1 -1 0.00 474 175 568 240 -1 -1 -1 -1000 -1000 -1000 -10 1.29594
Car -1 -1 0.00 636 185 670 207 -1 -1 -1 -1000 -1000 -1000 -10 -0.190503
Car -1 -1 0.00 683 179 721 216 -1 -1 -1 -1000 -1000 -1000 -10 -0.563378
Car -1 -1 0.00 679 183 731 220 -1 -1 -1 -1000 -1000 -1000 -10 -0.699235
Car -1 -1 0.00 752 213 800 225 -1 -1 -1 -1000 -1000 -1000 -10 -0.975809
Car -1 -1 0.00 158 78 188 103 -1 -1 -1 -1000 -1000 -1000 -10 -0.981755
Car -1 -1 0.00 507 63 575 151 -1 -1 -1 -1000 -1000 -1000 -10 -0.983082
Car -1 -1 0.00 363 295 428 356 -1 -1 -1 -1000 -1000 -1000 -10 -0.999679
Car -1 -1 0.00 723 122 750 144 -1 -1 -1 -1000 -1000 -1000 -10 -1.01423
Car -1 -1 0.00 5 103 93 135 -1 -1 -1 -1000 -1000 -1000 -10 -1.0152
Car -1 -1 0.00 539 -2 609 18 -1 -1 -1 -1000 -1000 -1000 -10 -1.02233
