Car -1 -1 0.00 1034 182 1157 229 -1 -1 -1 -1000 -1000 -1000 -10 1.4426
Car -1 -1 0.00 957 180 1069 231 -1 -1 -1 -1000 -1000 -1000 -10 1.35445
Car -1 -1 0.00 601 171 637 201 -1 -1 -1 -1000 -1000 -1000 -10 1.15857
Car -1 -1 0.00 1095 183 1224 236 -1 -1 -1 -1000 -1000 -1000 -10 0.674942
Car -1 -1 0.00 766 150 857 192 -1 -1 -1 -1000 -1000 -1000 -10 -0.913331
Car -1 -1 0.00 388 171 442 193 -1 -1 -1 -1000 -1000 -1000 -10 -0.93423
Car -1 -1 0.00 520 229 572 265 -1 -1 -1 -1000 -1000 -1000 -10 -0.939818
Car -1 -1 0.00 850 295 888 328 -1 -1 -1 -1000 -1000 -1000 -10 -0.953323
Car -1 -1 0.00 835 175 864 206 -1 -1 -1 -1000 -1000 -1000 -10 -0.970011
Car -1 -1 0.00 809 245 842 265 -1 -1 -1 -1000 -1000 -1000 -10 -0.976123
Car -1 -1 0.00 752 128 817 180 -1 -1 -1 -1000 -1000 -1000 -10 -0.989658
Car -1 -1 0.00 360 2 391 37 -1 -1 -1 -1000 -1000 -1000 -10 -0.996574
Car -1 -1 0.00 434 106 474 121 -1 -1 -1 -1000 -1000 -1000 -10 -1.00258
Car -1 -1 0.00 643 95 666 116 -1 -1 -1 -1000 -1000 -1000 -10 -1.0029
Car -1 -1 0.00 3 253 105 283 -1 -1 -1 -1000 -1000 -1000 -10 -1.0068
Car -1 -1 0.00 1116 324 1163 369 -1 -1 -1 -1000 -1000 -1000 -10 -1.0069
Car -1 -1 0.00 180 236 232 255 -1 -1 -1 -1000 -1000 -1000 -10 -1.02742
