Car -1 -1 0.00 402 186 515 265 -1 -1 -1 -1000 -1000 -1000 -10 1.39363
Car -1 -1 0.00 674 173 734 213 -1 -1 -1 -1000 -1000 -1000 -10 1.32839
Car -1 -1 0.00 812 188 1028 314 -1 -1 -1 -1000 -1000 -1000 -10 1.15207
Car -1 -1 0.00 467 170 545 232 -1 -1 -1 -1000 -1000 -1000 -10 1.08328
Car -1 -1 0.00 137 127 472 358 -1 -1 -1 -1000 -1000 -1000 -10 1.00244
Car -1 -1 0.00 643 178 675 196 -1 -1 -1 -1000 -1000 -1000 -10 0.505812
Car -1 -1 0.00 744 188 873 259 -1 -1 -1 -1000 -1000 -1000 -10 0.376027
Car -1 -1 0.00 753 187 874 260 -1 -1 -1 -1000 -1000 -1000 -10 0.236686
Car -1 -1 0.00 507 177 564 221 -1 -1 -1 -1000 -1000 -1000 -10 -0.164658
Car -1 -1 0.00 548 174 580 199 -1 -1 -1 -1000 -1000 -1000 -10 -0.748864
Car -1 -1 0.00 387 228 464 298 -1 -1 -1 -1000 -1000 -1000 -10 -0.950208
Car -1 -1 0.00 80 330 105 350 -1 -1 -1 -1000 -1000 -1000 -10 -0.956161
Car -1 -1 0.00 -13 354 13 383 -1 -1 -1 -1000 -1000 -1000 -10 -1.01213
Car -1 -1 0.00 1113 201 1142 210 -1 -1 -1 -1000 -1000 -1000 -10 -1.01602
Car -1 -1 0.00 352 203 461 236 -1 -1 -1 -1000 -1000 -1000 -10 -1.02026
Car -1 -1 0.00 954 362 981 387 -1 -1 -1 -1000 -1000 -1000 -10 -1.02706
