Car -1 -1 0.00 362 200 458 264 -1 -1 -1 -1000 -1000 -1000 -10 2.00716
Car -1 -1 0.00 259 207 395 294 -1 -1 -1 -1000 -1000 -1000 -10 1.20351
Car -1 -1 0.00 419 195 486 242 -1 -1 -1 -1000 -1000 -1000 -10 0.9093
Car -1 -1 0.00 644 178 704 200 -1 -1 -1 -1000 -1000 -1000 -10 -0.178036
Car -1 -1 0.00 601 186 624 201 -1 -1 -1 -1000 -1000 -1000 -10 -0.550328
Car -1 -1 0.00 524 187 554 209 -1 -1 -1 -1000 -1000 -1000 -10 -0.635789
Car -1 -1 0.00 484 188 527 222 -1 -1 -1 -1000 -1000 -1000 -10 -0.699138
Car -1 -1 0.00 27 266 118 346 -1 -1 -1 -1000 -1000 -1000 -10 -0.785194
Car -1 -1 0.00 172 307 197 332 -1 -1 -1 -1000 -1000 -1000 -10 -0.838724
Car -1 -1 0.00 892 173 1397 377 -1 -1 -1 -1000 -1000 -1000 -10 -0.861001
Car -1 -1 0.00 145 324 200 340 -1 -1 -1 -1000 -1000 -1000 -10 -0.893402
Car -1 -1 0.00 218 280 247 308 -1 -1 -1 -1000 -1000 -1000 -10 -0.938498
Car -1 -1 0.00 845 191 1174 348 -1 -1 -1 -1000 -1000 -1000 -10 -0.974742
Car -1 -1 0.00 936 184 1026 212 -1 -1 -1 -1000 -1000 -1000 -10 -0.990589
Car -1 -1 0.00 740 34 765 68 -1 -1 -1 -1000 -1000 -1000 -10 -0.994694
Car -1 -1 0.00 41 188 82 225 -1 -1 -1 -1000 -1000 -1000 -10 -0.995543
Car -1 -1 0.00 548 186 572 203 -1 -1 -1 -1000 -1000 -1000 -10 -1.00427
Car -1 -1 0.00 192 121 239 158 -1 -1 -1 -1000 -1000 -1000 -10 -1.02428
