Car -1 -1 0.00 423 186 510 248 -1 -1 -1 -1000 -1000 -1000 -10 2.39522
Car -1 -1 0.00 645 179 711 223 -1 -1 -1 -1000 -1000 -1000 -10 1.55763
Car -1 -1 0.00 515 180 556 209 -1 -1 -1 -1000 -1000 -1000 -10 1.22276
Car -1 -1 0.00 471 174 535 222 -1 -1 -1 -1000 -1000 -1000 -10 1.21251
Car -1 -1 0.00 627 178 654 197 -1 -1 -1 -1000 -1000 -1000 -10 0.600094
Car -1 -1 0.00 202 199 421 340 -1 -1 -1 -1000 -1000 -1000 -10 0.438494
Car -1 -1 0.00 701 174 761 202 -1 -1 -1 -1000 -1000 -1000 -10 0.354526
Car -1 -1 0.00 450 98 473 120 -1 -1 -1 -1000 -1000 -1000 -10 -0.762792
Car -1 -1 0.00 702 175 744 203 -1 -1 -1 -1000 -1000 -1000 -10 -0.916426
Car -1 -1 0.00 629 173 662 198 -1 -1 -1 -1000 -1000 -1000 -10 -0.937307
Car -1 -1 0.00 626 194 652 221 -1 -1 -1 -1000 -1000 -1000 -10 -0.937535
Car -1 -1 0.00 642 179 670 206 -1 -1 -1 -1000 -1000 -1000 -10 -0.962735
Car -1 -1 0.00 368 164 407 183 -1 -1 -1 -1000 -1000 -1000 -10 -0.978846
Car -1 -1 0.00 1068 288 1100 301 -1 -1 -1 -1000 -1000 -1000 -10 -0.979526
Car -1 -1 0.00 159 281 311 325 -1 -1 -1 -1000 -1000 -1000 -10 -1.00284
Car -1 -1 0.00 923 145 950 158 -1 -1 -1 -1000 -1000 -1000 -10 -1.01283
Car -1 -1 0.00 121 197 444 324 -1 -1 -1 -1000 -1000 -1000 -10 -1.01488
Car -1 -1 0.00 317 41 365 104 -1 -1 -1 -1000 -1000 -1000 -10 -1.02573
Car -1 -1 0.00 1177 308 1201 330 -1 -1 -1 -1000 -1000 -1000 -10 -1.02675
