Car -1 -1 0.00 524 183 571 218 -1 -1 -1 -1000 -1000 -1000 -10 1.02268
Car -1 -1 0.00 145 204 452 373 -1 -1 -1 -1000 -1000 -1000 -10 0.143961
Car -1 -1 0.00 540 177 569 194 -1 -1 -1 -1000 -1000 -1000 -10 -0.276956
Car -1 -1 0.00 96 216 451 373 -1 -1 -1 -1000 -1000 -1000 -10 -0.305316
Car -1 -1 0.00 596 170 627 193 -1 -1 -1 -1000 -1000 -1000 -10 -0.486668
Car -1 -1 0.00 545 157 569 177 -1 -1 -1 -1000 -1000 -1000 -10 -0.681878
Car -1 -1 0.00 398 106 441 124 -1 -1 -1 -1000 -1000 -1000 -10 -0.795674
Car -1 -1 0.00 692 -4 730 28 -1 -1 -1 -1000 -1000 -1000 -10 -0.964189
Car -1 -1 0.00 780 211 808 231 -1 -1 -1 -1000 -1000 -1000 -10 -0.976295
Car -1 -1 0.00 628 311 734 368 -1 -1 -1 -1000 -1000 -1000 -10 -0.980765
Car -1 -1 0.00 285 115 311 138 -1 -1 -1 -1000 -1000 -1000 -10 -1.00494
Car -1 -1 0.00 1206 8 1232 28 -1 -1 -1 -1000 -1000 -1000 -10 -1.01933
Car -1 -1 0.00 953 18 980 39 -1 -1 -1 -1000 -1000 -1000 -10 -1.02031
Car -1 -1 0.00 1200 134 1227 166 -1 -1 -1 -1000 -1000 -1000 -10 -1.02426
Car -1 -1 0.00 553 169 578 190 -1 -1 -1 -1000 -1000 -1000 -10 -1.02748
