Car -1 -1 0.00 651 180 719 235 -1 -1 -1 -1000 -1000 -1000 -10 0.757525
Car -1 -1 0.00 155 189 375 266 -1 -1 -1 -1000 -1000 -1000 -10 0.0921972
Car -1 -1 0.00 515 180 549 208 -1 -1 -1 -1000 -1000 -1000 -10 -0.0872934
Car -1 -1 0.00 -32 213 295 329 -1 -1 -1 -1000 -1000 -1000 -10 -0.12241
Car -1 -1 0.00 675 183 782 260 -1 -1 -1 -1000 -1000 -1000 -10 -0.154617
Car -1 -1 0.00 632 179 685 223 -1 -1 -1 -1000 -1000 -1000 -10 -0.851284
Car -1 -1 0.00 580 287 606 313 -1 -1 -1 -1000 -1000 -1000 -10 -0.87601
Car -1 -1 0.00 1023 196 1052 219 -1 -1 -1 -1000 -1000 -1000 -10 -0.88247
Car -1 -1 0.00 357 214 413 253 -1 -1 -1 -1000 -1000 -1000 -10 -0.907011
Car -1 -1 0.00 834 83 860 105 -1 -1 -1 -1000 -1000 -1000 -10 -0.925251
Car -1 -1 0.00 567 276 658 298 -1 -1 -1 -1000 -1000 -1000 -10 -0.94434
Car -1 -1 0.00 323 177 483 222 -1 -1 -1 -1000 -1000 -1000 -10 -0.944866
Car -1 -1 0.00 317 276 347 290 -1 -1 -1 -1000 -1000 -1000 -10 -0.955919
Car -1 -1 0.00 447 85 507 113 -1 -1 -1 -1000 -1000 -1000 -10 -0.974352
Car -1 -1 0.00 352 208 382 232 -1 -1 -1 -1000 -1000 -1000 -10 -0.984192
Car -1 -1 0.00 378 201 443 252 -1 -1 -1 -1000 -1000 -1000 -10 -0.987493
Car -1 -1 0.00 947 239 982 261 -1 -1 -1 -1000 -1000 -1000 -10 -0.989347
Car -1 -1 0.00 746 257 770 280 -1 -1 -1 -1000 -1000 -1000 -10 -0.992964
Car -1 -1 0.00 467 177 497 208 -1 -1 -1 -1000 -1000 -1000 -10 -0.99414
Car -1 -1 0.00 164 -5 239 77 -1 -1 -1 -1000 -1000 -1000 -10 -1.00294
Car -1 -1 0.00 774 253 809 292 -1 -1 -1 -1000 -1000 -1000 -10 -1.0197
Car -1 -1 0.00 1014 263 1043 278 -1 -1 -1 -1000 -1000 -1000 -10 -1.02533
