Car -1 -1 0.00 502 181 539 210 -1 -1 -1 -1000 -1000 -1000 -10 1.76848
Car -1 -1 0.00 359 188 491 274 -1 -1 -1 -1000 -1000 -1000 -10 1.43432
Car -1 -1 0.00 673 185 776 252 -1 -1 -1 -1000 -1000 -1000 -10 1.36264
Car -1 -1 0.00 716 178 897 293 -1 -1 -1 -1000 -1000 -1000 -10 1.27232
Car -1 -1 0.00 644 174 728 227 -1 -1 -1 -1000 -1000 -1000 -10 0.0758598
Car -1 -1 0.00 630 175 685 214 -1 -1 -1 -1000 -1000 -1000 -10 -0.285041
Car -1 -1 0.00 617 175 663 209 -1 -1 -1 -1000 -1000 -1000 -10 -0.304739
Car -1 -1 0.00 366 231 397 259 -1 -1 -1 -1000 -1000 -1000 -10 -0.820309
Car -1 -1 0.00 1012 74 1124 164 -1 -1 -1 -1000 -1000 -1000 -10 -0.888267
Car -1 -1 0.00 624 173 714 217 -1 -1 -1 -1000 -1000 -1000 -10 -0.948526
Car -1 -1 0.00 1210 45 1236 67 -1 -1 -1 -1000 -1000 -1000 -10 -0.949835
Car -1 -1 0.00 467 184 501 202 -1 -1 -1 -1000 -1000 -1000 -10 -0.96059
Car -1 -1 0.00 8 257 43 279 -1 -1 -1 -1000 -1000 -1000 -10 -0.975697
Car -1 -1 0.00 236 184 394 245 -1 -1 -1 -1000 -1000 -1000 -10 -0.989277
Car -1 -1 0.00 762 73 784 85 -1 -1 -1 -1000 -1000 -1000 -10 -1.00407
Car -1 -1 0.00 503 18 627 60 -1 -1 -1 -1000 -1000 -1000 -10 -1.01246
Car -1 -1 0.00 1063 53 1101 92 -1 -1 -1 -1000 -1000 -1000 -10 -1.02207
Car -1 -1 0.00 534 93 574 109 -1 -1 -1 -1000 -1000 -1000 -10 -1.02841
Car -1 -1 0.00 149 230 193 273 -1 -1 -1 -1000 -1000 -1000 -10 -1.02942
