Car -1 -1 0.00 956 181 1069 232 -1 -1 -1 -1000 -1000 -1000 -10 1.715
Car -1 -1 0.00 1032 183 1158 233 -1 -1 -1 -1000 -1000 -1000 -10 1.68619
Car -1 -1 0.00 601 172 637 201 -1 -1 -1 -1000 -1000 -1000 -10 1.35162
Car -1 -1 0.00 860 267 902 308 -1 -1 -1 -1000 -1000 -1000 -10 -0.616441
Car -1 -1 0.00 1094 183 1223 235 -1 -1 -1 -1000 -1000 -1000 -10 -0.710182
Car -1 -1 0.00 859 173 927 225 -1 -1 -1 -1000 -1000 -1000 -10 -0.785246
Car -1 -1 0.00 1014 186 1156 234 -1 -1 -1 -1000 -1000 -1000 -10 -0.804757
Car -1 -1 0.00 743 194 787 213 -1 -1 -1 -1000 -1000 -1000 -10 -0.82395
Car -1 -1 0.00 1115 42 1143 62 -1 -1 -1 -1000 -1000 -1000 -10 -0.829744
Car -1 -1 0.00 857 189 918 210 -1 -1 -1 -1000 -1000 -1000 -10 -0.896704
Car -1 -1 0.00 404 233 434 252 -1 -1 -1 -1000 -1000 -1000 -10 -0.908337
Car -1 -1 0.00 1006 154 1032 176 -1 -1 -1 -1000 -1000 -1000 -10 -0.95473
Car -1 -1 0.00 1060 47 1085 68 -1 -1 -1 -1000 -1000 -1000 -10 -0.955765
Car -1 -1 0.00 955 174 1014 195 -1 -1 -1 -1000 -1000 -1000 -10 -0.967211
Car -1 -1 0.00 1159 15 1204 30 -1 -1 -1 -1000 -1000 -1000 -10 -0.972736
Car -1 -1 0.00 360 8 390 38 -1 -1 -1 -1000 -1000 -1000 -10 -0.976488
Car -1 -1 0.00 892 176 932 221 -1 -1 -1 -1000 -1000 -1000 -10 -0.986464
Car -1 -1 0.00 835 174 863 206 -1 -1 -1 -1000 -1000 -1000 -10 -0.999472
Car -1 -1 0.00 740 202 780 215 -1 -1 -1 -1000 -1000 -1000 -10 -1.00785
Car -1 -1 0.00 604 172 640 205 -1 -1 -1 -1000 -1000 -1000 -10 -1.01704
