Car -1 -1 0.00 810 164 873 192 -1 -1 -1 -1000 -1000 -1000 -10 0.357322
Car -1 -1 0.00 556 185 679 289 -1 -1 -1 -1000 -1000 -1000 -10 0.306708
Car -1 -1 0.00 357 179 416 209 -1 -1 -1 -1000 -1000 -1000 -10 0.208783
Car -1 -1 0.00 363 180 408 209 -1 -1 -1 -1000 -1000 -1000 -10 -0.755431
Car -1 -1 0.00 414 103 461 125 -1 -1 -1 -1000 -1000 -1000 -10 -0.779414
Car -1 -1 0.00 454 226 484 241 -1 -1 -1 -1000 -1000 -1000 -10 -0.930426
Car -1 -1 0.00 951 129 978 142 -1 -1 -1 -1000 -1000 -1000 -10 -0.982257
Car -1 -1 0.00 360 190 388 209 -1 -1 -1 -1000 -1000 -1000 -10 -0.999882
Car -1 -1 0.00 974 -3 1012 24 -1 -1 -1 -1000 -1000 -1000 -10 -1.00791
Car -1 -1 0.00 392 303 420 323 -1 -1 -1 -1000 -1000 -1000 -10 -1.00826
Car -1 -1 0.00 1117 104 1141 131 -1 -1 -1 -1000 -1000 -1000 -10 -1.00988
Car -1 -1 0.00 313 139 338 152 -1 -1 -1 -1000 -1000 -1000 -10 -1.01527
Car -1 -1 0.00 978 162 1008 185 -1 -1 -1 -1000 -1000 -1000 -10 -1.02464
