Car -1 -1 0.00 527 180 552 200 -1 -1 -1 -1000 -1000 -1000 -10 0.88348
Car -1 -1 0.00 302 187 404 245 -1 -1 -1 -1000 -1000 -1000 -10 0.313759
Car -1 -1 0.00 606 178 628 198 -1 -1 -1 -1000 -1000 -1000 -10 0.0792367
Car -1 -1 0.00 547 177 577 191 -1 -1 -1 -1000 -1000 -1000 -10 -0.634915
Car -1 -1 0.00 574 175 600 188 -1 -1 -1 -1000 -1000 -1000 -10 -0.839191
Car -1 -1 0.00 222 200 247 230 -1 -1 -1 -1000 -1000 -1000 -10 -0.909964
Car -1 -1 0.00 820 125 848 158 -1 -1 -1 -1000 -1000 -1000 -10 -0.965114
Car -1 -1 0.00 785 221 809 250 -1 -1 -1 -1000 -1000 -1000 -10 -0.972086
Car -1 -1 0.00 210 193 246 236 -1 -1 -1 -1000 -1000 -1000 -10 -0.972634
Car -1 -1 0.00 595 9 673 37 -1 -1 -1 -1000 -1000 -1000 -10 -0.996775
Car -1 -1 0.00 205 174 230 199 -1 -1 -1 -1000 -1000 -1000 -10 -1.00492
