Car -1 -1 0.00 74 192 196 240 -1 -1 -1 -1000 -1000 -1000 -10 1.65386
Car -1 -1 0.00 679 185 767 242 -1 -1 -1 -1000 -1000 -1000 -10 1.61403
Car -1 -1 0.00 179 187 255 227 -1 -1 -1 -1000 -1000 -1000 -10 1.16955
Car -1 -1 0.00 232 190 314 221 -1 -1 -1 -1000 -1000 -1000 -10 0.118545
Car -1 -1 0.00 412 182 440 201 -1 -1 -1 -1000 -1000 -1000 -10 -0.302417
Car -1 -1 0.00 654 185 703 218 -1 -1 -1 -1000 -1000 -1000 -10 -0.581927
Car -1 -1 0.00 121 94 152 119 -1 -1 -1 -1000 -1000 -1000 -10 -0.786531
Car -1 -1 0.00 296 185 344 214 -1 -1 -1 -1000 -1000 -1000 -10 -0.837857
Car -1 -1 0.00 601 181 620 195 -1 -1 -1 -1000 -1000 -1000 -10 -0.896475
Car -1 -1 0.00 704 141 727 170 -1 -1 -1 -1000 -1000 -1000 -10 -0.89754
Car -1 -1 0.00 1052 213 1098 243 -1 -1 -1 -1000 -1000 -1000 -10 -0.917753
Car -1 -1 0.00 415 184 445 199 -1 -1 -1 -1000 -1000 -1000 -10 -0.931668
Car -1 -1 0.00 987 295 1093 328 -1 -1 -1 -1000 -1000 -1000 -10 -0.932084
Car -1 -1 0.00 288 187 344 214 -1 -1 -1 -1000 -1000 -1000 -10 -0.939898
Car -1 -1 0.00 972 53 1116 95 -1 -1 -1 -1000 -1000 -1000 -10 -0.965697
Car -1 -1 0.00 340 119 368 144 -1 -1 -1 -1000 -1000 -1000 -10 -1.0115
Car -1 -1 0.00 455 182 487 195 -1 -1 -1 -1000 -1000 -1000 -10 -1.01904
Car -1 -1 0.00 1079 15 1113 39 -1 -1 -1 -1000 -1000 -1000 -10 -1.02015
