Car -1 -1 0.00 292 176 354 200 -1 -1 -1 -1000 -1000 -1000 -10 0.618819
Car -1 -1 0.00 1084 28 1110 57 -1 -1 -1 -1000 -1000 -1000 -10 -0.922598
Car -1 -1 0.00 326 -3 428 27 -1 -1 -1 -1000 -1000 -1000 -10 -0.964916
Car -1 -1 0.00 217 -2 281 18 -1 -1 -1 -1000 -1000 -1000 -10 -0.991857
Car -1 -1 0.00 488 198 525 240 -1 -1 -1 -1000 -1000 -1000 -10 -0.997046
Car -1 -1 0.00 368 258 407 270 -1 -1 -1 -1000 -1000 -1000 -10 -1.00781
Car -1 -1 0.00 236 -2 304 18 -1 -1 -1 -1000 -1000 -1000 -10 -1.01493
Car -1 -1 0.00 328 -2 396 18 -1 -1 -1 -1000 -1000 -1000 -10 -1.01588
Car -1 -1 0.00 996 341 1038 354 -1 -1 -1 -1000 -1000 -1000 -10 -1.01953
Car -1 -1 0.00 991 338 1027 349 -1 -1 -1 -1000 -1000 -1000 -10 -1.02122
Car -1 -1 0.00 991 348 1026 359 -1 -1 -1 -1000 -1000 -1000 -10 -1.02239
Car -1 -1 0.00 528 355 564 372 -1 -1 -1 -1000 -1000 -1000 -10 -1.02304
Car -1 -1 0.00 969 322 1005 333 -1 -1 -1 -1000 -1000 -1000 -10 -1.02343
Car -1 -1 0.00 908 294 943 305 -1 -1 -1 -1000 -1000 -1000 -10 -1.02413
Car -1 -1 0.00 950 336 984 347 -1 -1 -1 -1000 -1000 -1000 -10 -1.0276
Car -1 -1 0.00 372 -2 436 18 -1 -1 -1 -1000 -1000 -1000 -10 -1.02952
