Car -1 -1 0.00 542 163 578 193 -1 -1 -1 -1000 -1000 -1000 -10 1.1732
Car -1 -1 0.00 756 157 865 203 -1 -1 -1 -1000 -1000 -1000 -10 -0.265894
Car -1 -1 0.00 658 160 766 209 -1 -1 -1 -1000 -1000 -1000 -10 -0.289403
Car -1 -1 0.00 447 165 482 192 -1 -1 -1 -1000 -1000 -1000 -10 -0.750836
Car -1 -1 0.00 910 119 956 157 -1 -1 -1 -1000 -1000 -1000 -10 -0.809801
Car -1 -1 0.00 826 61 860 100 -1 -1 -1 -1000 -1000 -1000 -10 -0.890796
Car -1 -1 0.00 132 77 180 112 -1 -1 -1 -1000 -1000 -1000 -10 -0.901316
Car -1 -1 0.00 955 84 987 108 -1 -1 -1 -1000 -1000 -1000 -10 -0.913486
Car -1 -1 0.00 658 176 765 207 -1 -1 -1 -1000 -1000 -1000 -10 -0.940317
Car -1 -1 0.00 1163 231 1207 266 -1 -1 -1 -1000 -1000 -1000 -10 -0.945901
Car -1 -1 0.00 42 20 72 57 -1 -1 -1 -1000 -1000 -1000 -10 -0.958167
Car -1 -1 0.00 160 28 187 47 -1 -1 -1 -1000 -1000 -1000 -10 -1.01467
