Car -1 -1 0.00 473 183 523 215 -1 -1 -1 -1000 -1000 -1000 -10 2.1759
Car -1 -1 0.00 369 186 463 234 -1 -1 -1 -1000 -1000 -1000 -10 2.07158
Car -1 -1 0.00 8 197 257 318 -1 -1 -1 -1000 -1000 -1000 -10 0.877931
Car -1 -1 0.00 434 187 485 210 -1 -1 -1 -1000 -1000 -1000 -10 -0.499095
Car -1 -1 0.00 304 185 349 219 -1 -1 -1 -1000 -1000 -1000 -10 -0.96699
Car -1 -1 0.00 483 61 519 71 -1 -1 -1 -1000 -1000 -1000 -10 -1.00837
Car -1 -1 0.00 -7 303 38 355 -1 -1 -1 -1000 -1000 -1000 -10 -1.00967
Car -1 -1 0.00 847 302 876 329 -1 -1 -1 -1000 -1000 -1000 -10 -1.01986
Car -1 -1 0.00 869 318 894 340 -1 -1 -1 -1000 -1000 -1000 -10 -1.02387
Car -1 -1 0.00 877 327 910 352 -1 -1 -1 -1000 -1000 -1000 -10 -1.02605
