Car -1 -1 0.00 536 173 560 192 -1 -1 -1 -1000 -1000 -1000 -10 0.958377
Car -1 -1 0.00 122 73 160 102 -1 -1 -1 -1000 -1000 -1000 -10 -0.505376
Car -1 -1 0.00 590 169 618 185 -1 -1 -1 -1000 -1000 -1000 -10 -0.756608
Car -1 -1 0.00 7 169 34 197 -1 -1 -1 -1000 -1000 -1000 -10 -0.977909
Car -1 -1 0.00 681 241 711 262 -1 -1 -1 -1000 -1000 -1000 -10 -0.990459
Car -1 -1 0.00 1193 222 1224 256 -1 -1 -1 -1000 -1000 -1000 -10 -0.997728
Car -1 -1 0.00 865 172 892 202 -1 -1 -1 -1000 -1000 -1000 -10 -1.01283
Car -1 -1 0.00 70 300 212 338 -1 -1 -1 -1000 -1000 -1000 -10 -1.01849
Car -1 -1 0.00 252 22 293 59 -1 -1 -1 -1000 -1000 -1000 -10 -1.02036
Car -1 -1 0.00 574 353 688 385 -1 -1 -1 -1000 -1000 -1000 -10 -1.021
Car -1 -1 0.00 151 -24 280 7 -1 -1 -1 -1000 -1000 -1000 -10 -1.02623
