Car -1 -1 0.00 273 111 296 124 -1 -1 -1 -1000 -1000 -1000 -10 -0.790576
Car -1 -1 0.00 277 143 320 175 -1 -1 -1 -1000 -1000 -1000 -10 -0.831397
Car -1 -1 0.00 257 174 290 189 -1 -1 -1 -1000 -1000 -1000 -10 -0.841386
Car -1 -1 0.00 957 138 982 159 -1 -1 -1 -1000 -1000 -1000 -10 -0.841476
Car -1 -1 0.00 186 -1 243 26 -1 -1 -1 -1000 -1000 -1000 -10 -0.865611
Car -1 -1 0.00 9 197 106 246 -1 -1 -1 -1000 -1000 -1000 -10 -0.915474
Car -1 -1 0.00 606 134 650 149 -1 -1 -1 -1000 -1000 -1000 -10 -0.975372
Car -1 -1 0.00 643 270 697 285 -1 -1 -1 -1000 -1000 -1000 -10 -0.97948
Car -1 -1 0.00 452 132 483 158 -1 -1 -1 -1000 -1000 -1000 -10 -1.00723
Car -1 -1 0.00 1099 343 1124 361 -1 -1 -1 -1000 -1000 -1000 -10 -1.01223
Car -1 -1 0.00 103 177 132 201 -1 -1 -1 -1000 -1000 -1000 -10 -1.01606
Car -1 -1 0.00 273 154 313 200 -1 -1 -1 -1000 -1000 -1000 -10 -1.01631
Car -1 -1 0.00 855 72 885 108 -1 -1 -1 -1000 -1000 -1000 -10 -1.0282
Car -1 -1 0.00 211 317 249 329 -1 -1 -1 -1000 -1000 -1000 -10 -1.02859
