Car -1 -1 0.00 687 171 816 267 -1 -1 -1 -1000 -1000 -1000 -10 2.15159
Car -1 -1 0.00 95 188 401 288 -1 -1 -1 -1000 -1000 -1000 -10 1.14358
Car -1 -1 0.00 655 174 719 221 -1 -1 -1 -1000 -1000 -1000 -10 0.759897
Car -1 -1 0.00 638 169 682 202 -1 -1 -1 -1000 -1000 -1000 -10 0.594326
Car -1 -1 0.00 444 172 534 209 -1 -1 -1 -1000 -1000 -1000 -10 0.357453
Car -1 -1 0.00 339 177 458 233 -1 -1 -1 -1000 -1000 -1000 -10 -0.267228
Car -1 -1 0.00 445 173 489 207 -1 -1 -1 -1000 -1000 -1000 -10 -0.405431
Car -1 -1 0.00 604 168 626 179 -1 -1 -1 -1000 -1000 -1000 -10 -0.51347
Car -1 -1 0.00 135 269 171 292 -1 -1 -1 -1000 -1000 -1000 -10 -0.918747
Car -1 -1 0.00 1 346 102 374 -1 -1 -1 -1000 -1000 -1000 -10 -0.928123
Car -1 -1 0.00 111 257 178 290 -1 -1 -1 -1000 -1000 -1000 -10 -0.937506
Car -1 -1 0.00 896 358 935 386 -1 -1 -1 -1000 -1000 -1000 -10 -0.99619
Car -1 -1 0.00 312 138 339 150 -1 -1 -1 -1000 -1000 -1000 -10 -1.02136
