Car -1 -1 0.00 553 177 582 199 -1 -1 -1 -1000 -1000 -1000 -10 1.06006
Car -1 -1 0.00 726 139 896 211 -1 -1 -1 -1000 -1000 -1000 -10 -0.911115
Car -1 -1 0.00 587 190 692 262 -1 -1 -1 -1000 -1000 -1000 -10 -0.918286
Car -1 -1 0.00 554 166 581 199 -1 -1 -1 -1000 -1000 -1000 -10 -0.971587
Car -1 -1 0.00 1130 106 1225 132 -1 -1 -1 -1000 -1000 -1000 -10 -0.977012
Car -1 -1 0.00 590 106 646 149 -1 -1 -1 -1000 -1000 -1000 -10 -0.990043
Car -1 -1 0.00 976 60 1029 120 -1 -1 -1 -1000 -1000 -1000 -10 -0.993668
Car -1 -1 0.00 273 348 307 362 -1 -1 -1 -1000 -1000 -1000 -10 -0.997478
Car -1 -1 0.00 147 213 182 245 -1 -1 -1 -1000 -1000 -1000 -10 -1.0091
Car -1 -1 0.00 114 277 162 327 -1 -1 -1 -1000 -1000 -1000 -10 -1.02188
