Car -1 -1 0.00 467 187 546 238 -1 -1 -1 -1000 -1000 -1000 -10 1.76053
Car -1 -1 0.00 808 180 1055 294 -1 -1 -1 -1000 -1000 -1000 -10 -0.485843
Car -1 -1 0.00 756 172 933 258 -1 -1 -1 -1000 -1000 -1000 -10 -0.540135
Car -1 -1 0.00 790 314 888 371 -1 -1 -1 -1000 -1000 -1000 -10 -0.661791
Car -1 -1 0.00 728 174 905 238 -1 -1 -1 -1000 -1000 -1000 -10 -0.719813
Car -1 -1 0.00 749 277 789 301 -1 -1 -1 -1000 -1000 -1000 -10 -0.799474
Car -1 -1 0.00 1115 86 1160 106 -1 -1 -1 -1000 -1000 -1000 -10 -0.888256
Car -1 -1 0.00 941 105 1049 159 -1 -1 -1 -1000 -1000 -1000 -10 -0.912736
Car -1 -1 0.00 826 174 1223 297 -1 -1 -1 -1000 -1000 -1000 -10 -0.935242
Car -1 -1 0.00 712 288 807 350 -1 -1 -1 -1000 -1000 -1000 -10 -0.960192
Car -1 -1 0.00 485 80 537 114 -1 -1 -1 -1000 -1000 -1000 -10 -0.978477
Car -1 -1 0.00 105 338 146 351 -1 -1 -1 -1000 -1000 -1000 -10 -1.00032
Car -1 -1 0.00 957 272 989 312 -1 -1 -1 -1000 -1000 -1000 -10 -1.00286
