Car -1 -1 0.00 334 187 480 284 -1 -1 -1 -1000 -1000 -1000 -10 2.25585
Car -1 -1 0.00 558 177 593 210 -1 -1 -1 -1000 -1000 -1000 -10 1.09427
Car -1 -1 0.00 491 182 525 210 -1 -1 -1 -1000 -1000 -1000 -10 0.766941
Car -1 -1 0.00 294 181 323 198 -1 -1 -1 -1000 -1000 -1000 -10 -0.182617
Car -1 -1 0.00 1100 173 1143 185 -1 -1 -1 -1000 -1000 -1000 -10 -0.884151
Car -1 -1 0.00 344 186 474 275 -1 -1 -1 -1000 -1000 -1000 -10 -0.891547
Car -1 -1 0.00 294 181 331 198 -1 -1 -1 -1000 -1000 -1000 -10 -0.905807
Car -1 -1 0.00 377 -11 465 64 -1 -1 -1 -1000 -1000 -1000 -10 -0.959312
Car -1 -1 0.00 65 102 93 129 -1 -1 -1 -1000 -1000 -1000 -10 -0.980342
Car -1 -1 0.00 968 174 994 193 -1 -1 -1 -1000 -1000 -1000 -10 -1.01425
