Car -1 -1 0.00 642 170 668 188 -1 -1 -1 -1000 -1000 -1000 -10 1.29358
Car -1 -1 0.00 1197 193 1231 217 -1 -1 -1 -1000 -1000 -1000 -10 -0.890673
Car -1 -1 0.00 800 294 840 311 -1 -1 -1 -1000 -1000 -1000 -10 -0.945935
Car -1 -1 0.00 340 274 393 327 -1 -1 -1 -1000 -1000 -1000 -10 -0.951637
Car -1 -1 0.00 106 285 269 335 -1 -1 -1 -1000 -1000 -1000 -10 -0.960611
Car -1 -1 0.00 224 201 254 222 -1 -1 -1 -1000 -1000 -1000 -10 -0.963014
Car -1 -1 0.00 579 183 609 193 -1 -1 -1 -1000 -1000 -1000 -10 -0.967808
Car -1 -1 0.00 142 247 167 266 -1 -1 -1 -1000 -1000 -1000 -10 -0.97101
Car -1 -1 0.00 764 165 791 184 -1 -1 -1 -1000 -1000 -1000 -10 -0.976092
Car -1 -1 0.00 142 241 165 255 -1 -1 -1 -1000 -1000 -1000 -10 -0.978396
Car -1 -1 0.00 1067 7 1108 38 -1 -1 -1 -1000 -1000 -1000 -10 -0.987618
Car -1 -1 0.00 945 348 972 360 -1 -1 -1 -1000 -1000 -1000 -10 -1.01606
Car -1 -1 0.00 67 43 94 64 -1 -1 -1 -1000 -1000 -1000 -10 -1.02109
Car -1 -1 0.00 59 80 94 91 -1 -1 -1 -1000 -1000 -1000 -10 -1.02209
Car -1 -1 0.00 831 115 859 144 -1 -1 -1 -1000 -1000 -1000 -10 -1.02678
