Car -1 -1 0.00 493 295 555 318 -1 -1 -1 -1000 -1000 -1000 -10 -0.935157
Car -1 -1 0.00 443 302 488 317 -1 -1 -1 -1000 -1000 -1000 -10 -0.983775
Car -1 -1 0.00 508 207 536 239 -1 -1 -1 -1000 -1000 -1000 -10 -0.995338
Car -1 -1 0.00 577 220 627 274 -1 -1 -1 -1000 -1000 -1000 -10 -0.996171
Car -1 -1 0.00 502 80 532 113 -1 -1 -1 -1000 -1000 -1000 -10 -0.999759
Car -1 -1 0.00 987 -13 1017 15 -1 -1 -1 -1000 -1000 -1000 -10 -1.00017
Car -1 -1 0.00 588 331 617 357 -1 -1 -1 -1000 -1000 -1000 -10 -1.00485
Car -1 -1 0.00 571 232 595 260 -1 -1 -1 -1000 -1000 -1000 -10 -1.0059
Car -1 -1 0.00 1120 280 1200 315 -1 -1 -1 -1000 -1000 -1000 -10 -1.00851
Car -1 -1 0.00 874 224 1108 299 -1 -1 -1 -1000 -1000 -1000 -10 -1.01383
Car -1 -1 0.00 1189 326 1225 338 -1 -1 -1 -1000 -1000 -1000 -10 -1.01553
Car -1 -1 0.00 1109 326 1134 354 -1 -1 -1 -1000 -1000 -1000 -10 -1.02528
Car -1 -1 0.00 406 78 502 108 -1 -1 -1 -1000 -1000 -1000 -10 -1.02589
