Car -1 -1 0.00 517 189 577 226 -1 -1 -1 -1000 -1000 -1000 -10 1.97487
Car -1 -1 0.00 385 195 494 270 -1 -1 -1 -1000 -1000 -1000 -10 1.19511
Car -1 -1 0.00 604 180 630 203 -1 -1 -1 -1000 -1000 -1000 -10 -0.0241083
Car -1 -1 0.00 561 91 609 117 -1 -1 -1 -1000 -1000 -1000 -10 -0.898673
Car -1 -1 0.00 71 25 119 57 -1 -1 -1 -1000 -1000 -1000 -10 -0.898982
Car -1 -1 0.00 843 214 923 251 -1 -1 -1 -1000 -1000 -1000 -10 -0.931207
Car -1 -1 0.00 185 167 208 188 -1 -1 -1 -1000 -1000 -1000 -10 -0.95009
Car -1 -1 0.00 83 206 222 266 -1 -1 -1 -1000 -1000 -1000 -10 -0.956259
Car -1 -1 0.00 1042 293 1069 314 -1 -1 -1 -1000 -1000 -1000 -10 -0.967006
Car -1 -1 0.00 132 98 198 120 -1 -1 -1 -1000 -1000 -1000 -10 -0.96721
Car -1 -1 0.00 27 179 117 208 -1 -1 -1 -1000 -1000 -1000 -10 -0.975111
Car -1 -1 0.00 1186 323 1213 345 -1 -1 -1 -1000 -1000 -1000 -10 -0.975541
Car -1 -1 0.00 1060 3 1100 21 -1 -1 -1 -1000 -1000 -1000 -10 -0.981567
Car -1 -1 0.00 296 192 339 224 -1 -1 -1 -1000 -1000 -1000 -10 -0.999427
Car -1 -1 0.00 1009 241 1125 293 -1 -1 -1 -1000 -1000 -1000 -10 -1.01555
