Car -1 -1 0.00 192 183 337 240 -1 -1 -1 -1000 -1000 -1000 -10 0.404367
Car -1 -1 0.00 975 177 1126 221 -1 -1 -1 -1000 -1000 -1000 -10 0.14
Car -1 -1 0.00 601 174 782 227 -1 -1 -1 -1000 -1000 -1000 -10 -0.116725
Car -1 -1 0.00 166 184 191 205 -1 -1 -1 -1000 -1000 -1000 -10 -0.705424
Car -1 -1 0.00 825 124 853 147 -1 -1 -1 -1000 -1000 -1000 -10 -0.813734
Car -1 -1 0.00 191 305 233 316 -1 -1 -1 -1000 -1000 -1000 -10 -0.965115
Car -1 -1 0.00 1031 229 1058 248 -1 -1 -1 -1000 -1000 -1000 -10 -0.970771
Car -1 -1 0.00 637 356 673 364 -1 -1 -1 -1000 -1000 -1000 -10 -0.981783
Car -1 -1 0.00 650 316 695 325 -1 -1 -1 -1000 -1000 -1000 -10 -0.983338
Car -1 -1 0.00 639 123 666 152 -1 -1 -1 -1000 -1000 -1000 -10 -0.985027
Car -1 -1 0.00 614 22 657 71 -1 -1 -1 -1000 -1000 -1000 -10 -1.02421
Car -1 -1 0.00 324 298 365 311 -1 -1 -1 -1000 -1000 -1000 -10 -1.02639
Car -1 -1 0.00 1053 317 1076 331 -1 -1 -1 -1000 -1000 -1000 -10 -1.02734
