Car -1 -1 0.00 1178 229 1205 249 -1 -1 -1 -1000 -1000 -1000 -10 -0.812677
Car -1 -1 0.00 632 333 683 369 -1 -1 -1 -1000 -1000 -1000 -10 -0.923178
Car -1 -1 0.00 838 208 862 231 -1 -1 -1 -1000 -1000 -1000 -10 -0.938159
Car -1 -1 0.00 603 344 638 380 -1 -1 -1 -1000 -1000 -1000 -10 -0.956933
Car -1 -1 0.00 94 101 142 128 -1 -1 -1 -1000 -1000 -1000 -10 -0.959116
Car -1 -1 0.00 553 279 587 319 -1 -1 -1 -1000 -1000 -1000 -10 -0.967028
Car -1 -1 0.00 973 46 1098 73 -1 -1 -1 -1000 -1000 -1000 -10 -0.969231
Car -1 -1 0.00 442 169 470 183 -1 -1 -1 -1000 -1000 -1000 -10 -0.978629
Car -1 -1 0.00 681 92 705 111 -1 -1 -1 -1000 -1000 -1000 -10 -0.987435
Car -1 -1 0.00 529 266 558 300 -1 -1 -1 -1000 -1000 -1000 -10 -0.993185
Car -1 -1 0.00 405 251 458 286 -1 -1 -1 -1000 -1000 -1000 -10 -0.998349
Car -1 -1 0.00 1139 205 1183 246 -1 -1 -1 -1000 -1000 -1000 -10 -1.0028
Car -1 -1 0.00 735 142 764 166 -1 -1 -1 -1000 -1000 -1000 -10 -1.0159
Car -1 -1 0.00 167 10 226 38 -1 -1 -1 -1000 -1000 -1000 -10 -1.0291
