Car -1 -1 0.00 510 179 581 209 -1 -1 -1 -1000 -1000 -1000 -10 1.49694
Car -1 -1 0.00 798 171 911 249 -1 -1 -1 -1000 -1000 -1000 -10 1.43871
Car -1 -1 0.00 322 188 420 218 -1 -1 -1 -1000 -1000 -1000 -10 1.07427
Car -1 -1 0.00 628 171 660 196 -1 -1 -1 -1000 -1000 -1000 -10 0.689652
Car -1 -1 0.00 493 179 520 196 -1 -1 -1 -1000 -1000 -1000 -10 0.377787
Car -1 -1 0.00 443 182 482 204 -1 -1 -1 -1000 -1000 -1000 -10 -0.0343368
Car -1 -1 0.00 463 181 493 204 -1 -1 -1 -1000 -1000 -1000 -10 -0.45555
Car -1 -1 0.00 25 187 196 241 -1 -1 -1 -1000 -1000 -1000 -10 -0.631164
Car -1 -1 0.00 258 186 368 220 -1 -1 -1 -1000 -1000 -1000 -10 -0.749147
Car -1 -1 0.00 333 191 420 220 -1 -1 -1 -1000 -1000 -1000 -10 -0.775806
Car -1 -1 0.00 177 190 305 229 -1 -1 -1 -1000 -1000 -1000 -10 -0.790885
Car -1 -1 0.00 282 186 332 220 -1 -1 -1 -1000 -1000 -1000 -10 -0.891441
Car -1 -1 0.00 22 155 238 240 -1 -1 -1 -1000 -1000 -1000 -10 -0.961911
Car -1 -1 0.00 804 100 856 139 -1 -1 -1 -1000 -1000 -1000 -10 -1.01128
Car -1 -1 0.00 62 -37 164 54 -1 -1 -1 -1000 -1000 -1000 -10 -1.01818
Car -1 -1 0.00 11 136 41 166 -1 -1 -1 -1000 -1000 -1000 -10 -1.02316
