Car -1 -1 0.00 807 170 1240 322 -1 -1 -1 -1000 -1000 -1000 -10 0.341994
Car -1 -1 0.00 750 184 944 269 -1 -1 -1 -1000 -1000 -1000 -10 0.141673
Car -1 -1 0.00 571 172 618 192 -1 -1 -1 -1000 -1000 -1000 -10 -0.50855
Car -1 -1 0.00 621 181 681 216 -1 -1 -1 -1000 -1000 -1000 -10 -0.554242
Car -1 -1 0.00 771 184 957 240 -1 -1 -1 -1000 -1000 -1000 -10 -0.629091
Car -1 -1 0.00 547 147 580 171 -1 -1 -1 -1000 -1000 -1000 -10 -0.789996
Car -1 -1 0.00 628 178 687 217 -1 -1 -1 -1000 -1000 -1000 -10 -0.81999
Car -1 -1 0.00 623 70 650 95 -1 -1 -1 -1000 -1000 -1000 -10 -0.875917
Car -1 -1 0.00 1004 104 1030 116 -1 -1 -1 -1000 -1000 -1000 -10 -0.929464
Car -1 -1 0.00 628 179 716 214 -1 -1 -1 -1000 -1000 -1000 -10 -0.948022
Car -1 -1 0.00 536 62 627 160 -1 -1 -1 -1000 -1000 -1000 -10 -0.982463
Car -1 -1 0.00 470 -2 539 18 -1 -1 -1 -1000 -1000 -1000 -10 -1.01075
Car -1 -1 0.00 711 357 745 372 -1 -1 -1 -1000 -1000 -1000 -10 -1.01377
Car -1 -1 0.00 694 -9 783 18 -1 -1 -1 -1000 -1000 -1000 -10 -1.01761
Car -1 -1 0.00 1183 73 1208 102 -1 -1 -1 -1000 -1000 -1000 -10 -1.02337
Car -1 -1 0.00 673 80 702 114 -1 -1 -1 -1000 -1000 -1000 -10 -1.02824
