Car -1 -1 0.00 1022 91 1133 123 -1 -1 -1 -1000 -1000 -1000 -10 -0.760453
Car -1 -1 0.00 123 82 155 98 -1 -1 -1 -1000 -1000 -1000 -10 -0.81082
Car -1 -1 0.00 948 333 1048 369 -1 -1 -1 -1000 -1000 -1000 -10 -0.814936
Car -1 -1 0.00 440 63 473 77 -1 -1 -1 -1000 -1000 -1000 -10 -0.916239
Car -1 -1 0.00 673 229 702 253 -1 -1 -1 -1000 -1000 -1000 -10 -0.935688
Car -1 -1 0.00 121 90 184 121 -1 -1 -1 -1000 -1000 -1000 -10 -0.950438
Car -1 -1 0.00 548 293 591 340 -1 -1 -1 -1000 -1000 -1000 -10 -1.01266
Car -1 -1 0.00 90 320 116 348 -1 -1 -1 -1000 -1000 -1000 -10 -1.0139
Car -1 -1 0.00 1139 206 1183 245 -1 -1 -1 -1000 -1000 -1000 -10 -1.01661
Car -1 -1 0.00 870 92 910 108 -1 -1 -1 -1000 -1000 -1000 -10 -1.02094
Car -1 -1 0.00 545 302 599 362 -1 -1 -1 -1000 -1000 -1000 -10 -1.02543
Car -1 -1 0.00 582 272 629 326 -1 -1 -1 -1000 -1000 -1000 -10 -1.02735
