Car -1 -1 0.00 249 183 301 217 -1 -1 -1 -1000 -1000 -1000 -10 0.00793561
Car -1 -1 0.00 220 184 271 215 -1 -1 -1 -1000 -1000 -1000 -10 -0.208163
Car -1 -1 0.00 155 179 184 206 -1 -1 -1 -1000 -1000 -1000 -10 -0.332043
Car -1 -1 0.00 219 183 300 217 -1 -1 -1 -1000 -1000 -1000 -10 -0.659231
Car -1 -1 0.00 323 186 485 234 -1 -1 -1 -1000 -1000 -1000 -10 -0.674508
Car -1 -1 0.00 402 285 433 299 -1 -1 -1 -1000 -1000 -1000 -10 -0.955389
Car -1 -1 0.00 130 181 186 205 -1 -1 -1 -1000 -1000 -1000 -10 -0.993298
Car -1 -1 0.00 372 190 481 238 -1 -1 -1 -1000 -1000 -1000 -10 -0.999678
Car -1 -1 0.00 635 352 659 363 -1 -1 -1 -1000 -1000 -1000 -10 -1.00983
Car -1 -1 0.00 462 359 488 371 -1 -1 -1 -1000 -1000 -1000 -10 -1.01069
Car -1 -1 0.00 542 296 569 308 -1 -1 -1 -1000 -1000 -1000 -10 -1.01757
Car -1 -1 0.00 505 321 529 333 -1 -1 -1 -1000 -1000 -1000 -10 -1.02028
Car -1 -1 0.00 428 341 454 353 -1 -1 -1 -1000 -1000 -1000 -10 -1.02193
Car -1 -1 0.00 856 107 884 122 -1 -1 -1 -1000 -1000 -1000 -10 -1.02716
