Car -1 -1 0.00 277 177 490 254 -1 -1 -1 -1000 -1000 -1000 -10 1.8725
Car -1 -1 0.00 619 175 655 200 -1 -1 -1 -1000 -1000 -1000 -10 0.950324
Car -1 -1 0.00 661 165 738 231 -1 -1 -1 -1000 -1000 -1000 -10 0.554999
Car -1 -1 0.00 405 179 519 225 -1 -1 -1 -1000 -1000 -1000 -10 0.386006
Car -1 -1 0.00 795 198 825 228 -1 -1 -1 -1000 -1000 -1000 -10 -0.623713
Car -1 -1 0.00 61 207 203 259 -1 -1 -1 -1000 -1000 -1000 -10 -0.656731
Car -1 -1 0.00 822 266 980 334 -1 -1 -1 -1000 -1000 -1000 -10 -0.676595
Car -1 -1 0.00 600 173 653 200 -1 -1 -1 -1000 -1000 -1000 -10 -0.678601
Car -1 -1 0.00 665 186 731 230 -1 -1 -1 -1000 -1000 -1000 -10 -0.773438
Car -1 -1 0.00 1006 345 1038 359 -1 -1 -1 -1000 -1000 -1000 -10 -0.922102
Car -1 -1 0.00 868 176 910 193 -1 -1 -1 -1000 -1000 -1000 -10 -0.974321
Car -1 -1 0.00 562 348 598 373 -1 -1 -1 -1000 -1000 -1000 -10 -0.982403
Car -1 -1 0.00 1125 105 1171 128 -1 -1 -1 -1000 -1000 -1000 -10 -0.991163
Car -1 -1 0.00 125 -4 176 60 -1 -1 -1 -1000 -1000 -1000 -10 -0.993668
Car -1 -1 0.00 21 63 49 79 -1 -1 -1 -1000 -1000 -1000 -10 -1.00092
Car -1 -1 0.00 1148 63 1188 94 -1 -1 -1 -1000 -1000 -1000 -10 -1.01398
Car -1 -1 0.00 1000 342 1041 357 -1 -1 -1 -1000 -1000 -1000 -10 -1.01579
Car -1 -1 0.00 296 17 323 48 -1 -1 -1 -1000 -1000 -1000 -10 -1.02694
