Car -1 -1 0.00 478 174 540 201 -1 -1 -1 -1000 -1000 -1000 -10 2.28816
Car -1 -1 0.00 295 182 430 279 -1 -1 -1 -1000 -1000 -1000 -10 1.73476
Car -1 -1 0.00 52 193 130 222 -1 -1 -1 -1000 -1000 -1000 -10 0.230289
Car -1 -1 0.00 115 186 221 219 -1 -1 -1 -1000 -1000 -1000 -10 -0.429784
Car -1 -1 0.00 55 194 109 224 -1 -1 -1 -1000 -1000 -1000 -10 -0.858779
Car -1 -1 0.00 855 104 881 129 -1 -1 -1 -1000 -1000 -1000 -10 -0.892511
Car -1 -1 0.00 845 114 1058 213 -1 -1 -1 -1000 -1000 -1000 -10 -0.903757
Car -1 -1 0.00 356 14 402 55 -1 -1 -1 -1000 -1000 -1000 -10 -0.913443
Car -1 -1 0.00 655 174 703 194 -1 -1 -1 -1000 -1000 -1000 -10 -0.939217
Car -1 -1 0.00 996 32 1069 79 -1 -1 -1 -1000 -1000 -1000 -10 -0.95782
Car -1 -1 0.00 10 189 70 238 -1 -1 -1 -1000 -1000 -1000 -10 -0.968343
Car -1 -1 0.00 167 203 214 224 -1 -1 -1 -1000 -1000 -1000 -10 -0.986823
