Car -1 -1 0.00 772 186 897 277 -1 -1 -1 -1000 -1000 -1000 -10 0.637624
Car -1 -1 0.00 183 83 212 106 -1 -1 -1 -1000 -1000 -1000 -10 -0.80271
Car -1 -1 0.00 524 -2 594 19 -1 -1 -1 -1000 -1000 -1000 -10 -0.952643
Car -1 -1 0.00 1214 66 1239 96 -1 -1 -1 -1000 -1000 -1000 -10 -0.960913
Car -1 -1 0.00 1153 174 1177 201 -1 -1 -1 -1000 -1000 -1000 -10 -0.978081
Car -1 -1 0.00 562 -2 626 18 -1 -1 -1 -1000 -1000 -1000 -10 -0.9788
Car -1 -1 0.00 1076 220 1115 237 -1 -1 -1 -1000 -1000 -1000 -10 -0.981268
Car -1 -1 0.00 624 -2 688 18 -1 -1 -1 -1000 -1000 -1000 -10 -0.992328
Car -1 -1 0.00 801 -2 863 18 -1 -1 -1 -1000 -1000 -1000 -10 -0.992986
Car -1 -1 0.00 683 -2 747 17 -1 -1 -1 -1000 -1000 -1000 -10 -0.997068
Car -1 -1 0.00 1031 277 1137 323 -1 -1 -1 -1000 -1000 -1000 -10 -1.00168
Car -1 -1 0.00 1067 225 1111 239 -1 -1 -1 -1000 -1000 -1000 -10 -1.00653
Car -1 -1 0.00 656 -2 719 18 -1 -1 -1 -1000 -1000 -1000 -10 -1.00948
Car -1 -1 0.00 660 -3 768 32 -1 -1 -1 -1000 -1000 -1000 -10 -1.01248
Car -1 -1 0.00 1109 196 1150 242 -1 -1 -1 -1000 -1000 -1000 -10 -1.01457
Car -1 -1 0.00 604 -2 668 18 -1 -1 -1 -1000 -1000 -1000 -10 -1.02166
Car -1 -1 0.00 570 -3 686 33 -1 -1 -1 -1000 -1000 -1000 -10 -1.02503
Car -1 -1 0.00 718 -2 781 18 -1 -1 -1 -1000 -1000 -1000 -10 -1.02526
Car -1 -1 0.00 1153 12 1298 77 -1 -1 -1 -1000 -1000 -1000 -10 -1.02971
