Car -1 -1 0.00 588 183 614 209 -1 -1 -1 -1000 -1000 -1000 -10 0.413366
Car -1 -1 0.00 791 20 819 43 -1 -1 -1 -1000 -1000 -1000 -10 -0.728819
Car -1 -1 0.00 97 233 151 283 -1 -1 -1 -1000 -1000 -1000 -10 -0.992041
Car -1 -1 0.00 639 184 751 218 -1 -1 -1 -1000 -1000 -1000 -10 -0.996449
Car -1 -1 0.00 252 78 294 90 -1 -1 -1 -1000 -1000 -1000 -10 -0.999448
Car -1 -1 0.00 737 360 762 371 -1 -1 -1 -1000 -1000 -1000 -10 -1.00235
Car -1 -1 0.00 277 67 310 82 -1 -1 -1 -1000 -1000 -1000 -10 -1.00593
Car -1 -1 0.00 304 66 380 92 -1 -1 -1 -1000 -1000 -1000 -10 -1.011
Car -1 -1 0.00 519 118 556 155 -1 -1 -1 -1000 -1000 -1000 -10 -1.01432
Car -1 -1 0.00 385 -2 410 26 -1 -1 -1 -1000 -1000 -1000 -10 -1.0176
