Car -1 -1 0.00 288 184 339 212 -1 -1 -1 -1000 -1000 -1000 -10 1.634
Car -1 -1 0.00 616 182 649 205 -1 -1 -1 -1000 -1000 -1000 -10 1.16393
Car -1 -1 0.00 677 188 778 256 -1 -1 -1 -1000 -1000 -1000 -10 1.0835
Car -1 -1 0.00 716 185 898 299 -1 -1 -1 -1000 -1000 -1000 -10 0.977255
Car -1 -1 0.00 652 178 722 237 -1 -1 -1 -1000 -1000 -1000 -10 0.813398
Car -1 -1 0.00 407 182 443 198 -1 -1 -1 -1000 -1000 -1000 -10 -0.406692
Car -1 -1 0.00 60 89 96 117 -1 -1 -1 -1000 -1000 -1000 -10 -0.736067
Car -1 -1 0.00 362 209 488 309 -1 -1 -1 -1000 -1000 -1000 -10 -1.00694
Car -1 -1 0.00 632 52 673 66 -1 -1 -1 -1000 -1000 -1000 -10 -1.01623
Car -1 -1 0.00 381 77 438 99 -1 -1 -1 -1000 -1000 -1000 -10 -1.01842
Car -1 -1 0.00 715 242 758 277 -1 -1 -1 -1000 -1000 -1000 -10 -1.02127
Car -1 -1 0.00 1220 374 1257 385 -1 -1 -1 -1000 -1000 -1000 -10 -1.02141
Car -1 -1 0.00 1018 125 1044 147 -1 -1 -1 -1000 -1000 -1000 -10 -1.02237
Car -1 -1 0.00 113 110 143 124 -1 -1 -1 -1000 -1000 -1000 -10 -1.0253
