Car -1 -1 0.00 674 176 766 243 -1 -1 -1 -1000 -1000 -1000 -10 1.40976
Car -1 -1 0.00 742 181 1008 366 -1 -1 -1 -1000 -1000 -1000 -10 1.0886
Car -1 -1 0.00 578 177 614 211 -1 -1 -1 -1000 -1000 -1000 -10 0.856581
Car -1 -1 0.00 449 184 513 212 -1 -1 -1 -1000 -1000 -1000 -10 0.512183
Car -1 -1 0.00 652 181 711 230 -1 -1 -1 -1000 -1000 -1000 -10 0.21377
Car -1 -1 0.00 403 190 486 224 -1 -1 -1 -1000 -1000 -1000 -10 -0.490063
Car -1 -1 0.00 507 178 541 203 -1 -1 -1 -1000 -1000 -1000 -10 -0.696714
Car -1 -1 0.00 734 188 862 282 -1 -1 -1 -1000 -1000 -1000 -10 -0.757157
Car -1 -1 0.00 10 86 42 100 -1 -1 -1 -1000 -1000 -1000 -10 -0.959091
Car -1 -1 0.00 1008 89 1055 133 -1 -1 -1 -1000 -1000 -1000 -10 -0.966166
Car -1 -1 0.00 467 185 520 208 -1 -1 -1 -1000 -1000 -1000 -10 -0.983622
Car -1 -1 0.00 740 310 793 366 -1 -1 -1 -1000 -1000 -1000 -10 -1.00737
Car -1 -1 0.00 989 121 1020 151 -1 -1 -1 -1000 -1000 -1000 -10 -1.0101
Car -1 -1 0.00 616 115 657 159 -1 -1 -1 -1000 -1000 -1000 -10 -1.01528
Car -1 -1 0.00 245 129 277 154 -1 -1 -1 -1000 -1000 -1000 -10 -1.0156
