Car -1 -1 0.00 662 187 1008 333 -1 -1 -1 -1000 -1000 -1000 -10 1.11512
Car -1 -1 0.00 -1 196 176 364 -1 -1 -1 -1000 -1000 -1000 -10 0.331897
Car -1 -1 0.00 195 178 259 223 -1 -1 -1 -1000 -1000 -1000 -10 -0.104196
Car -1 -1 0.00 392 172 541 234 -1 -1 -1 -1000 -1000 -1000 -10 -0.373155
Car -1 -1 0.00 336 175 392 197 -1 -1 -1 -1000 -1000 -1000 -10 -0.445652
Car -1 -1 0.00 255 178 296 199 -1 -1 -1 -1000 -1000 -1000 -10 -0.623034
Car -1 -1 0.00 294 176 332 187 -1 -1 -1 -1000 -1000 -1000 -10 -0.855531
Car -1 -1 0.00 215 178 257 221 -1 -1 -1 -1000 -1000 -1000 -10 -0.855658
Car -1 -1 0.00 230 175 274 209 -1 -1 -1 -1000 -1000 -1000 -10 -0.8689
Car -1 -1 0.00 1113 178 1168 236 -1 -1 -1 -1000 -1000 -1000 -10 -0.904237
Car -1 -1 0.00 998 127 1033 141 -1 -1 -1 -1000 -1000 -1000 -10 -0.991288
Car -1 -1 0.00 928 27 980 81 -1 -1 -1 -1000 -1000 -1000 -10 -1.01723
Car -1 -1 0.00 368 172 447 209 -1 -1 -1 -1000 -1000 -1000 -10 -1.01823
Car -1 -1 0.00 566 50 638 73 -1 -1 -1 -1000 -1000 -1000 -10 -1.02763
