Car -1 -1 0.00 546 191 829 308 -1 -1 -1 -1000 -1000 -1000 -10 1.88437
Car -1 -1 0.00 216 179 273 201 -1 -1 -1 -1000 -1000 -1000 -10 -0.244317
Car -1 -1 0.00 76 181 139 226 -1 -1 -1 -1000 -1000 -1000 -10 -0.338455
Car -1 -1 0.00 262 171 380 225 -1 -1 -1 -1000 -1000 -1000 -10 -0.387263
Car -1 -1 0.00 127 181 170 203 -1 -1 -1 -1000 -1000 -1000 -10 -0.655737
Car -1 -1 0.00 274 168 440 235 -1 -1 -1 -1000 -1000 -1000 -10 -0.920237
Car -1 -1 0.00 299 40 327 74 -1 -1 -1 -1000 -1000 -1000 -10 -0.968896
Car -1 -1 0.00 520 189 550 221 -1 -1 -1 -1000 -1000 -1000 -10 -1.00166
Car -1 -1 0.00 461 286 503 300 -1 -1 -1 -1000 -1000 -1000 -10 -1.00858
Car -1 -1 0.00 255 84 279 107 -1 -1 -1 -1000 -1000 -1000 -10 -1.02943
