Car -1 -1 0.00 359 183 460 246 -1 -1 -1 -1000 -1000 -1000 -10 1.1918
Car -1 -1 0.00 30 192 223 284 -1 -1 -1 -1000 -1000 -1000 -10 0.445219
Car -1 -1 0.00 15 44 41 74 -1 -1 -1 -1000 -1000 -1000 -10 -0.885847
Car -1 -1 0.00 8 -5 146 106 -1 -1 -1 -1000 -1000 -1000 -10 -0.914912
Car -1 -1 0.00 970 149 999 175 -1 -1 -1 -1000 -1000 -1000 -10 -0.92731
Car -1 -1 0.00 1009 306 1039 319 -1 -1 -1 -1000 -1000 -1000 -10 -0.966961
Car -1 -1 0.00 182 113 208 141 -1 -1 -1 -1000 -1000 -1000 -10 -0.97863
Car -1 -1 0.00 1008 257 1030 270 -1 -1 -1 -1000 -1000 -1000 -10 -0.984636
Car -1 -1 0.00 29 232 145 285 -1 -1 -1 -1000 -1000 -1000 -10 -0.984819
Car -1 -1 0.00 1167 187 1195 207 -1 -1 -1 -1000 -1000 -1000 -10 -1.01168
Car -1 -1 0.00 1061 186 1088 204 -1 -1 -1 -1000 -1000 -1000 -10 -1.01695
Car -1 -1 0.00 797 159 830 196 -1 -1 -1 -1000 -1000 -1000 -10 -1.02099
