Car -1 -1 0.00 1179 229 1205 248 -1 -1 -1 -1000 -1000 -1000 -10 -0.818219
Car -1 -1 0.00 943 335 1041 369 -1 -1 -1 -1000 -1000 -1000 -10 -0.832441
Car -1 -1 0.00 250 123 305 151 -1 -1 -1 -1000 -1000 -1000 -10 -0.989193
Car -1 -1 0.00 442 169 470 183 -1 -1 -1 -1000 -1000 -1000 -10 -0.98929
Car -1 -1 0.00 603 344 638 380 -1 -1 -1 -1000 -1000 -1000 -10 -0.993202
Car -1 -1 0.00 368 311 395 323 -1 -1 -1 -1000 -1000 -1000 -10 -1.00286
Car -1 -1 0.00 866 10 897 34 -1 -1 -1 -1000 -1000 -1000 -10 -1.01473
Car -1 -1 0.00 326 21 367 34 -1 -1 -1 -1000 -1000 -1000 -10 -1.01746
Car -1 -1 0.00 553 278 587 318 -1 -1 -1 -1000 -1000 -1000 -10 -1.0207
Car -1 -1 0.00 166 10 227 38 -1 -1 -1 -1000 -1000 -1000 -10 -1.0265
