Car -1 -1 0.00 430 185 475 214 -1 -1 -1 -1000 -1000 -1000 -10 1.63307
Car -1 -1 0.00 339 187 376 205 -1 -1 -1 -1000 -1000 -1000 -10 0.421274
Car -1 -1 0.00 180 182 285 250 -1 -1 -1 -1000 -1000 -1000 -10 0.0564323
Car -1 -1 0.00 164 178 325 250 -1 -1 -1 -1000 -1000 -1000 -10 -0.0178572
Car -1 -1 0.00 160 198 208 223 -1 -1 -1 -1000 -1000 -1000 -10 -0.879083
Car -1 -1 0.00 327 189 357 206 -1 -1 -1 -1000 -1000 -1000 -10 -0.879754
Car -1 -1 0.00 -45 203 83 241 -1 -1 -1 -1000 -1000 -1000 -10 -0.911234
Car -1 -1 0.00 1014 149 1040 170 -1 -1 -1 -1000 -1000 -1000 -10 -0.930325
Car -1 -1 0.00 336 182 373 204 -1 -1 -1 -1000 -1000 -1000 -10 -0.935483
Car -1 -1 0.00 1018 62 1050 87 -1 -1 -1 -1000 -1000 -1000 -10 -0.982471
Car -1 -1 0.00 160 196 186 222 -1 -1 -1 -1000 -1000 -1000 -10 -1.01041
Car -1 -1 0.00 671 188 706 201 -1 -1 -1 -1000 -1000 -1000 -10 -1.02099
