Car -1 -1 0.00 702 176 821 255 -1 -1 -1 -1000 -1000 -1000 -10 1.46041
Car -1 -1 0.00 609 173 643 206 -1 -1 -1 -1000 -1000 -1000 -10 1.05783
Car -1 -1 0.00 822 145 1195 374 -1 -1 -1 -1000 -1000 -1000 -10 0.62277
Car -1 -1 0.00 161 190 404 285 -1 -1 -1 -1000 -1000 -1000 -10 0.255746
Car -1 -1 0.00 85 196 354 289 -1 -1 -1 -1000 -1000 -1000 -10 -0.00351036
Car -1 -1 0.00 688 178 754 228 -1 -1 -1 -1000 -1000 -1000 -10 -0.486658
Car -1 -1 0.00 511 177 553 196 -1 -1 -1 -1000 -1000 -1000 -10 -0.579052
Car -1 -1 0.00 353 187 466 234 -1 -1 -1 -1000 -1000 -1000 -10 -0.600216
Car -1 -1 0.00 530 176 566 192 -1 -1 -1 -1000 -1000 -1000 -10 -0.906874
Car -1 -1 0.00 425 177 491 229 -1 -1 -1 -1000 -1000 -1000 -10 -0.929107
Car -1 -1 0.00 528 177 554 200 -1 -1 -1 -1000 -1000 -1000 -10 -0.936394
Car -1 -1 0.00 689 178 820 254 -1 -1 -1 -1000 -1000 -1000 -10 -0.938807
Car -1 -1 0.00 418 348 452 359 -1 -1 -1 -1000 -1000 -1000 -10 -0.982979
Car -1 -1 0.00 303 190 415 255 -1 -1 -1 -1000 -1000 -1000 -10 -0.987485
Car -1 -1 0.00 1227 107 1261 132 -1 -1 -1 -1000 -1000 -1000 -10 -0.988076
Car -1 -1 0.00 485 175 553 202 -1 -1 -1 -1000 -1000 -1000 -10 -0.989525
Car -1 -1 0.00 768 86 801 128 -1 -1 -1 -1000 -1000 -1000 -10 -0.992389
Car -1 -1 0.00 414 327 489 352 -1 -1 -1 -1000 -1000 -1000 -10 -1.0068
Car -1 -1 0.00 438 300 481 313 -1 -1 -1 -1000 -1000 -1000 -10 -1.02036
Car -1 -1 0.00 579 314 615 325 -1 -1 -1 -1000 -1000 -1000 -10 -1.0223
Car -1 -1 0.00 396 343 438 357 -1 -1 -1 -1000 -1000 -1000 -10 -1.02562
Car -1 -1 0.00 424 324 467 337 -1 -1 -1 -1000 -1000 -1000 -10 -1.02666
Car -1 -1 0.00 16 -46 110 36 -1 -1 -1 -1000 -1000 -1000 -10 -1.02741
