Car -1 -1 0.00 423 170 500 225 -1 -1 -1 -1000 -1000 -1000 -10 1.73089
Car -1 -1 0.00 277 179 416 270 -1 -1 -1 -1000 -1000 -1000 -10 1.16183
Car -1 -1 0.00 473 175 523 213 -1 -1 -1 -1000 -1000 -1000 -10 0.97166
Car -1 -1 0.00 840 195 925 223 -1 -1 -1 -1000 -1000 -1000 -10 -0.892536
Car -1 -1 0.00 850 17 875 43 -1 -1 -1 -1000 -1000 -1000 -10 -0.944729
Car -1 -1 0.00 707 169 736 196 -1 -1 -1 -1000 -1000 -1000 -10 -0.949382
Car -1 -1 0.00 471 274 583 309 -1 -1 -1 -1000 -1000 -1000 -10 -0.966913
Car -1 -1 0.00 1182 123 1210 150 -1 -1 -1 -1000 -1000 -1000 -10 -0.975707
Car -1 -1 0.00 414 292 439 303 -1 -1 -1 -1000 -1000 -1000 -10 -1.00258
Car -1 -1 0.00 638 175 685 209 -1 -1 -1 -1000 -1000 -1000 -10 -1.00259
Car -1 -1 0.00 736 110 772 124 -1 -1 -1 -1000 -1000 -1000 -10 -1.0151
Car -1 -1 0.00 850 331 940 361 -1 -1 -1 -1000 -1000 -1000 -10 -1.01539
Car -1 -1 0.00 707 171 786 193 -1 -1 -1 -1000 -1000 -1000 -10 -1.0263
Car -1 -1 0.00 1075 207 1105 236 -1 -1 -1 -1000 -1000 -1000 -10 -1.02674
