Car -1 -1 0.00 301 187 485 304 -1 -1 -1 -1000 -1000 -1000 -10 1.75377
Car -1 -1 0.00 418 166 531 249 -1 -1 -1 -1000 -1000 -1000 -10 1.3934
Car -1 -1 0.00 690 172 760 220 -1 -1 -1 -1000 -1000 -1000 -10 1.38046
Car -1 -1 0.00 654 178 683 197 -1 -1 -1 -1000 -1000 -1000 -10 0.47557
Car -1 -1 0.00 493 177 554 225 -1 -1 -1 -1000 -1000 -1000 -10 0.0290348
Car -1 -1 0.00 304 171 361 199 -1 -1 -1 -1000 -1000 -1000 -10 -0.253919
Car -1 -1 0.00 543 171 579 202 -1 -1 -1 -1000 -1000 -1000 -10 -0.304235
Car -1 -1 0.00 795 190 997 305 -1 -1 -1 -1000 -1000 -1000 -10 -0.405254
Car -1 -1 0.00 356 172 398 192 -1 -1 -1 -1000 -1000 -1000 -10 -0.552445
Car -1 -1 0.00 959 181 1098 244 -1 -1 -1 -1000 -1000 -1000 -10 -0.68525
Car -1 -1 0.00 946 200 1216 374 -1 -1 -1 -1000 -1000 -1000 -10 -0.835831
Car -1 -1 0.00 413 171 454 194 -1 -1 -1 -1000 -1000 -1000 -10 -0.926773
Car -1 -1 0.00 8 360 48 374 -1 -1 -1 -1000 -1000 -1000 -10 -0.987437
Car -1 -1 0.00 732 310 758 321 -1 -1 -1 -1000 -1000 -1000 -10 -0.993881
Car -1 -1 0.00 464 348 501 374 -1 -1 -1 -1000 -1000 -1000 -10 -1.00187
Car -1 -1 0.00 964 115 994 145 -1 -1 -1 -1000 -1000 -1000 -10 -1.02307
