Car -1 -1 0.00 736 188 859 268 -1 -1 -1 -1000 -1000 -1000 -10 1.56374
Car -1 -1 0.00 795 183 1066 339 -1 -1 -1 -1000 -1000 -1000 -10 1.50687
Car -1 -1 0.00 603 174 630 199 -1 -1 -1 -1000 -1000 -1000 -10 1.04282
Car -1 -1 0.00 650 178 674 197 -1 -1 -1 -1000 -1000 -1000 -10 0.973746
Car -1 -1 0.00 495 172 519 190 -1 -1 -1 -1000 -1000 -1000 -10 -0.502385
Car -1 -1 0.00 560 201 590 224 -1 -1 -1 -1000 -1000 -1000 -10 -0.915785
Car -1 -1 0.00 665 259 700 290 -1 -1 -1 -1000 -1000 -1000 -10 -0.934978
Car -1 -1 0.00 1082 321 1118 349 -1 -1 -1 -1000 -1000 -1000 -10 -0.992887
Car -1 -1 0.00 1076 56 1107 80 -1 -1 -1 -1000 -1000 -1000 -10 -1.00881
Car -1 -1 0.00 467 263 492 290 -1 -1 -1 -1000 -1000 -1000 -10 -1.02086
Car -1 -1 0.00 298 310 329 323 -1 -1 -1 -1000 -1000 -1000 -10 -1.02514
