Car -1 -1 0.00 52 204 228 263 -1 -1 -1 -1000 -1000 -1000 -10 0.466824
Car -1 -1 0.00 629 155 687 175 -1 -1 -1 -1000 -1000 -1000 -10 0.115116
Car -1 -1 0.00 577 159 607 177 -1 -1 -1 -1000 -1000 -1000 -10 -0.709968
Car -1 -1 0.00 205 243 251 256 -1 -1 -1 -1000 -1000 -1000 -10 -0.847686
Car -1 -1 0.00 1103 148 1127 166 -1 -1 -1 -1000 -1000 -1000 -10 -0.884766
Car -1 -1 0.00 918 176 1016 217 -1 -1 -1 -1000 -1000 -1000 -10 -0.925063
Car -1 -1 0.00 545 179 577 193 -1 -1 -1 -1000 -1000 -1000 -10 -0.932854
Car -1 -1 0.00 147 358 191 391 -1 -1 -1 -1000 -1000 -1000 -10 -0.990211
Car -1 -1 0.00 1014 86 1040 112 -1 -1 -1 -1000 -1000 -1000 -10 -1.01094
Car -1 -1 0.00 135 359 181 391 -1 -1 -1 -1000 -1000 -1000 -10 -1.02723
