Car -1 -1 0.00 309 171 411 238 -1 -1 -1 -1000 -1000 -1000 -10 1.16951
Car -1 -1 0.00 398 179 463 213 -1 -1 -1 -1000 -1000 -1000 -10 0.621
Car -1 -1 0.00 477 174 510 196 -1 -1 -1 -1000 -1000 -1000 -10 0.568985
Car -1 -1 0.00 1092 158 1238 222 -1 -1 -1 -1000 -1000 -1000 -10 0.292218
Car -1 -1 0.00 63 216 94 240 -1 -1 -1 -1000 -1000 -1000 -10 -0.694318
Car -1 -1 0.00 129 167 363 376 -1 -1 -1 -1000 -1000 -1000 -10 -0.82241
Car -1 -1 0.00 778 115 809 129 -1 -1 -1 -1000 -1000 -1000 -10 -0.88639
Car -1 -1 0.00 1057 152 1239 214 -1 -1 -1 -1000 -1000 -1000 -10 -0.916266
Car -1 -1 0.00 981 348 1010 373 -1 -1 -1 -1000 -1000 -1000 -10 -0.958229
Car -1 -1 0.00 772 21 838 92 -1 -1 -1 -1000 -1000 -1000 -10 -0.973769
Car -1 -1 0.00 777 211 868 240 -1 -1 -1 -1000 -1000 -1000 -10 -0.990185
Car -1 -1 0.00 1167 7 1193 22 -1 -1 -1 -1000 -1000 -1000 -10 -1.02627
