Car -1 -1 0.00 605 176 648 212 -1 -1 -1 -1000 -1000 -1000 -10 1.63582
Car -1 -1 0.00 450 182 532 234 -1 -1 -1 -1000 -1000 -1000 -10 1.33906
Car -1 -1 0.00 581 170 606 190 -1 -1 -1 -1000 -1000 -1000 -10 1.22299
Car -1 -1 0.00 319 175 346 198 -1 -1 -1 -1000 -1000 -1000 -10 -0.907315
Car -1 -1 0.00 526 -13 557 14 -1 -1 -1 -1000 -1000 -1000 -10 -0.953352
Car -1 -1 0.00 436 363 466 387 -1 -1 -1 -1000 -1000 -1000 -10 -0.9656
Car -1 -1 0.00 278 225 304 250 -1 -1 -1 -1000 -1000 -1000 -10 -0.977789
Car -1 -1 0.00 -18 169 22 225 -1 -1 -1 -1000 -1000 -1000 -10 -0.984349
Car -1 -1 0.00 65 70 102 106 -1 -1 -1 -1000 -1000 -1000 -10 -1.00894
Car -1 -1 0.00 -20 156 21 212 -1 -1 -1 -1000 -1000 -1000 -10 -1.0191
Car -1 -1 0.00 1188 78 1222 89 -1 -1 -1 -1000 -1000 -1000 -10 -1.02559
Car -1 -1 0.00 1104 102 1138 113 -1 -1 -1 -1000 -1000 -1000 -10 -1.02735
Car -1 -1 0.00 1191 84 1226 95 -1 -1 -1 -1000 -1000 -1000 -10 -1.0286
Car -1 -1 0.00 1186 28 1220 39 -1 -1 -1 -1000 -1000 -1000 -10 -1.02938
Car -1 -1 0.00 1121 38 1158 49 -1 -1 -1 -1000 -1000 -1000 -10 -1.02943
