Car -1 -1 0.00 572 177 599 204 -1 -1 -1 -1000 -1000 -1000 -10 1.17162
Car -1 -1 0.00 711 183 819 256 -1 -1 -1 -1000 -1000 -1000 -10 1.1624
Car -1 -1 0.00 649 181 697 216 -1 -1 -1 -1000 -1000 -1000 -10 0.935174
Car -1 -1 0.00 755 196 984 310 -1 -1 -1 -1000 -1000 -1000 -10 0.53381
Car -1 -1 0.00 677 180 759 234 -1 -1 -1 -1000 -1000 -1000 -10 0.193008
Car -1 -1 0.00 669 182 723 225 -1 -1 -1 -1000 -1000 -1000 -10 -0.664645
Car -1 -1 0.00 633 178 675 214 -1 -1 -1 -1000 -1000 -1000 -10 -0.712417
Car -1 -1 0.00 1209 79 1242 95 -1 -1 -1 -1000 -1000 -1000 -10 -0.948397
Car -1 -1 0.00 1177 358 1213 369 -1 -1 -1 -1000 -1000 -1000 -10 -0.974611
Car -1 -1 0.00 787 201 837 227 -1 -1 -1 -1000 -1000 -1000 -10 -0.992629
Car -1 -1 0.00 334 49 364 85 -1 -1 -1 -1000 -1000 -1000 -10 -0.997297
Car -1 -1 0.00 1117 346 1163 364 -1 -1 -1 -1000 -1000 -1000 -10 -1.01413
Car -1 -1 0.00 946 128 1014 159 -1 -1 -1 -1000 -1000 -1000 -10 -1.01546
Car -1 -1 0.00 1171 34 1214 54 -1 -1 -1 -1000 -1000 -1000 -10 -1.02275
Car -1 -1 0.00 1002 37 1029 59 -1 -1 -1 -1000 -1000 -1000 -10 -1.02517
