Car -1 -1 0.00 541 188 601 232 -1 -1 -1 -1000 -1000 -1000 -10 1.09514
Car -1 -1 0.00 678 184 709 201 -1 -1 -1 -1000 -1000 -1000 -10 0.540579
Car -1 -1 0.00 764 180 835 205 -1 -1 -1 -1000 -1000 -1000 -10 -0.646945
Car -1 -1 0.00 640 139 725 168 -1 -1 -1 -1000 -1000 -1000 -10 -0.979729
Car -1 -1 0.00 1017 160 1044 172 -1 -1 -1 -1000 -1000 -1000 -10 -0.994123
Car -1 -1 0.00 1091 -10 1134 23 -1 -1 -1 -1000 -1000 -1000 -10 -1.00859
Car -1 -1 0.00 829 111 880 161 -1 -1 -1 -1000 -1000 -1000 -10 -1.0186
Car -1 -1 0.00 112 174 159 190 -1 -1 -1 -1000 -1000 -1000 -10 -1.0226
Car -1 -1 0.00 703 -2 778 24 -1 -1 -1 -1000 -1000 -1000 -10 -1.02336
Car -1 -1 0.00 101 346 132 362 -1 -1 -1 -1000 -1000 -1000 -10 -1.02809
