Car -1 -1 0.00 392 173 453 211 -1 -1 -1 -1000 -1000 -1000 -10 1.07395
Car -1 -1 0.00 185 171 345 250 -1 -1 -1 -1000 -1000 -1000 -10 1.00907
Car -1 -1 0.00 151 185 204 222 -1 -1 -1 -1000 -1000 -1000 -10 0.859082
Car -1 -1 0.00 480 170 531 195 -1 -1 -1 -1000 -1000 -1000 -10 0.699728
Car -1 -1 0.00 585 162 630 205 -1 -1 -1 -1000 -1000 -1000 -10 0.610662
Car -1 -1 0.00 771 170 824 200 -1 -1 -1 -1000 -1000 -1000 -10 0.378332
Car -1 -1 0.00 54 175 140 205 -1 -1 -1 -1000 -1000 -1000 -10 -0.319669
Car -1 -1 0.00 953 160 1009 178 -1 -1 -1 -1000 -1000 -1000 -10 -0.567021
Car -1 -1 0.00 97 183 142 202 -1 -1 -1 -1000 -1000 -1000 -10 -0.824248
Car -1 -1 0.00 222 114 270 152 -1 -1 -1 -1000 -1000 -1000 -10 -0.86354
Car -1 -1 0.00 117 103 194 137 -1 -1 -1 -1000 -1000 -1000 -10 -0.883087
Car -1 -1 0.00 461 119 500 146 -1 -1 -1 -1000 -1000 -1000 -10 -0.924331
Car -1 -1 0.00 388 174 453 211 -1 -1 -1 -1000 -1000 -1000 -10 -0.951276
Car -1 -1 0.00 292 240 318 260 -1 -1 -1 -1000 -1000 -1000 -10 -0.982154
Car -1 -1 0.00 661 171 702 192 -1 -1 -1 -1000 -1000 -1000 -10 -0.984532
Car -1 -1 0.00 1202 193 1242 206 -1 -1 -1 -1000 -1000 -1000 -10 -1.0206
