Car -1 -1 0.00 507 178 574 222 -1 -1 -1 -1000 -1000 -1000 -10 1.40383
Car -1 -1 0.00 658 167 695 199 -1 -1 -1 -1000 -1000 -1000 -10 -0.122319
Car -1 -1 0.00 800 174 864 202 -1 -1 -1 -1000 -1000 -1000 -10 -0.855839
Car -1 -1 0.00 299 114 328 134 -1 -1 -1 -1000 -1000 -1000 -10 -0.966084
Car -1 -1 0.00 611 130 644 156 -1 -1 -1 -1000 -1000 -1000 -10 -0.990262
Car -1 -1 0.00 723 177 759 208 -1 -1 -1 -1000 -1000 -1000 -10 -0.99975
Car -1 -1 0.00 146 153 181 192 -1 -1 -1 -1000 -1000 -1000 -10 -1.00721
Car -1 -1 0.00 690 255 742 275 -1 -1 -1 -1000 -1000 -1000 -10 -1.00814
Car -1 -1 0.00 916 316 949 349 -1 -1 -1 -1000 -1000 -1000 -10 -1.01048
Car -1 -1 0.00 1103 1 1127 29 -1 -1 -1 -1000 -1000 -1000 -10 -1.02372
