Car -1 -1 0.00 349 176 446 247 -1 -1 -1 -1000 -1000 -1000 -10 1.81287
Car -1 -1 0.00 483 173 520 202 -1 -1 -1 -1000 -1000 -1000 -10 1.02962
Car -1 -1 0.00 441 174 498 217 -1 -1 -1 -1000 -1000 -1000 -10 0.370348
Car -1 -1 0.00 793 173 1030 275 -1 -1 -1 -1000 -1000 -1000 -10 -0.0709844
Car -1 -1 0.00 952 176 1058 232 -1 -1 -1 -1000 -1000 -1000 -10 -0.554819
Car -1 -1 0.00 732 172 958 276 -1 -1 -1 -1000 -1000 -1000 -10 -0.698175
Car -1 -1 0.00 990 146 1018 175 -1 -1 -1 -1000 -1000 -1000 -10 -0.709993
Car -1 -1 0.00 703 170 829 233 -1 -1 -1 -1000 -1000 -1000 -10 -0.836619
Car -1 -1 0.00 671 168 771 213 -1 -1 -1 -1000 -1000 -1000 -10 -0.842557
Car -1 -1 0.00 960 84 988 95 -1 -1 -1 -1000 -1000 -1000 -10 -0.859184
Car -1 -1 0.00 126 183 152 207 -1 -1 -1 -1000 -1000 -1000 -10 -0.958543
Car -1 -1 0.00 699 227 727 243 -1 -1 -1 -1000 -1000 -1000 -10 -0.98021
Car -1 -1 0.00 1140 227 1181 252 -1 -1 -1 -1000 -1000 -1000 -10 -0.995978
