Car -1 -1 0.00 522 173 572 212 -1 -1 -1 -1000 -1000 -1000 -10 0.618337
Car -1 -1 0.00 943 109 970 131 -1 -1 -1 -1000 -1000 -1000 -10 -0.905822
Car -1 -1 0.00 374 274 407 296 -1 -1 -1 -1000 -1000 -1000 -10 -0.92719
Car -1 -1 0.00 929 124 959 148 -1 -1 -1 -1000 -1000 -1000 -10 -0.973702
Car -1 -1 0.00 944 123 974 152 -1 -1 -1 -1000 -1000 -1000 -10 -0.989219
Car -1 -1 0.00 959 69 1015 95 -1 -1 -1 -1000 -1000 -1000 -10 -0.997617
Car -1 -1 0.00 523 171 565 211 -1 -1 -1 -1000 -1000 -1000 -10 -1.00117
Car -1 -1 0.00 1115 78 1203 109 -1 -1 -1 -1000 -1000 -1000 -10 -1.00722
Car -1 -1 0.00 562 242 597 253 -1 -1 -1 -1000 -1000 -1000 -10 -1.017
Car -1 -1 0.00 231 279 281 326 -1 -1 -1 -1000 -1000 -1000 -10 -1.0193
Car -1 -1 0.00 767 55 806 68 -1 -1 -1 -1000 -1000 -1000 -10 -1.02347
Car -1 -1 0.00 552 254 587 265 -1 -1 -1 -1000 -1000 -1000 -10 -1.0278
