Car -1 -1 0.00 712 182 859 280 -1 -1 -1 -1000 -1000 -1000 -10 2.1425
Car -1 -1 0.00 787 177 1117 371 -1 -1 -1 -1000 -1000 -1000 -10 1.75408
Car -1 -1 0.00 668 183 737 234 -1 -1 -1 -1000 -1000 -1000 -10 1.44951
Car -1 -1 0.00 233 182 481 284 -1 -1 -1 -1000 -1000 -1000 -10 0.895471
Car -1 -1 0.00 4 181 407 351 -1 -1 -1 -1000 -1000 -1000 -10 0.131193
Car -1 -1 0.00 696 183 790 252 -1 -1 -1 -1000 -1000 -1000 -10 -0.694739
Car -1 -1 0.00 -115 158 423 332 -1 -1 -1 -1000 -1000 -1000 -10 -0.720093
Car -1 -1 0.00 646 177 684 209 -1 -1 -1 -1000 -1000 -1000 -10 -0.861478
Car -1 -1 0.00 741 164 764 191 -1 -1 -1 -1000 -1000 -1000 -10 -0.93904
Car -1 -1 0.00 576 170 630 187 -1 -1 -1 -1000 -1000 -1000 -10 -0.958223
Car -1 -1 0.00 689 129 720 144 -1 -1 -1 -1000 -1000 -1000 -10 -0.994863
Car -1 -1 0.00 178 154 206 171 -1 -1 -1 -1000 -1000 -1000 -10 -1.01211
Car -1 -1 0.00 8 361 35 379 -1 -1 -1 -1000 -1000 -1000 -10 -1.01436
Car -1 -1 0.00 54 22 136 81 -1 -1 -1 -1000 -1000 -1000 -10 -1.01498
Car -1 -1 0.00 668 174 713 192 -1 -1 -1 -1000 -1000 -1000 -10 -1.01693
