Car -1 -1 0.00 210 179 343 275 -1 -1 -1 -1000 -1000 -1000 -10 1.90718
Car -1 -1 0.00 543 176 673 229 -1 -1 -1 -1000 -1000 -1000 -10 1.19186
Car -1 -1 0.00 386 168 434 187 -1 -1 -1 -1000 -1000 -1000 -10 -0.418273
Car -1 -1 0.00 554 183 684 224 -1 -1 -1 -1000 -1000 -1000 -10 -0.607785
Car -1 -1 0.00 969 37 1004 57 -1 -1 -1 -1000 -1000 -1000 -10 -0.970403
Car -1 -1 0.00 1168 262 1213 274 -1 -1 -1 -1000 -1000 -1000 -10 -0.974015
Car -1 -1 0.00 786 232 879 263 -1 -1 -1 -1000 -1000 -1000 -10 -0.981472
Car -1 -1 0.00 73 106 107 138 -1 -1 -1 -1000 -1000 -1000 -10 -0.981997
Car -1 -1 0.00 912 268 971 285 -1 -1 -1 -1000 -1000 -1000 -10 -0.99719
Car -1 -1 0.00 989 29 1039 61 -1 -1 -1 -1000 -1000 -1000 -10 -1.00254
Car -1 -1 0.00 9 214 34 243 -1 -1 -1 -1000 -1000 -1000 -10 -1.00266
