Car -1 -1 0.00 397 166 542 264 -1 -1 -1 -1000 -1000 -1000 -10 -0.29514
Car -1 -1 0.00 602 166 637 199 -1 -1 -1 -1000 -1000 -1000 -10 -0.502279
Car -1 -1 0.00 300 267 330 290 -1 -1 -1 -1000 -1000 -1000 -10 -0.731284
Car -1 -1 0.00 243 165 270 185 -1 -1 -1 -1000 -1000 -1000 -10 -0.872179
Car -1 -1 0.00 498 207 564 244 -1 -1 -1 -1000 -1000 -1000 -10 -0.953762
Car -1 -1 0.00 739 144 794 187 -1 -1 -1 -1000 -1000 -1000 -10 -0.974705
Car -1 -1 0.00 691 96 718 110 -1 -1 -1 -1000 -1000 -1000 -10 -0.979135
Car -1 -1 0.00 716 223 779 251 -1 -1 -1 -1000 -1000 -1000 -10 -0.98495
Car -1 -1 0.00 282 103 311 131 -1 -1 -1 -1000 -1000 -1000 -10 -1.00324
Car -1 -1 0.00 545 113 572 135 -1 -1 -1 -1000 -1000 -1000 -10 -1.01488
Car -1 -1 0.00 726 150 759 179 -1 -1 -1 -1000 -1000 -1000 -10 -1.01812
Car -1 -1 0.00 635 177 663 205 -1 -1 -1 -1000 -1000 -1000 -10 -1.02836
