Car -1 -1 0.00 677 186 760 242 -1 -1 -1 -1000 -1000 -1000 -10 1.73308
Car -1 -1 0.00 78 179 368 290 -1 -1 -1 -1000 -1000 -1000 -10 1.47402
Car -1 -1 0.00 314 178 460 243 -1 -1 -1 -1000 -1000 -1000 -10 1.20429
Car -1 -1 0.00 622 173 647 192 -1 -1 -1 -1000 -1000 -1000 -10 0.401831
Car -1 -1 0.00 797 193 1270 375 -1 -1 -1 -1000 -1000 -1000 -10 -0.611289
Car -1 -1 0.00 873 33 932 67 -1 -1 -1 -1000 -1000 -1000 -10 -0.648326
Car -1 -1 0.00 369 134 401 155 -1 -1 -1 -1000 -1000 -1000 -10 -0.879308
Car -1 -1 0.00 834 193 1192 387 -1 -1 -1 -1000 -1000 -1000 -10 -1.00537
Car -1 -1 0.00 454 362 481 387 -1 -1 -1 -1000 -1000 -1000 -10 -1.01567
Car -1 -1 0.00 34 262 92 318 -1 -1 -1 -1000 -1000 -1000 -10 -1.02683
