Car -1 -1 0.00 767 173 814 205 -1 -1 -1 -1000 -1000 -1000 -10 1.66946
Car -1 -1 0.00 712 179 773 210 -1 -1 -1 -1000 -1000 -1000 -10 1.24446
Car -1 -1 0.00 804 176 841 200 -1 -1 -1 -1000 -1000 -1000 -10 1.09338
Car -1 -1 0.00 338 164 530 254 -1 -1 -1 -1000 -1000 -1000 -10 -0.137843
Car -1 -1 0.00 823 179 900 200 -1 -1 -1 -1000 -1000 -1000 -10 -0.479176
Car -1 -1 0.00 797 176 844 201 -1 -1 -1 -1000 -1000 -1000 -10 -0.934785
Car -1 -1 0.00 1086 35 1119 62 -1 -1 -1 -1000 -1000 -1000 -10 -0.942347
Car -1 -1 0.00 990 179 1022 200 -1 -1 -1 -1000 -1000 -1000 -10 -0.963309
Car -1 -1 0.00 1093 307 1120 327 -1 -1 -1 -1000 -1000 -1000 -10 -1.01026
Car -1 -1 0.00 101 240 129 261 -1 -1 -1 -1000 -1000 -1000 -10 -1.01646
Car -1 -1 0.00 1140 8 1166 34 -1 -1 -1 -1000 -1000 -1000 -10 -1.02622
Car -1 -1 0.00 1123 8 1148 31 -1 -1 -1 -1000 -1000 -1000 -10 -1.02647
