Car -1 -1 0.00 1032 184 1158 233 -1 -1 -1 -1000 -1000 -1000 -10 1.59279
Car -1 -1 0.00 955 181 1069 232 -1 -1 -1 -1000 -1000 -1000 -10 1.48733
Car -1 -1 0.00 602 171 638 202 -1 -1 -1 -1000 -1000 -1000 -10 1.22593
Car -1 -1 0.00 1095 184 1223 236 -1 -1 -1 -1000 -1000 -1000 -10 0.890206
Car -1 -1 0.00 180 153 439 316 -1 -1 -1 -1000 -1000 -1000 -10 0.716388
Car -1 -1 0.00 1012 187 1157 236 -1 -1 -1 -1000 -1000 -1000 -10 -0.578466
Car -1 -1 0.00 743 194 787 213 -1 -1 -1 -1000 -1000 -1000 -10 -0.799333
Car -1 -1 0.00 835 174 864 206 -1 -1 -1 -1000 -1000 -1000 -10 -0.950747
Car -1 -1 0.00 1160 15 1204 30 -1 -1 -1 -1000 -1000 -1000 -10 -0.961086
Car -1 -1 0.00 1103 336 1137 370 -1 -1 -1 -1000 -1000 -1000 -10 -0.978629
Car -1 -1 0.00 530 161 574 200 -1 -1 -1 -1000 -1000 -1000 -10 -0.995054
Car -1 -1 0.00 810 245 841 265 -1 -1 -1 -1000 -1000 -1000 -10 -0.999431
Car -1 -1 0.00 1119 40 1147 61 -1 -1 -1 -1000 -1000 -1000 -10 -1.00051
Car -1 -1 0.00 1077 19 1142 50 -1 -1 -1 -1000 -1000 -1000 -10 -1.00968
Car -1 -1 0.00 955 173 1014 195 -1 -1 -1 -1000 -1000 -1000 -10 -1.0179
Car -1 -1 0.00 600 171 634 203 -1 -1 -1 -1000 -1000 -1000 -10 -1.02734
