Car -1 -1 0.00 670 184 775 258 -1 -1 -1 -1000 -1000 -1000 -10 1.90848
Car -1 -1 0.00 445 185 544 221 -1 -1 -1 -1000 -1000 -1000 -10 0.395507
Car -1 -1 0.00 218 205 453 271 -1 -1 -1 -1000 -1000 -1000 -10 0.300551
Car -1 -1 0.00 652 188 709 228 -1 -1 -1 -1000 -1000 -1000 -10 0.208866
Car -1 -1 0.00 636 180 677 211 -1 -1 -1 -1000 -1000 -1000 -10 -0.222096
Car -1 -1 0.00 470 184 548 219 -1 -1 -1 -1000 -1000 -1000 -10 -0.224909
Car -1 -1 0.00 394 190 480 233 -1 -1 -1 -1000 -1000 -1000 -10 -0.67071
Car -1 -1 0.00 164 255 303 344 -1 -1 -1 -1000 -1000 -1000 -10 -0.844039
Car -1 -1 0.00 651 -10 737 17 -1 -1 -1 -1000 -1000 -1000 -10 -0.999876
Car -1 -1 0.00 842 29 870 41 -1 -1 -1 -1000 -1000 -1000 -10 -1.01089
Car -1 -1 0.00 142 252 224 286 -1 -1 -1 -1000 -1000 -1000 -10 -1.01406
Car -1 -1 0.00 558 36 607 71 -1 -1 -1 -1000 -1000 -1000 -10 -1.01449
Car -1 -1 0.00 24 -20 119 39 -1 -1 -1 -1000 -1000 -1000 -10 -1.01564
