Car -1 -1 0.00 484 180 541 222 -1 -1 -1 -1000 -1000 -1000 -10 1.34385
Car -1 -1 0.00 538 178 564 202 -1 -1 -1 -1000 -1000 -1000 -10 0.460024
Car -1 -1 0.00 478 136 510 164 -1 -1 -1 -1000 -1000 -1000 -10 -0.944858
Car -1 -1 0.00 1139 42 1164 68 -1 -1 -1 -1000 -1000 -1000 -10 -0.98104
Car -1 -1 0.00 821 150 854 175 -1 -1 -1 -1000 -1000 -1000 -10 -0.99247
Car -1 -1 0.00 1011 145 1038 167 -1 -1 -1 -1000 -1000 -1000 -10 -1.00036
Car -1 -1 0.00 903 305 948 326 -1 -1 -1 -1000 -1000 -1000 -10 -1.0127
Car -1 -1 0.00 50 175 73 202 -1 -1 -1 -1000 -1000 -1000 -10 -1.01881
Car -1 -1 0.00 984 79 1017 110 -1 -1 -1 -1000 -1000 -1000 -10 -1.02077
Car -1 -1 0.00 945 285 972 315 -1 -1 -1 -1000 -1000 -1000 -10 -1.02079
