Car -1 -1 0.00 681 168 831 279 -1 -1 -1 -1000 -1000 -1000 -10 1.48458
Car -1 -1 0.00 753 188 1034 373 -1 -1 -1 -1000 -1000 -1000 -10 1.2707
Car -1 -1 0.00 64 157 431 292 -1 -1 -1 -1000 -1000 -1000 -10 0.543211
Car -1 -1 0.00 474 173 559 206 -1 -1 -1 -1000 -1000 -1000 -10 0.108956
Car -1 -1 0.00 664 181 722 232 -1 -1 -1 -1000 -1000 -1000 -10 0.0929346
Car -1 -1 0.00 366 167 510 221 -1 -1 -1 -1000 -1000 -1000 -10 -0.074661
Car -1 -1 0.00 598 176 632 193 -1 -1 -1 -1000 -1000 -1000 -10 -0.73787
Car -1 -1 0.00 611 176 635 193 -1 -1 -1 -1000 -1000 -1000 -10 -0.779885
Car -1 -1 0.00 640 183 682 215 -1 -1 -1 -1000 -1000 -1000 -10 -0.904367
Car -1 -1 0.00 1006 237 1065 259 -1 -1 -1 -1000 -1000 -1000 -10 -0.997596
Car -1 -1 0.00 427 265 470 298 -1 -1 -1 -1000 -1000 -1000 -10 -1.01046
Car -1 -1 0.00 662 5 710 21 -1 -1 -1 -1000 -1000 -1000 -10 -1.0137
Car -1 -1 0.00 150 36 179 61 -1 -1 -1 -1000 -1000 -1000 -10 -1.01456
Car -1 -1 0.00 1100 118 1155 137 -1 -1 -1 -1000 -1000 -1000 -10 -1.02668
