Car -1 -1 0.00 693 159 780 228 -1 -1 -1 -1000 -1000 -1000 -10 -0.0463641
Car -1 -1 0.00 338 156 556 254 -1 -1 -1 -1000 -1000 -1000 -10 -0.425317
Car -1 -1 0.00 676 91 718 127 -1 -1 -1 -1000 -1000 -1000 -10 -0.817736
Car -1 -1 0.00 1146 149 1183 168 -1 -1 -1 -1000 -1000 -1000 -10 -0.893287
Car -1 -1 0.00 537 180 577 216 -1 -1 -1 -1000 -1000 -1000 -10 -0.908143
Car -1 -1 0.00 601 173 632 206 -1 -1 -1 -1000 -1000 -1000 -10 -0.914502
Car -1 -1 0.00 302 79 335 102 -1 -1 -1 -1000 -1000 -1000 -10 -0.986593
Car -1 -1 0.00 1139 234 1175 245 -1 -1 -1 -1000 -1000 -1000 -10 -0.991699
Car -1 -1 0.00 1132 237 1176 251 -1 -1 -1 -1000 -1000 -1000 -10 -0.994884
Car -1 -1 0.00 1094 215 1172 239 -1 -1 -1 -1000 -1000 -1000 -10 -1.0029
Car -1 -1 0.00 1095 240 1171 264 -1 -1 -1 -1000 -1000 -1000 -10 -1.00528
Car -1 -1 0.00 1109 224 1172 244 -1 -1 -1 -1000 -1000 -1000 -10 -1.00687
Car -1 -1 0.00 1121 248 1172 265 -1 -1 -1 -1000 -1000 -1000 -10 -1.00708
Car -1 -1 0.00 1095 253 1171 277 -1 -1 -1 -1000 -1000 -1000 -10 -1.00712
Car -1 -1 0.00 1095 232 1171 256 -1 -1 -1 -1000 -1000 -1000 -10 -1.00959
Car -1 -1 0.00 1076 223 1167 252 -1 -1 -1 -1000 -1000 -1000 -10 -1.01079
Car -1 -1 0.00 1132 269 1176 282 -1 -1 -1 -1000 -1000 -1000 -10 -1.01177
Car -1 -1 0.00 1140 223 1168 255 -1 -1 -1 -1000 -1000 -1000 -10 -1.01205
Car -1 -1 0.00 1139 266 1176 277 -1 -1 -1 -1000 -1000 -1000 -10 -1.01315
Car -1 -1 0.00 1132 230 1176 244 -1 -1 -1 -1000 -1000 -1000 -10 -1.01319
Car -1 -1 0.00 1109 262 1173 282 -1 -1 -1 -1000 -1000 -1000 -10 -1.01343
Car -1 -1 0.00 1092 254 1134 268 -1 -1 -1 -1000 -1000 -1000 -10 -1.01432
Car -1 -1 0.00 1132 242 1176 256 -1 -1 -1 -1000 -1000 -1000 -10 -1.01485
Car -1 -1 0.00 1072 211 1122 227 -1 -1 -1 -1000 -1000 -1000 -10 -1.01539
Car -1 -1 0.00 1130 247 1173 261 -1 -1 -1 -1000 -1000 -1000 -10 -1.0157
Car -1 -1 0.00 1107 219 1158 276 -1 -1 -1 -1000 -1000 -1000 -10 -1.0165
Car -1 -1 0.00 1137 228 1173 239 -1 -1 -1 -1000 -1000 -1000 -10 -1.01719
Car -1 -1 0.00 1061 245 1103 258 -1 -1 -1 -1000 -1000 -1000 -10 -1.0172
Car -1 -1 0.00 1108 202 1158 259 -1 -1 -1 -1000 -1000 -1000 -10 -1.01845
Car -1 -1 0.00 1110 213 1172 233 -1 -1 -1 -1000 -1000 -1000 -10 -1.02095
Car -1 -1 0.00 1087 219 1161 243 -1 -1 -1 -1000 -1000 -1000 -10 -1.02183
Car -1 -1 0.00 1069 220 1129 240 -1 -1 -1 -1000 -1000 -1000 -10 -1.02245
Car -1 -1 0.00 1120 276 1163 289 -1 -1 -1 -1000 -1000 -1000 -10 -1.02252
Car -1 -1 0.00 1120 231 1173 247 -1 -1 -1 -1000 -1000 -1000 -10 -1.02298
Car -1 -1 0.00 1083 234 1143 253 -1 -1 -1 -1000 -1000 -1000 -10 -1.02455
Car -1 -1 0.00 1089 244 1150 264 -1 -1 -1 -1000 -1000 -1000 -10 -1.02527
Car -1 -1 0.00 1145 212 1169 239 -1 -1 -1 -1000 -1000 -1000 -10 -1.02533
Car -1 -1 0.00 1132 261 1176 275 -1 -1 -1 -1000 -1000 -1000 -10 -1.02578
Car -1 -1 0.00 1080 216 1122 229 -1 -1 -1 -1000 -1000 -1000 -10 -1.02605
Car -1 -1 0.00 1139 246 1175 257 -1 -1 -1 -1000 -1000 -1000 -10 -1.02621
Car -1 -1 0.00 1079 210 1115 221 -1 -1 -1 -1000 -1000 -1000 -10 -1.02759
Car -1 -1 0.00 1120 230 1161 277 -1 -1 -1 -1000 -1000 -1000 -10 -1.02784
Car -1 -1 0.00 1087 211 1161 235 -1 -1 -1 -1000 -1000 -1000 -10 -1.02797
Car -1 -1 0.00 1058 228 1108 245 -1 -1 -1 -1000 -1000 -1000 -10 -1.02841
Car -1 -1 0.00 1094 265 1172 289 -1 -1 -1 -1000 -1000 -1000 -10 -1.02863
Car -1 -1 0.00 1119 199 1162 246 -1 -1 -1 -1000 -1000 -1000 -10 -1.02896
Car -1 -1 0.00 1117 252 1178 271 -1 -1 -1 -1000 -1000 -1000 -10 -1.02911
Car -1 -1 0.00 1197 220 1233 231 -1 -1 -1 -1000 -1000 -1000 -10 -1.02946
Car -1 -1 0.00 1132 206 1176 220 -1 -1 -1 -1000 -1000 -1000 -10 -1.02966
