Car -1 -1 0.00 554 188 592 217 -1 -1 -1 -1000 -1000 -1000 -10 0.935553
Car -1 -1 0.00 605 180 629 199 -1 -1 -1 -1000 -1000 -1000 -10 -0.275302
Car -1 -1 0.00 1071 173 1295 245 -1 -1 -1 -1000 -1000 -1000 -10 -0.319716
Car -1 -1 0.00 74 256 195 293 -1 -1 -1 -1000 -1000 -1000 -10 -0.903774
Car -1 -1 0.00 1057 243 1098 273 -1 -1 -1 -1000 -1000 -1000 -10 -0.931224
Car -1 -1 0.00 341 135 392 167 -1 -1 -1 -1000 -1000 -1000 -10 -0.942462
Car -1 -1 0.00 337 135 405 180 -1 -1 -1 -1000 -1000 -1000 -10 -1.0098
Car -1 -1 0.00 487 216 520 244 -1 -1 -1 -1000 -1000 -1000 -10 -1.01012
Car -1 -1 0.00 673 109 698 138 -1 -1 -1 -1000 -1000 -1000 -10 -1.01278
Car -1 -1 0.00 978 300 1012 310 -1 -1 -1 -1000 -1000 -1000 -10 -1.01843
Car -1 -1 0.00 124 45 180 98 -1 -1 -1 -1000 -1000 -1000 -10 -1.02983
