Car -1 -1 0.00 939 151 1023 193 -1 -1 -1 -1000 -1000 -1000 -10 1.34184
Car -1 -1 0.00 150 188 230 226 -1 -1 -1 -1000 -1000 -1000 -10 0.739363
Car -1 -1 0.00 861 159 957 204 -1 -1 -1 -1000 -1000 -1000 -10 0.290943
Car -1 -1 0.00 1078 153 1165 210 -1 -1 -1 -1000 -1000 -1000 -10 0.252118
Car -1 -1 0.00 1008 150 1054 182 -1 -1 -1 -1000 -1000 -1000 -10 0.0664077
Car -1 -1 0.00 586 84 626 122 -1 -1 -1 -1000 -1000 -1000 -10 -0.850573
Car -1 -1 0.00 153 172 299 224 -1 -1 -1 -1000 -1000 -1000 -10 -0.851846
Car -1 -1 0.00 1139 149 1197 194 -1 -1 -1 -1000 -1000 -1000 -10 -0.852556
Car -1 -1 0.00 1039 151 1086 181 -1 -1 -1 -1000 -1000 -1000 -10 -0.91944
Car -1 -1 0.00 743 147 806 169 -1 -1 -1 -1000 -1000 -1000 -10 -0.977635
Car -1 -1 0.00 479 261 507 282 -1 -1 -1 -1000 -1000 -1000 -10 -0.980471
Car -1 -1 0.00 1194 25 1228 47 -1 -1 -1 -1000 -1000 -1000 -10 -1.00399
Car -1 -1 0.00 287 338 323 349 -1 -1 -1 -1000 -1000 -1000 -10 -1.01029
Car -1 -1 0.00 295 332 331 343 -1 -1 -1 -1000 -1000 -1000 -10 -1.0141
Car -1 -1 0.00 317 306 356 317 -1 -1 -1 -1000 -1000 -1000 -10 -1.02286
Car -1 -1 0.00 292 340 335 354 -1 -1 -1 -1000 -1000 -1000 -10 -1.02305
Car -1 -1 0.00 1041 110 1072 132 -1 -1 -1 -1000 -1000 -1000 -10 -1.02439
Car -1 -1 0.00 409 308 445 319 -1 -1 -1 -1000 -1000 -1000 -10 -1.02626
