Car -1 -1 0.00 105 85 184 120 -1 -1 -1 -1000 -1000 -1000 -10 -0.774497
Car -1 -1 0.00 242 186 412 257 -1 -1 -1 -1000 -1000 -1000 -10 -0.888852
Car -1 -1 0.00 355 43 380 56 -1 -1 -1 -1000 -1000 -1000 -10 -0.92473
Car -1 -1 0.00 658 52 695 68 -1 -1 -1 -1000 -1000 -1000 -10 -0.98242
Car -1 -1 0.00 972 -3 1063 26 -1 -1 -1 -1000 -1000 -1000 -10 -0.98577
Car -1 -1 0.00 1023 13 1091 34 -1 -1 -1 -1000 -1000 -1000 -10 -0.991518
Car -1 -1 0.00 663 178 697 196 -1 -1 -1 -1000 -1000 -1000 -10 -0.992155
Car -1 -1 0.00 1168 111 1197 144 -1 -1 -1 -1000 -1000 -1000 -10 -1.00439
Car -1 -1 0.00 213 46 246 63 -1 -1 -1 -1000 -1000 -1000 -10 -1.00456
Car -1 -1 0.00 462 36 487 54 -1 -1 -1 -1000 -1000 -1000 -10 -1.0117
Car -1 -1 0.00 106 48 158 74 -1 -1 -1 -1000 -1000 -1000 -10 -1.01184
Car -1 -1 0.00 1198 228 1261 248 -1 -1 -1 -1000 -1000 -1000 -10 -1.01238
Car -1 -1 0.00 838 209 862 231 -1 -1 -1 -1000 -1000 -1000 -10 -1.01766
Car -1 -1 0.00 -14 127 12 155 -1 -1 -1 -1000 -1000 -1000 -10 -1.01924
Car -1 -1 0.00 540 351 566 375 -1 -1 -1 -1000 -1000 -1000 -10 -1.02861
