Car -1 -1 0.00 945 162 985 187 -1 -1 -1 -1000 -1000 -1000 -10 1.44102
Car -1 -1 0.00 972 159 1006 181 -1 -1 -1 -1000 -1000 -1000 -10 1.05303
Car -1 -1 0.00 179 194 264 234 -1 -1 -1 -1000 -1000 -1000 -10 -0.0119659
Car -1 -1 0.00 553 175 683 217 -1 -1 -1 -1000 -1000 -1000 -10 -0.111513
Car -1 -1 0.00 121 199 221 235 -1 -1 -1 -1000 -1000 -1000 -10 -0.293837
Car -1 -1 0.00 445 194 500 220 -1 -1 -1 -1000 -1000 -1000 -10 -0.45459
Car -1 -1 0.00 343 188 445 231 -1 -1 -1 -1000 -1000 -1000 -10 -0.506504
Car -1 -1 0.00 634 174 714 208 -1 -1 -1 -1000 -1000 -1000 -10 -0.513487
Car -1 -1 0.00 312 199 369 223 -1 -1 -1 -1000 -1000 -1000 -10 -0.540586
Car -1 -1 0.00 0 185 125 280 -1 -1 -1 -1000 -1000 -1000 -10 -0.550656
Car -1 -1 0.00 1141 154 1210 181 -1 -1 -1 -1000 -1000 -1000 -10 -0.618602
Car -1 -1 0.00 612 176 668 215 -1 -1 -1 -1000 -1000 -1000 -10 -0.688806
Car -1 -1 0.00 1104 155 1169 180 -1 -1 -1 -1000 -1000 -1000 -10 -0.749571
Car -1 -1 0.00 492 177 600 218 -1 -1 -1 -1000 -1000 -1000 -10 -0.788441
Car -1 -1 0.00 355 189 414 233 -1 -1 -1 -1000 -1000 -1000 -10 -0.88547
Car -1 -1 0.00 1093 141 1207 181 -1 -1 -1 -1000 -1000 -1000 -10 -0.931241
Car -1 -1 0.00 833 212 868 238 -1 -1 -1 -1000 -1000 -1000 -10 -0.937196
Car -1 -1 0.00 98 281 126 302 -1 -1 -1 -1000 -1000 -1000 -10 -0.942967
Car -1 -1 0.00 565 126 611 145 -1 -1 -1 -1000 -1000 -1000 -10 -0.99711
Car -1 -1 0.00 881 201 910 216 -1 -1 -1 -1000 -1000 -1000 -10 -1.01212
Car -1 -1 0.00 353 257 390 278 -1 -1 -1 -1000 -1000 -1000 -10 -1.02226
Car -1 -1 0.00 104 85 138 98 -1 -1 -1 -1000 -1000 -1000 -10 -1.02377
Car -1 -1 0.00 404 195 463 221 -1 -1 -1 -1000 -1000 -1000 -10 -1.02779
