Car -1 -1 0.00 598 183 688 244 -1 -1 -1 -1000 -1000 -1000 -10 1.00796
Car -1 -1 0.00 510 187 539 204 -1 -1 -1 -1000 -1000 -1000 -10 0.90632
Car -1 -1 0.00 626 110 672 150 -1 -1 -1 -1000 -1000 -1000 -10 -0.906788
Car -1 -1 0.00 878 330 910 351 -1 -1 -1 -1000 -1000 -1000 -10 -0.953916
Car -1 -1 0.00 283 -3 339 49 -1 -1 -1 -1000 -1000 -1000 -10 -0.975331
Car -1 -1 0.00 699 228 767 287 -1 -1 -1 -1000 -1000 -1000 -10 -0.98541
Car -1 -1 0.00 585 166 611 187 -1 -1 -1 -1000 -1000 -1000 -10 -0.998815
Car -1 -1 0.00 724 271 774 329 -1 -1 -1 -1000 -1000 -1000 -10 -1.00243
Car -1 -1 0.00 280 332 315 343 -1 -1 -1 -1000 -1000 -1000 -10 -1.02229
Car -1 -1 0.00 172 184 211 199 -1 -1 -1 -1000 -1000 -1000 -10 -1.02625
