Car -1 -1 0.00 42 251 103 278 -1 -1 -1 -1000 -1000 -1000 -10 -0.686254
Car -1 -1 0.00 881 203 917 221 -1 -1 -1 -1000 -1000 -1000 -10 -0.951526
Car -1 -1 0.00 1150 214 1177 225 -1 -1 -1 -1000 -1000 -1000 -10 -0.95568
Car -1 -1 0.00 621 149 649 170 -1 -1 -1 -1000 -1000 -1000 -10 -1.00229
Car -1 -1 0.00 302 114 338 133 -1 -1 -1 -1000 -1000 -1000 -10 -1.00435
Car -1 -1 0.00 86 348 120 359 -1 -1 -1 -1000 -1000 -1000 -10 -1.01104
Car -1 -1 0.00 180 314 204 325 -1 -1 -1 -1000 -1000 -1000 -10 -1.01198
Car -1 -1 0.00 564 234 598 273 -1 -1 -1 -1000 -1000 -1000 -10 -1.01598
Car -1 -1 0.00 435 193 477 204 -1 -1 -1 -1000 -1000 -1000 -10 -1.02019
Car -1 -1 0.00 961 215 986 234 -1 -1 -1 -1000 -1000 -1000 -10 -1.02407
