Car -1 -1 0.00 382 184 444 220 -1 -1 -1 -1000 -1000 -1000 -10 1.20436
Car -1 -1 0.00 571 32 597 53 -1 -1 -1 -1000 -1000 -1000 -10 -0.844942
Car -1 -1 0.00 243 55 271 81 -1 -1 -1 -1000 -1000 -1000 -10 -0.872011
Car -1 -1 0.00 1019 354 1051 374 -1 -1 -1 -1000 -1000 -1000 -10 -0.925329
Car -1 -1 0.00 732 124 800 193 -1 -1 -1 -1000 -1000 -1000 -10 -0.935632
Car -1 -1 0.00 1182 221 1213 242 -1 -1 -1 -1000 -1000 -1000 -10 -0.949891
Car -1 -1 0.00 712 46 737 69 -1 -1 -1 -1000 -1000 -1000 -10 -0.953356
Car -1 -1 0.00 713 28 752 53 -1 -1 -1 -1000 -1000 -1000 -10 -0.959187
Car -1 -1 0.00 726 183 810 213 -1 -1 -1 -1000 -1000 -1000 -10 -1.01256
Car -1 -1 0.00 848 163 918 186 -1 -1 -1 -1000 -1000 -1000 -10 -1.01972
