Car -1 -1 0.00 482 174 530 210 -1 -1 -1 -1000 -1000 -1000 -10 1.48559
Car -1 -1 0.00 527 171 553 192 -1 -1 -1 -1000 -1000 -1000 -10 0.795491
Car -1 -1 0.00 594 168 615 186 -1 -1 -1 -1000 -1000 -1000 -10 -0.540151
Car -1 -1 0.00 829 329 860 362 -1 -1 -1 -1000 -1000 -1000 -10 -0.881388
Car -1 -1 0.00 157 203 182 223 -1 -1 -1 -1000 -1000 -1000 -10 -0.9351
Car -1 -1 0.00 921 262 945 288 -1 -1 -1 -1000 -1000 -1000 -10 -0.944669
Car -1 -1 0.00 -37 286 79 393 -1 -1 -1 -1000 -1000 -1000 -10 -1.00137
Car -1 -1 0.00 448 144 475 170 -1 -1 -1 -1000 -1000 -1000 -10 -1.00338
Car -1 -1 0.00 1213 337 1241 357 -1 -1 -1 -1000 -1000 -1000 -10 -1.02557
Car -1 -1 0.00 1026 158 1058 187 -1 -1 -1 -1000 -1000 -1000 -10 -1.02756
