Car -1 -1 0.00 1179 229 1205 248 -1 -1 -1 -1000 -1000 -1000 -10 -0.901743
Car -1 -1 0.00 603 344 638 380 -1 -1 -1 -1000 -1000 -1000 -10 -0.913937
Car -1 -1 0.00 442 169 470 183 -1 -1 -1 -1000 -1000 -1000 -10 -0.94495
Car -1 -1 0.00 951 13 980 33 -1 -1 -1 -1000 -1000 -1000 -10 -0.970461
Car -1 -1 0.00 609 235 633 255 -1 -1 -1 -1000 -1000 -1000 -10 -0.973733
Car -1 -1 0.00 432 265 489 288 -1 -1 -1 -1000 -1000 -1000 -10 -0.990126
Car -1 -1 0.00 632 331 680 369 -1 -1 -1 -1000 -1000 -1000 -10 -1.0084
Car -1 -1 0.00 94 102 141 128 -1 -1 -1 -1000 -1000 -1000 -10 -1.0135
Car -1 -1 0.00 1144 211 1182 246 -1 -1 -1 -1000 -1000 -1000 -10 -1.01586
Car -1 -1 0.00 341 9 388 25 -1 -1 -1 -1000 -1000 -1000 -10 -1.02492
