Car -1 -1 0.00 1032 183 1157 233 -1 -1 -1 -1000 -1000 -1000 -10 1.61134
Car -1 -1 0.00 954 181 1069 233 -1 -1 -1 -1000 -1000 -1000 -10 1.55551
Car -1 -1 0.00 601 171 638 202 -1 -1 -1 -1000 -1000 -1000 -10 1.32305
Car -1 -1 0.00 1095 184 1223 236 -1 -1 -1 -1000 -1000 -1000 -10 0.916885
Car -1 -1 0.00 743 194 788 213 -1 -1 -1 -1000 -1000 -1000 -10 -0.791725
Car -1 -1 0.00 835 174 864 206 -1 -1 -1 -1000 -1000 -1000 -10 -0.906306
Car -1 -1 0.00 406 233 436 252 -1 -1 -1 -1000 -1000 -1000 -10 -0.906816
Car -1 -1 0.00 143 184 199 228 -1 -1 -1 -1000 -1000 -1000 -10 -0.925571
Car -1 -1 0.00 936 78 963 90 -1 -1 -1 -1000 -1000 -1000 -10 -0.93987
Car -1 -1 0.00 887 243 943 285 -1 -1 -1 -1000 -1000 -1000 -10 -0.967892
Car -1 -1 0.00 888 -2 949 20 -1 -1 -1 -1000 -1000 -1000 -10 -0.984249
Car -1 -1 0.00 481 243 539 255 -1 -1 -1 -1000 -1000 -1000 -10 -0.997253
Car -1 -1 0.00 1 253 105 283 -1 -1 -1 -1000 -1000 -1000 -10 -1.00092
Car -1 -1 0.00 800 147 845 161 -1 -1 -1 -1000 -1000 -1000 -10 -1.0055
Car -1 -1 0.00 601 171 634 202 -1 -1 -1 -1000 -1000 -1000 -10 -1.02992
