Car -1 -1 0.00 582 173 639 219 -1 -1 -1 -1000 -1000 -1000 -10 0.459283
Car -1 -1 0.00 890 149 1098 244 -1 -1 -1 -1000 -1000 -1000 -10 0.0496308
Car -1 -1 0.00 1050 151 1127 185 -1 -1 -1 -1000 -1000 -1000 -10 -0.373323
Car -1 -1 0.00 789 150 875 205 -1 -1 -1 -1000 -1000 -1000 -10 -0.588745
Car -1 -1 0.00 790 152 917 209 -1 -1 -1 -1000 -1000 -1000 -10 -0.678874
Car -1 -1 0.00 1081 166 1111 187 -1 -1 -1 -1000 -1000 -1000 -10 -0.815979
Car -1 -1 0.00 681 166 717 177 -1 -1 -1 -1000 -1000 -1000 -10 -0.959522
Car -1 -1 0.00 40 124 198 170 -1 -1 -1 -1000 -1000 -1000 -10 -1.0036
Car -1 -1 0.00 1068 128 1316 286 -1 -1 -1 -1000 -1000 -1000 -10 -1.01675
Car -1 -1 0.00 844 145 888 192 -1 -1 -1 -1000 -1000 -1000 -10 -1.01754
