Car -1 -1 0.00 613 182 771 230 -1 -1 -1 -1000 -1000 -1000 -10 0.603885
Car -1 -1 0.00 1043 182 1143 219 -1 -1 -1 -1000 -1000 -1000 -10 0.202757
Car -1 -1 0.00 864 177 980 222 -1 -1 -1 -1000 -1000 -1000 -10 0.00228659
Car -1 -1 0.00 20 162 270 248 -1 -1 -1 -1000 -1000 -1000 -10 -0.577284
Car -1 -1 0.00 183 168 330 234 -1 -1 -1 -1000 -1000 -1000 -10 -0.753847
Car -1 -1 0.00 1094 182 1135 212 -1 -1 -1 -1000 -1000 -1000 -10 -0.894652
Car -1 -1 0.00 1179 173 1242 210 -1 -1 -1 -1000 -1000 -1000 -10 -0.940495
Car -1 -1 0.00 972 314 1044 343 -1 -1 -1 -1000 -1000 -1000 -10 -0.947571
Car -1 -1 0.00 1018 55 1069 72 -1 -1 -1 -1000 -1000 -1000 -10 -0.984722
Car -1 -1 0.00 174 90 209 101 -1 -1 -1 -1000 -1000 -1000 -10 -0.99527
Car -1 -1 0.00 183 47 225 62 -1 -1 -1 -1000 -1000 -1000 -10 -0.996919
