Car -1 -1 0.00 682 175 706 196 -1 -1 -1 -1000 -1000 -1000 -10 0.36649
Car -1 -1 0.00 611 178 633 198 -1 -1 -1 -1000 -1000 -1000 -10 0.145375
Car -1 -1 0.00 403 187 446 212 -1 -1 -1 -1000 -1000 -1000 -10 -0.114683
Car -1 -1 0.00 610 174 645 198 -1 -1 -1 -1000 -1000 -1000 -10 -0.699927
Car -1 -1 0.00 403 186 466 212 -1 -1 -1 -1000 -1000 -1000 -10 -0.903823
Car -1 -1 0.00 562 183 590 200 -1 -1 -1 -1000 -1000 -1000 -10 -0.945298
Car -1 -1 0.00 882 177 907 197 -1 -1 -1 -1000 -1000 -1000 -10 -0.948095
Car -1 -1 0.00 796 168 846 185 -1 -1 -1 -1000 -1000 -1000 -10 -0.967789
Car -1 -1 0.00 582 -2 616 23 -1 -1 -1 -1000 -1000 -1000 -10 -0.98226
Car -1 -1 0.00 680 150 711 175 -1 -1 -1 -1000 -1000 -1000 -10 -0.986452
Car -1 -1 0.00 185 252 215 263 -1 -1 -1 -1000 -1000 -1000 -10 -1.00858
Car -1 -1 0.00 1118 208 1151 244 -1 -1 -1 -1000 -1000 -1000 -10 -1.02137
Car -1 -1 0.00 1025 38 1071 52 -1 -1 -1 -1000 -1000 -1000 -10 -1.02589
Car -1 -1 0.00 610 249 691 303 -1 -1 -1 -1000 -1000 -1000 -10 -1.02913
