Car -1 -1 0.00 910 174 1085 230 -1 -1 -1 -1000 -1000 -1000 -10 1.81508
Car -1 -1 0.00 571 177 601 201 -1 -1 -1 -1000 -1000 -1000 -10 0.852771
Car -1 -1 0.00 646 167 715 200 -1 -1 -1 -1000 -1000 -1000 -10 0.72507
Car -1 -1 0.00 752 175 821 201 -1 -1 -1 -1000 -1000 -1000 -10 0.642172
Car -1 -1 0.00 412 178 457 204 -1 -1 -1 -1000 -1000 -1000 -10 0.614668
Car -1 -1 0.00 482 175 508 188 -1 -1 -1 -1000 -1000 -1000 -10 -0.289184
Car -1 -1 0.00 1114 168 1211 209 -1 -1 -1 -1000 -1000 -1000 -10 -0.393143
Car -1 -1 0.00 913 166 1110 227 -1 -1 -1 -1000 -1000 -1000 -10 -0.752418
Car -1 -1 0.00 1014 244 1043 268 -1 -1 -1 -1000 -1000 -1000 -10 -0.988842
Car -1 -1 0.00 327 71 355 100 -1 -1 -1 -1000 -1000 -1000 -10 -1.009
Car -1 -1 0.00 1114 -3 1152 22 -1 -1 -1 -1000 -1000 -1000 -10 -1.0221
