Car -1 -1 0.00 95 180 241 242 -1 -1 -1 -1000 -1000 -1000 -10 1.1499
Car -1 -1 0.00 611 168 660 210 -1 -1 -1 -1000 -1000 -1000 -10 0.851984
Car -1 -1 0.00 457 173 485 189 -1 -1 -1 -1000 -1000 -1000 -10 0.54375
Car -1 -1 0.00 671 166 723 188 -1 -1 -1 -1000 -1000 -1000 -10 -0.114495
Car -1 -1 0.00 818 115 842 136 -1 -1 -1 -1000 -1000 -1000 -10 -0.873161
Car -1 -1 0.00 79 147 106 168 -1 -1 -1 -1000 -1000 -1000 -10 -0.904476
Car -1 -1 0.00 1127 201 1164 226 -1 -1 -1 -1000 -1000 -1000 -10 -0.905596
Car -1 -1 0.00 1078 146 1102 167 -1 -1 -1 -1000 -1000 -1000 -10 -0.9169
Car -1 -1 0.00 923 118 971 173 -1 -1 -1 -1000 -1000 -1000 -10 -0.9852
Car -1 -1 0.00 980 156 1027 207 -1 -1 -1 -1000 -1000 -1000 -10 -0.991631
Car -1 -1 0.00 36 86 62 108 -1 -1 -1 -1000 -1000 -1000 -10 -0.995896
Car -1 -1 0.00 962 178 987 205 -1 -1 -1 -1000 -1000 -1000 -10 -0.997602
Car -1 -1 0.00 746 214 785 253 -1 -1 -1 -1000 -1000 -1000 -10 -1.01883
