Car -1 -1 0.00 725 171 1013 282 -1 -1 -1 -1000 -1000 -1000 -10 0.129887
Car -1 -1 0.00 426 161 519 243 -1 -1 -1 -1000 -1000 -1000 -10 0.0257072
Car -1 -1 0.00 355 165 493 255 -1 -1 -1 -1000 -1000 -1000 -10 -0.416779
Car -1 -1 0.00 598 174 646 197 -1 -1 -1 -1000 -1000 -1000 -10 -0.591366
Car -1 -1 0.00 663 177 786 217 -1 -1 -1 -1000 -1000 -1000 -10 -0.716792
Car -1 -1 0.00 1000 349 1053 373 -1 -1 -1 -1000 -1000 -1000 -10 -0.834316
Car -1 -1 0.00 972 140 1002 163 -1 -1 -1 -1000 -1000 -1000 -10 -0.88436
Car -1 -1 0.00 643 124 663 136 -1 -1 -1 -1000 -1000 -1000 -10 -0.936975
Car -1 -1 0.00 1181 210 1258 268 -1 -1 -1 -1000 -1000 -1000 -10 -0.958437
Car -1 -1 0.00 250 172 306 229 -1 -1 -1 -1000 -1000 -1000 -10 -0.961787
Car -1 -1 0.00 855 144 879 169 -1 -1 -1 -1000 -1000 -1000 -10 -0.966044
Car -1 -1 0.00 894 0 942 18 -1 -1 -1 -1000 -1000 -1000 -10 -0.98391
Car -1 -1 0.00 591 128 816 193 -1 -1 -1 -1000 -1000 -1000 -10 -0.991388
Car -1 -1 0.00 1096 -5 1174 16 -1 -1 -1 -1000 -1000 -1000 -10 -1.01185
Car -1 -1 0.00 22 148 48 167 -1 -1 -1 -1000 -1000 -1000 -10 -1.01787
Car -1 -1 0.00 39 180 170 244 -1 -1 -1 -1000 -1000 -1000 -10 -1.02161
