Car -1 -1 0.00 567 177 593 195 -1 -1 -1 -1000 -1000 -1000 -10 -0.22543
Car -1 -1 0.00 643 173 748 218 -1 -1 -1 -1000 -1000 -1000 -10 -0.479015
Car -1 -1 0.00 972 236 1060 308 -1 -1 -1 -1000 -1000 -1000 -10 -0.599339
Car -1 -1 0.00 580 175 610 195 -1 -1 -1 -1000 -1000 -1000 -10 -0.669735
Car -1 -1 0.00 962 168 1227 356 -1 -1 -1 -1000 -1000 -1000 -10 -0.677847
Car -1 -1 0.00 828 124 857 143 -1 -1 -1 -1000 -1000 -1000 -10 -0.891367
Car -1 -1 0.00 521 247 613 271 -1 -1 -1 -1000 -1000 -1000 -10 -0.93845
Car -1 -1 0.00 103 125 152 142 -1 -1 -1 -1000 -1000 -1000 -10 -0.980147
Car -1 -1 0.00 1165 85 1191 107 -1 -1 -1 -1000 -1000 -1000 -10 -0.99224
Car -1 -1 0.00 176 208 225 242 -1 -1 -1 -1000 -1000 -1000 -10 -0.999804
Car -1 -1 0.00 537 119 582 168 -1 -1 -1 -1000 -1000 -1000 -10 -1.00863
Car -1 -1 0.00 856 268 892 278 -1 -1 -1 -1000 -1000 -1000 -10 -1.02409
Car -1 -1 0.00 476 184 504 212 -1 -1 -1 -1000 -1000 -1000 -10 -1.02687
