Car -1 -1 0.00 529 177 569 205 -1 -1 -1 -1000 -1000 -1000 -10 1.89755
Car -1 -1 0.00 678 176 745 225 -1 -1 -1 -1000 -1000 -1000 -10 1.15769
Car -1 -1 0.00 510 171 539 193 -1 -1 -1 -1000 -1000 -1000 -10 0.944818
Car -1 -1 0.00 655 174 691 204 -1 -1 -1 -1000 -1000 -1000 -10 0.497471
Car -1 -1 0.00 761 180 1010 340 -1 -1 -1 -1000 -1000 -1000 -10 0.31114
Car -1 -1 0.00 564 176 586 193 -1 -1 -1 -1000 -1000 -1000 -10 0.0845374
Car -1 -1 0.00 134 365 163 377 -1 -1 -1 -1000 -1000 -1000 -10 -0.815492
Car -1 -1 0.00 977 98 1008 119 -1 -1 -1 -1000 -1000 -1000 -10 -0.891881
Car -1 -1 0.00 210 228 239 261 -1 -1 -1 -1000 -1000 -1000 -10 -0.933313
Car -1 -1 0.00 177 246 331 305 -1 -1 -1 -1000 -1000 -1000 -10 -0.965682
Car -1 -1 0.00 1042 46 1183 85 -1 -1 -1 -1000 -1000 -1000 -10 -0.991819
Car -1 -1 0.00 707 124 740 136 -1 -1 -1 -1000 -1000 -1000 -10 -0.993594
Car -1 -1 0.00 678 176 796 226 -1 -1 -1 -1000 -1000 -1000 -10 -0.994271
Car -1 -1 0.00 1154 189 1197 202 -1 -1 -1 -1000 -1000 -1000 -10 -1.01798
Car -1 -1 0.00 436 119 465 132 -1 -1 -1 -1000 -1000 -1000 -10 -1.02155
