Car -1 -1 0.00 694 157 832 259 -1 -1 -1 -1000 -1000 -1000 -10 1.66783
Car -1 -1 0.00 -1 179 415 326 -1 -1 -1 -1000 -1000 -1000 -10 1.32451
Car -1 -1 0.00 630 174 675 205 -1 -1 -1 -1000 -1000 -1000 -10 1.0592
Car -1 -1 0.00 265 176 510 263 -1 -1 -1 -1000 -1000 -1000 -10 0.201372
Car -1 -1 0.00 671 178 734 220 -1 -1 -1 -1000 -1000 -1000 -10 0.157979
Car -1 -1 0.00 568 170 594 189 -1 -1 -1 -1000 -1000 -1000 -10 0.039328
Car -1 -1 0.00 611 172 675 203 -1 -1 -1 -1000 -1000 -1000 -10 -0.184657
Car -1 -1 0.00 864 86 910 127 -1 -1 -1 -1000 -1000 -1000 -10 -0.768271
Car -1 -1 0.00 783 175 1015 371 -1 -1 -1 -1000 -1000 -1000 -10 -0.77543
Car -1 -1 0.00 865 96 904 124 -1 -1 -1 -1000 -1000 -1000 -10 -0.813756
Car -1 -1 0.00 487 167 521 197 -1 -1 -1 -1000 -1000 -1000 -10 -0.844844
Car -1 -1 0.00 405 154 448 168 -1 -1 -1 -1000 -1000 -1000 -10 -0.987779
Car -1 -1 0.00 738 343 778 356 -1 -1 -1 -1000 -1000 -1000 -10 -1.01639
Car -1 -1 0.00 65 48 145 76 -1 -1 -1 -1000 -1000 -1000 -10 -1.02454
