Car -1 -1 0.00 743 -2 772 22 -1 -1 -1 -1000 -1000 -1000 -10 -0.935588
Car -1 -1 0.00 1161 226 1188 242 -1 -1 -1 -1000 -1000 -1000 -10 -0.955594
Car -1 -1 0.00 686 178 769 201 -1 -1 -1 -1000 -1000 -1000 -10 -0.973532
Car -1 -1 0.00 958 99 1005 119 -1 -1 -1 -1000 -1000 -1000 -10 -0.978833
Car -1 -1 0.00 258 219 285 238 -1 -1 -1 -1000 -1000 -1000 -10 -0.978992
Car -1 -1 0.00 1227 -13 1252 13 -1 -1 -1 -1000 -1000 -1000 -10 -0.985122
Car -1 -1 0.00 286 19 316 50 -1 -1 -1 -1000 -1000 -1000 -10 -0.986962
Car -1 -1 0.00 834 200 876 215 -1 -1 -1 -1000 -1000 -1000 -10 -0.988228
Car -1 -1 0.00 100 42 151 81 -1 -1 -1 -1000 -1000 -1000 -10 -0.994262
Car -1 -1 0.00 756 35 820 62 -1 -1 -1 -1000 -1000 -1000 -10 -1.00024
Car -1 -1 0.00 1109 259 1142 273 -1 -1 -1 -1000 -1000 -1000 -10 -1.00535
Car -1 -1 0.00 1017 -1 1057 14 -1 -1 -1 -1000 -1000 -1000 -10 -1.0113
Car -1 -1 0.00 54 126 85 148 -1 -1 -1 -1000 -1000 -1000 -10 -1.01359
Car -1 -1 0.00 616 50 645 71 -1 -1 -1 -1000 -1000 -1000 -10 -1.01852
Car -1 -1 0.00 1150 251 1204 300 -1 -1 -1 -1000 -1000 -1000 -10 -1.0288
