Car -1 -1 0.00 748 173 1003 325 -1 -1 -1 -1000 -1000 -1000 -10 2.42456
Car -1 -1 0.00 665 180 769 244 -1 -1 -1 -1000 -1000 -1000 -10 1.86833
Car -1 -1 0.00 220 197 295 230 -1 -1 -1 -1000 -1000 -1000 -10 1.22106
Car -1 -1 0.00 121 201 227 244 -1 -1 -1 -1000 -1000 -1000 -10 0.867901
Car -1 -1 0.00 632 183 673 215 -1 -1 -1 -1000 -1000 -1000 -10 0.446866
Car -1 -1 0.00 562 181 608 193 -1 -1 -1 -1000 -1000 -1000 -10 0.205447
Car -1 -1 0.00 649 181 709 229 -1 -1 -1 -1000 -1000 -1000 -10 0.115766
Car -1 -1 0.00 -1 206 145 261 -1 -1 -1 -1000 -1000 -1000 -10 -0.0412472
Car -1 -1 0.00 609 182 636 204 -1 -1 -1 -1000 -1000 -1000 -10 -0.134066
Car -1 -1 0.00 625 183 665 213 -1 -1 -1 -1000 -1000 -1000 -10 -0.556051
Car -1 -1 0.00 437 187 478 199 -1 -1 -1 -1000 -1000 -1000 -10 -0.673022
Car -1 -1 0.00 566 182 599 195 -1 -1 -1 -1000 -1000 -1000 -10 -0.70885
Car -1 -1 0.00 297 182 360 223 -1 -1 -1 -1000 -1000 -1000 -10 -0.713923
Car -1 -1 0.00 377 180 413 205 -1 -1 -1 -1000 -1000 -1000 -10 -0.881183
Car -1 -1 0.00 781 1 944 55 -1 -1 -1 -1000 -1000 -1000 -10 -0.935477
Car -1 -1 0.00 609 188 642 205 -1 -1 -1 -1000 -1000 -1000 -10 -0.975268
Car -1 -1 0.00 701 125 724 153 -1 -1 -1 -1000 -1000 -1000 -10 -0.987014
