Car -1 -1 0.00 281 181 446 247 -1 -1 -1 -1000 -1000 -1000 -10 1.17242
Car -1 -1 0.00 641 177 673 200 -1 -1 -1 -1000 -1000 -1000 -10 1.07497
Car -1 -1 0.00 110 187 381 270 -1 -1 -1 -1000 -1000 -1000 -10 0.914041
Car -1 -1 0.00 593 172 624 204 -1 -1 -1 -1000 -1000 -1000 -10 0.402687
Car -1 -1 0.00 493 172 555 202 -1 -1 -1 -1000 -1000 -1000 -10 -0.364003
Car -1 -1 0.00 431 178 530 212 -1 -1 -1 -1000 -1000 -1000 -10 -0.707567
Car -1 -1 0.00 780 116 828 167 -1 -1 -1 -1000 -1000 -1000 -10 -0.916303
Car -1 -1 0.00 412 22 493 60 -1 -1 -1 -1000 -1000 -1000 -10 -0.988487
Car -1 -1 0.00 401 330 426 341 -1 -1 -1 -1000 -1000 -1000 -10 -1.00269
Car -1 -1 0.00 399 326 429 340 -1 -1 -1 -1000 -1000 -1000 -10 -1.01062
Car -1 -1 0.00 121 272 246 308 -1 -1 -1 -1000 -1000 -1000 -10 -1.02527
Car -1 -1 0.00 210 275 255 289 -1 -1 -1 -1000 -1000 -1000 -10 -1.02582
