Car -1 -1 0.00 819 188 1102 354 -1 -1 -1 -1000 -1000 -1000 -10 1.50637
Car -1 -1 0.00 727 179 823 244 -1 -1 -1 -1000 -1000 -1000 -10 0.706501
Car -1 -1 0.00 690 184 725 205 -1 -1 -1 -1000 -1000 -1000 -10 0.351113
Car -1 -1 0.00 719 186 767 220 -1 -1 -1 -1000 -1000 -1000 -10 -0.556257
Car -1 -1 0.00 214 269 251 285 -1 -1 -1 -1000 -1000 -1000 -10 -0.947998
Car -1 -1 0.00 531 -2 595 18 -1 -1 -1 -1000 -1000 -1000 -10 -0.981371
Car -1 -1 0.00 426 125 537 169 -1 -1 -1 -1000 -1000 -1000 -10 -0.986909
Car -1 -1 0.00 184 97 213 130 -1 -1 -1 -1000 -1000 -1000 -10 -0.994586
Car -1 -1 0.00 1194 -33 1275 65 -1 -1 -1 -1000 -1000 -1000 -10 -1.00873
Car -1 -1 0.00 537 170 562 191 -1 -1 -1 -1000 -1000 -1000 -10 -1.01279
Car -1 -1 0.00 75 30 152 58 -1 -1 -1 -1000 -1000 -1000 -10 -1.01708
Car -1 -1 0.00 149 165 195 198 -1 -1 -1 -1000 -1000 -1000 -10 -1.02188
Car -1 -1 0.00 500 -2 563 18 -1 -1 -1 -1000 -1000 -1000 -10 -1.0221
Car -1 -1 0.00 1227 116 1257 143 -1 -1 -1 -1000 -1000 -1000 -10 -1.02213
Car -1 -1 0.00 549 185 589 203 -1 -1 -1 -1000 -1000 -1000 -10 -1.02999
