Car -1 -1 0.00 501 179 555 215 -1 -1 -1 -1000 -1000 -1000 -10 1.02185
Car -1 -1 0.00 415 182 440 197 -1 -1 -1 -1000 -1000 -1000 -10 0.21847
Car -1 -1 0.00 412 119 466 150 -1 -1 -1 -1000 -1000 -1000 -10 -0.363046
Car -1 -1 0.00 598 215 643 225 -1 -1 -1 -1000 -1000 -1000 -10 -0.967082
Car -1 -1 0.00 723 259 765 296 -1 -1 -1 -1000 -1000 -1000 -10 -0.985876
Car -1 -1 0.00 153 204 188 215 -1 -1 -1 -1000 -1000 -1000 -10 -1.00023
Car -1 -1 0.00 1100 201 1134 224 -1 -1 -1 -1000 -1000 -1000 -10 -1.01482
Car -1 -1 0.00 73 138 97 165 -1 -1 -1 -1000 -1000 -1000 -10 -1.01784
Car -1 -1 0.00 93 226 128 237 -1 -1 -1 -1000 -1000 -1000 -10 -1.01972
Car -1 -1 0.00 800 205 838 235 -1 -1 -1 -1000 -1000 -1000 -10 -1.02655
Car -1 -1 0.00 875 69 909 87 -1 -1 -1 -1000 -1000 -1000 -10 -1.02869
