Car -1 -1 0.00 467 181 522 218 -1 -1 -1 -1000 -1000 -1000 -10 1.29178
Car -1 -1 0.00 88 50 151 79 -1 -1 -1 -1000 -1000 -1000 -10 -0.908143
Car -1 -1 0.00 802 -2 849 15 -1 -1 -1 -1000 -1000 -1000 -10 -0.976789
Car -1 -1 0.00 389 250 443 309 -1 -1 -1 -1000 -1000 -1000 -10 -0.980696
Car -1 -1 0.00 509 266 542 296 -1 -1 -1 -1000 -1000 -1000 -10 -0.981107
Car -1 -1 0.00 339 191 386 221 -1 -1 -1 -1000 -1000 -1000 -10 -0.981768
Car -1 -1 0.00 288 96 347 156 -1 -1 -1 -1000 -1000 -1000 -10 -0.985074
Car -1 -1 0.00 716 356 807 388 -1 -1 -1 -1000 -1000 -1000 -10 -0.989093
Car -1 -1 0.00 1198 184 1229 207 -1 -1 -1 -1000 -1000 -1000 -10 -0.993636
Car -1 -1 0.00 96 173 155 238 -1 -1 -1 -1000 -1000 -1000 -10 -0.998315
Car -1 -1 0.00 939 342 967 363 -1 -1 -1 -1000 -1000 -1000 -10 -0.998677
Car -1 -1 0.00 894 179 924 208 -1 -1 -1 -1000 -1000 -1000 -10 -1.00405
Car -1 -1 0.00 510 -2 576 18 -1 -1 -1 -1000 -1000 -1000 -10 -1.00669
Car -1 -1 0.00 613 -18 667 34 -1 -1 -1 -1000 -1000 -1000 -10 -1.01576
Car -1 -1 0.00 407 -2 470 18 -1 -1 -1 -1000 -1000 -1000 -10 -1.02207
Car -1 -1 0.00 468 -2 533 18 -1 -1 -1 -1000 -1000 -1000 -10 -1.02722
