Car -1 -1 0.00 644 162 770 221 -1 -1 -1 -1000 -1000 -1000 -10 -0.038065
Car -1 -1 0.00 726 162 907 239 -1 -1 -1 -1000 -1000 -1000 -10 -0.225999
Car -1 -1 0.00 548 160 627 197 -1 -1 -1 -1000 -1000 -1000 -10 -0.296491
Car -1 -1 0.00 749 173 1009 263 -1 -1 -1 -1000 -1000 -1000 -10 -0.524656
Car -1 -1 0.00 208 149 244 173 -1 -1 -1 -1000 -1000 -1000 -10 -0.6355
Car -1 -1 0.00 265 153 290 169 -1 -1 -1 -1000 -1000 -1000 -10 -0.644742
Car -1 -1 0.00 683 165 816 220 -1 -1 -1 -1000 -1000 -1000 -10 -0.695418
Car -1 -1 0.00 508 162 555 186 -1 -1 -1 -1000 -1000 -1000 -10 -0.705451
Car -1 -1 0.00 978 171 1042 204 -1 -1 -1 -1000 -1000 -1000 -10 -0.722066
Car -1 -1 0.00 865 177 1245 346 -1 -1 -1 -1000 -1000 -1000 -10 -0.729068
Car -1 -1 0.00 612 163 693 217 -1 -1 -1 -1000 -1000 -1000 -10 -0.760887
Car -1 -1 0.00 309 159 392 220 -1 -1 -1 -1000 -1000 -1000 -10 -0.818001
Car -1 -1 0.00 686 212 740 234 -1 -1 -1 -1000 -1000 -1000 -10 -0.898618
Car -1 -1 0.00 830 137 896 169 -1 -1 -1 -1000 -1000 -1000 -10 -0.992992
Car -1 -1 0.00 997 324 1075 405 -1 -1 -1 -1000 -1000 -1000 -10 -1.0103
Car -1 -1 0.00 406 155 465 174 -1 -1 -1 -1000 -1000 -1000 -10 -1.02537
Car -1 -1 0.00 288 57 334 79 -1 -1 -1 -1000 -1000 -1000 -10 -1.02883
