Car -1 -1 0.00 759 163 834 213 -1 -1 -1 -1000 -1000 -1000 -10 2.06626
Car -1 -1 0.00 80 210 222 276 -1 -1 -1 -1000 -1000 -1000 -10 1.36136
Car -1 -1 0.00 545 185 610 233 -1 -1 -1 -1000 -1000 -1000 -10 1.20838
Car -1 -1 0.00 707 169 743 198 -1 -1 -1 -1000 -1000 -1000 -10 -0.190289
Car -1 -1 0.00 577 175 614 205 -1 -1 -1 -1000 -1000 -1000 -10 -0.761186
Car -1 -1 0.00 1067 144 1266 239 -1 -1 -1 -1000 -1000 -1000 -10 -0.852348
Car -1 -1 0.00 829 159 918 199 -1 -1 -1 -1000 -1000 -1000 -10 -0.85353
Car -1 -1 0.00 313 96 349 123 -1 -1 -1 -1000 -1000 -1000 -10 -0.856659
Car -1 -1 0.00 122 82 192 125 -1 -1 -1 -1000 -1000 -1000 -10 -0.869024
Car -1 -1 0.00 730 171 795 205 -1 -1 -1 -1000 -1000 -1000 -10 -0.879811
Car -1 -1 0.00 58 206 289 271 -1 -1 -1 -1000 -1000 -1000 -10 -0.951414
Car -1 -1 0.00 1166 284 1191 296 -1 -1 -1 -1000 -1000 -1000 -10 -0.972433
Car -1 -1 0.00 1167 9 1194 30 -1 -1 -1 -1000 -1000 -1000 -10 -0.980683
Car -1 -1 0.00 1180 252 1212 284 -1 -1 -1 -1000 -1000 -1000 -10 -0.997511
Car -1 -1 0.00 169 154 222 170 -1 -1 -1 -1000 -1000 -1000 -10 -1.01199
