Car -1 -1 0.00 388 183 457 221 -1 -1 -1 -1000 -1000 -1000 -10 1.8277
Car -1 -1 0.00 728 177 788 219 -1 -1 -1 -1000 -1000 -1000 -10 1.54839
Car -1 -1 0.00 448 184 482 203 -1 -1 -1 -1000 -1000 -1000 -10 1.46212
Car -1 -1 0.00 477 178 505 198 -1 -1 -1 -1000 -1000 -1000 -10 1.17905
Car -1 -1 0.00 697 170 731 183 -1 -1 -1 -1000 -1000 -1000 -10 0.201432
Car -1 -1 0.00 614 172 636 191 -1 -1 -1 -1000 -1000 -1000 -10 0.171043
Car -1 -1 0.00 504 178 540 200 -1 -1 -1 -1000 -1000 -1000 -10 -0.0080172
Car -1 -1 0.00 179 172 306 230 -1 -1 -1 -1000 -1000 -1000 -10 -0.0778112
Car -1 -1 0.00 1067 143 1149 170 -1 -1 -1 -1000 -1000 -1000 -10 -0.163829
Car -1 -1 0.00 386 185 457 222 -1 -1 -1 -1000 -1000 -1000 -10 -0.499751
Car -1 -1 0.00 1137 142 1189 164 -1 -1 -1 -1000 -1000 -1000 -10 -0.677114
Car -1 -1 0.00 890 148 975 200 -1 -1 -1 -1000 -1000 -1000 -10 -0.741131
Car -1 -1 0.00 776 57 801 91 -1 -1 -1 -1000 -1000 -1000 -10 -0.952435
Car -1 -1 0.00 103 155 164 182 -1 -1 -1 -1000 -1000 -1000 -10 -0.989527
Car -1 -1 0.00 758 101 820 155 -1 -1 -1 -1000 -1000 -1000 -10 -1.02489
Car -1 -1 0.00 569 175 602 189 -1 -1 -1 -1000 -1000 -1000 -10 -1.02532
Car -1 -1 0.00 288 122 438 172 -1 -1 -1 -1000 -1000 -1000 -10 -1.02828
