Car -1 -1 0.00 538 184 579 203 -1 -1 -1 -1000 -1000 -1000 -10 1.0668
Car -1 -1 0.00 716 175 749 198 -1 -1 -1 -1000 -1000 -1000 -10 1.05363
Car -1 -1 0.00 587 188 686 268 -1 -1 -1 -1000 -1000 -1000 -10 0.99604
Car -1 -1 0.00 381 178 497 278 -1 -1 -1 -1000 -1000 -1000 -10 0.914185
Car -1 -1 0.00 323 192 412 235 -1 -1 -1 -1000 -1000 -1000 -10 0.752128
Car -1 -1 0.00 -8 202 212 308 -1 -1 -1 -1000 -1000 -1000 -10 0.425065
Car -1 -1 0.00 255 194 323 222 -1 -1 -1 -1000 -1000 -1000 -10 0.274132
Car -1 -1 0.00 1047 137 1071 160 -1 -1 -1 -1000 -1000 -1000 -10 -0.695982
Car -1 -1 0.00 1027 71 1057 86 -1 -1 -1 -1000 -1000 -1000 -10 -0.93476
Car -1 -1 0.00 302 160 379 182 -1 -1 -1 -1000 -1000 -1000 -10 -0.962471
Car -1 -1 0.00 1047 132 1071 155 -1 -1 -1 -1000 -1000 -1000 -10 -0.962532
Car -1 -1 0.00 626 179 677 215 -1 -1 -1 -1000 -1000 -1000 -10 -0.982564
Car -1 -1 0.00 695 188 723 213 -1 -1 -1 -1000 -1000 -1000 -10 -0.992456
Car -1 -1 0.00 365 141 405 159 -1 -1 -1 -1000 -1000 -1000 -10 -0.99788
Car -1 -1 0.00 994 163 1025 185 -1 -1 -1 -1000 -1000 -1000 -10 -1.00562
Car -1 -1 0.00 385 100 420 112 -1 -1 -1 -1000 -1000 -1000 -10 -1.00901
Car -1 -1 0.00 575 348 608 360 -1 -1 -1 -1000 -1000 -1000 -10 -1.02417
