Car -1 -1 0.00 619 174 668 209 -1 -1 -1 -1000 -1000 -1000 -10 0.772337
Car -1 -1 0.00 142 191 383 260 -1 -1 -1 -1000 -1000 -1000 -10 0.682434
Car -1 -1 0.00 360 172 480 221 -1 -1 -1 -1000 -1000 -1000 -10 0.375101
Car -1 -1 0.00 554 167 590 204 -1 -1 -1 -1000 -1000 -1000 -10 0.149458
Car -1 -1 0.00 273 185 431 242 -1 -1 -1 -1000 -1000 -1000 -10 -0.268025
Car -1 -1 0.00 480 175 510 196 -1 -1 -1 -1000 -1000 -1000 -10 -0.878807
Car -1 -1 0.00 1071 37 1121 60 -1 -1 -1 -1000 -1000 -1000 -10 -0.934747
Car -1 -1 0.00 931 99 984 116 -1 -1 -1 -1000 -1000 -1000 -10 -0.978764
Car -1 -1 0.00 225 188 321 224 -1 -1 -1 -1000 -1000 -1000 -10 -1.00819
Car -1 -1 0.00 229 132 254 162 -1 -1 -1 -1000 -1000 -1000 -10 -1.01303
Car -1 -1 0.00 749 262 781 282 -1 -1 -1 -1000 -1000 -1000 -10 -1.02635
