Car -1 -1 0.00 670 173 732 223 -1 -1 -1 -1000 -1000 -1000 -10 1.32569
Car -1 -1 0.00 741 178 912 297 -1 -1 -1 -1000 -1000 -1000 -10 1.23522
Car -1 -1 0.00 269 197 479 292 -1 -1 -1 -1000 -1000 -1000 -10 0.0823026
Car -1 -1 0.00 624 173 648 192 -1 -1 -1 -1000 -1000 -1000 -10 -0.113612
Car -1 -1 0.00 1 225 332 375 -1 -1 -1 -1000 -1000 -1000 -10 -0.531802
Car -1 -1 0.00 644 169 684 205 -1 -1 -1 -1000 -1000 -1000 -10 -0.624318
Car -1 -1 0.00 411 182 534 244 -1 -1 -1 -1000 -1000 -1000 -10 -0.69624
Car -1 -1 0.00 1114 139 1166 184 -1 -1 -1 -1000 -1000 -1000 -10 -0.696398
Car -1 -1 0.00 579 333 694 376 -1 -1 -1 -1000 -1000 -1000 -10 -0.956288
Car -1 -1 0.00 316 68 342 91 -1 -1 -1 -1000 -1000 -1000 -10 -0.99842
Car -1 -1 0.00 248 190 331 245 -1 -1 -1 -1000 -1000 -1000 -10 -1.0109
Car -1 -1 0.00 892 16 925 50 -1 -1 -1 -1000 -1000 -1000 -10 -1.02977
