Car -1 -1 0.00 487 182 537 215 -1 -1 -1 -1000 -1000 -1000 -10 1.13443
Car -1 -1 0.00 526 180 554 201 -1 -1 -1 -1000 -1000 -1000 -10 0.617818
Car -1 -1 0.00 629 175 654 192 -1 -1 -1 -1000 -1000 -1000 -10 -0.705293
Car -1 -1 0.00 753 173 787 193 -1 -1 -1 -1000 -1000 -1000 -10 -0.896763
Car -1 -1 0.00 989 144 1021 174 -1 -1 -1 -1000 -1000 -1000 -10 -0.912431
Car -1 -1 0.00 987 135 1027 171 -1 -1 -1 -1000 -1000 -1000 -10 -0.987101
Car -1 -1 0.00 514 353 544 374 -1 -1 -1 -1000 -1000 -1000 -10 -0.987978
Car -1 -1 0.00 495 283 573 347 -1 -1 -1 -1000 -1000 -1000 -10 -0.995642
Car -1 -1 0.00 991 55 1023 74 -1 -1 -1 -1000 -1000 -1000 -10 -1.00251
Car -1 -1 0.00 1063 290 1087 301 -1 -1 -1 -1000 -1000 -1000 -10 -1.00307
Car -1 -1 0.00 153 164 190 181 -1 -1 -1 -1000 -1000 -1000 -10 -1.0039
Car -1 -1 0.00 461 237 506 256 -1 -1 -1 -1000 -1000 -1000 -10 -1.01008
Car -1 -1 0.00 853 281 901 318 -1 -1 -1 -1000 -1000 -1000 -10 -1.01059
Car -1 -1 0.00 737 94 768 120 -1 -1 -1 -1000 -1000 -1000 -10 -1.01546
Car -1 -1 0.00 559 212 625 233 -1 -1 -1 -1000 -1000 -1000 -10 -1.01696
Car -1 -1 0.00 1002 160 1038 185 -1 -1 -1 -1000 -1000 -1000 -10 -1.02222
Car -1 -1 0.00 600 -13 631 14 -1 -1 -1 -1000 -1000 -1000 -10 -1.02839
