Car -1 -1 0.00 661 51 708 69 -1 -1 -1 -1000 -1000 -1000 -10 -0.648709
Car -1 -1 0.00 105 85 184 121 -1 -1 -1 -1000 -1000 -1000 -10 -0.714287
Car -1 -1 0.00 354 43 380 56 -1 -1 -1 -1000 -1000 -1000 -10 -0.904689
Car -1 -1 0.00 240 185 412 258 -1 -1 -1 -1000 -1000 -1000 -10 -0.935964
Car -1 -1 0.00 838 209 862 230 -1 -1 -1 -1000 -1000 -1000 -10 -0.952705
Car -1 -1 0.00 213 46 246 64 -1 -1 -1 -1000 -1000 -1000 -10 -0.953871
Car -1 -1 0.00 244 259 275 281 -1 -1 -1 -1000 -1000 -1000 -10 -0.964638
Car -1 -1 0.00 973 -3 1063 25 -1 -1 -1 -1000 -1000 -1000 -10 -0.971269
Car -1 -1 0.00 631 329 680 369 -1 -1 -1 -1000 -1000 -1000 -10 -0.998046
Car -1 -1 0.00 454 83 484 96 -1 -1 -1 -1000 -1000 -1000 -10 -1.0082
Car -1 -1 0.00 1022 13 1092 35 -1 -1 -1 -1000 -1000 -1000 -10 -1.00989
Car -1 -1 0.00 -14 127 12 155 -1 -1 -1 -1000 -1000 -1000 -10 -1.01069
Car -1 -1 0.00 545 302 600 361 -1 -1 -1 -1000 -1000 -1000 -10 -1.01095
Car -1 -1 0.00 494 342 532 371 -1 -1 -1 -1000 -1000 -1000 -10 -1.01209
Car -1 -1 0.00 17 203 49 236 -1 -1 -1 -1000 -1000 -1000 -10 -1.01851
Car -1 -1 0.00 106 48 158 75 -1 -1 -1 -1000 -1000 -1000 -10 -1.02039
Car -1 -1 0.00 295 152 343 177 -1 -1 -1 -1000 -1000 -1000 -10 -1.02494
