Car -1 -1 0.00 708 52 743 67 -1 -1 -1 -1000 -1000 -1000 -10 -0.805067
Car -1 -1 0.00 431 266 484 287 -1 -1 -1 -1000 -1000 -1000 -10 -0.84867
Car -1 -1 0.00 120 89 185 121 -1 -1 -1 -1000 -1000 -1000 -10 -0.858569
Car -1 -1 0.00 945 113 1003 136 -1 -1 -1 -1000 -1000 -1000 -10 -0.959447
Car -1 -1 0.00 584 284 623 322 -1 -1 -1 -1000 -1000 -1000 -10 -0.960645
Car -1 -1 0.00 1168 107 1197 138 -1 -1 -1 -1000 -1000 -1000 -10 -0.982314
Car -1 -1 0.00 123 82 155 98 -1 -1 -1 -1000 -1000 -1000 -10 -0.994309
Car -1 -1 0.00 490 285 521 318 -1 -1 -1 -1000 -1000 -1000 -10 -0.996396
Car -1 -1 0.00 1144 211 1182 245 -1 -1 -1 -1000 -1000 -1000 -10 -1.00806
Car -1 -1 0.00 469 265 527 288 -1 -1 -1 -1000 -1000 -1000 -10 -1.01296
Car -1 -1 0.00 545 303 599 361 -1 -1 -1 -1000 -1000 -1000 -10 -1.01605
