Car -1 -1 0.00 734 174 764 196 -1 -1 -1 -1000 -1000 -1000 -10 0.257931
Car -1 -1 0.00 560 180 584 198 -1 -1 -1 -1000 -1000 -1000 -10 0.257922
Car -1 -1 0.00 851 166 920 206 -1 -1 -1 -1000 -1000 -1000 -10 -0.686
Car -1 -1 0.00 952 167 1087 210 -1 -1 -1 -1000 -1000 -1000 -10 -0.857789
Car -1 -1 0.00 678 42 710 66 -1 -1 -1 -1000 -1000 -1000 -10 -0.931523
Car -1 -1 0.00 902 171 1033 223 -1 -1 -1 -1000 -1000 -1000 -10 -0.962489
Car -1 -1 0.00 467 141 503 181 -1 -1 -1 -1000 -1000 -1000 -10 -0.993081
Car -1 -1 0.00 960 3 1001 40 -1 -1 -1 -1000 -1000 -1000 -10 -0.999357
Car -1 -1 0.00 157 113 212 130 -1 -1 -1 -1000 -1000 -1000 -10 -1.00005
Car -1 -1 0.00 741 339 768 360 -1 -1 -1 -1000 -1000 -1000 -10 -1.00063
Car -1 -1 0.00 835 12 930 58 -1 -1 -1 -1000 -1000 -1000 -10 -1.01471
Car -1 -1 0.00 383 199 413 232 -1 -1 -1 -1000 -1000 -1000 -10 -1.01646
Car -1 -1 0.00 407 124 442 165 -1 -1 -1 -1000 -1000 -1000 -10 -1.01678
Car -1 -1 0.00 771 171 866 247 -1 -1 -1 -1000 -1000 -1000 -10 -1.01858
Car -1 -1 0.00 810 47 838 59 -1 -1 -1 -1000 -1000 -1000 -10 -1.02084
Car -1 -1 0.00 1204 41 1230 63 -1 -1 -1 -1000 -1000 -1000 -10 -1.02434
Car -1 -1 0.00 277 210 299 238 -1 -1 -1 -1000 -1000 -1000 -10 -1.02754
