Car -1 -1 0.00 757 164 825 190 -1 -1 -1 -1000 -1000 -1000 -10 1.0366
Car -1 -1 0.00 566 162 645 233 -1 -1 -1 -1000 -1000 -1000 -10 0.741644
Car -1 -1 0.00 45 186 187 253 -1 -1 -1 -1000 -1000 -1000 -10 0.403695
Car -1 -1 0.00 507 170 534 187 -1 -1 -1 -1000 -1000 -1000 -10 0.348982
Car -1 -1 0.00 1097 157 1170 182 -1 -1 -1 -1000 -1000 -1000 -10 0.203176
Car -1 -1 0.00 311 174 351 191 -1 -1 -1 -1000 -1000 -1000 -10 -0.510297
Car -1 -1 0.00 332 181 358 191 -1 -1 -1 -1000 -1000 -1000 -10 -0.542147
Car -1 -1 0.00 373 173 422 190 -1 -1 -1 -1000 -1000 -1000 -10 -0.66039
Car -1 -1 0.00 347 180 374 191 -1 -1 -1 -1000 -1000 -1000 -10 -0.824136
Car -1 -1 0.00 136 178 170 202 -1 -1 -1 -1000 -1000 -1000 -10 -0.910324
Car -1 -1 0.00 201 176 260 195 -1 -1 -1 -1000 -1000 -1000 -10 -0.911298
Car -1 -1 0.00 300 176 351 191 -1 -1 -1 -1000 -1000 -1000 -10 -0.922301
Car -1 -1 0.00 713 236 747 262 -1 -1 -1 -1000 -1000 -1000 -10 -0.937204
Car -1 -1 0.00 147 309 220 374 -1 -1 -1 -1000 -1000 -1000 -10 -0.987817
Car -1 -1 0.00 879 61 1197 172 -1 -1 -1 -1000 -1000 -1000 -10 -0.991828
Car -1 -1 0.00 89 307 117 333 -1 -1 -1 -1000 -1000 -1000 -10 -0.995168
Car -1 -1 0.00 678 180 750 205 -1 -1 -1 -1000 -1000 -1000 -10 -1.00763
Car -1 -1 0.00 409 295 477 365 -1 -1 -1 -1000 -1000 -1000 -10 -1.02062
