Car -1 -1 0.00 941 335 1040 369 -1 -1 -1 -1000 -1000 -1000 -10 -0.684992
Car -1 -1 0.00 792 115 832 133 -1 -1 -1 -1000 -1000 -1000 -10 -0.817595
Car -1 -1 0.00 1022 91 1132 123 -1 -1 -1 -1000 -1000 -1000 -10 -0.825306
Car -1 -1 0.00 625 51 651 60 -1 -1 -1 -1000 -1000 -1000 -10 -0.899384
Car -1 -1 0.00 373 268 415 281 -1 -1 -1 -1000 -1000 -1000 -10 -0.961088
Car -1 -1 0.00 105 90 187 127 -1 -1 -1 -1000 -1000 -1000 -10 -0.973407
Car -1 -1 0.00 587 232 672 296 -1 -1 -1 -1000 -1000 -1000 -10 -0.987612
Car -1 -1 0.00 594 278 657 321 -1 -1 -1 -1000 -1000 -1000 -10 -1.00106
Car -1 -1 0.00 250 123 305 151 -1 -1 -1 -1000 -1000 -1000 -10 -1.00664
Car -1 -1 0.00 870 92 910 109 -1 -1 -1 -1000 -1000 -1000 -10 -1.01914
Car -1 -1 0.00 386 292 412 315 -1 -1 -1 -1000 -1000 -1000 -10 -1.02421
Car -1 -1 0.00 1139 205 1183 245 -1 -1 -1 -1000 -1000 -1000 -10 -1.0265
