Car -1 -1 0.00 679 196 763 254 -1 -1 -1 -1000 -1000 -1000 -10 1.36063
Car -1 -1 0.00 51 186 185 237 -1 -1 -1 -1000 -1000 -1000 -10 0.564762
Car -1 -1 0.00 659 189 709 230 -1 -1 -1 -1000 -1000 -1000 -10 0.431177
Car -1 -1 0.00 580 182 616 199 -1 -1 -1 -1000 -1000 -1000 -10 0.355822
Car -1 -1 0.00 175 172 286 222 -1 -1 -1 -1000 -1000 -1000 -10 0.25431
Car -1 -1 0.00 759 204 1162 372 -1 -1 -1 -1000 -1000 -1000 -10 -0.282629
Car -1 -1 0.00 617 98 686 127 -1 -1 -1 -1000 -1000 -1000 -10 -0.937684
Car -1 -1 0.00 315 82 340 105 -1 -1 -1 -1000 -1000 -1000 -10 -0.966605
Car -1 -1 0.00 923 208 954 227 -1 -1 -1 -1000 -1000 -1000 -10 -0.96674
Car -1 -1 0.00 720 204 763 234 -1 -1 -1 -1000 -1000 -1000 -10 -0.97392
Car -1 -1 0.00 431 186 503 218 -1 -1 -1 -1000 -1000 -1000 -10 -0.983154
Car -1 -1 0.00 485 200 508 217 -1 -1 -1 -1000 -1000 -1000 -10 -0.990178
Car -1 -1 0.00 318 193 354 207 -1 -1 -1 -1000 -1000 -1000 -10 -1.00042
Car -1 -1 0.00 331 227 368 251 -1 -1 -1 -1000 -1000 -1000 -10 -1.01129
Car -1 -1 0.00 610 -19 654 20 -1 -1 -1 -1000 -1000 -1000 -10 -1.02192
Car -1 -1 0.00 322 94 353 105 -1 -1 -1 -1000 -1000 -1000 -10 -1.02303
