Car -1 -1 0.00 559 139 639 200 -1 -1 -1 -1000 -1000 -1000 -10 -0.683087
Car -1 -1 0.00 702 291 724 303 -1 -1 -1 -1000 -1000 -1000 -10 -0.845017
Car -1 -1 0.00 613 200 652 212 -1 -1 -1 -1000 -1000 -1000 -10 -0.889699
Car -1 -1 0.00 538 358 568 379 -1 -1 -1 -1000 -1000 -1000 -10 -0.950646
Car -1 -1 0.00 203 89 231 110 -1 -1 -1 -1000 -1000 -1000 -10 -0.965797
Car -1 -1 0.00 793 142 820 160 -1 -1 -1 -1000 -1000 -1000 -10 -0.971039
Car -1 -1 0.00 785 287 827 300 -1 -1 -1 -1000 -1000 -1000 -10 -0.978654
Car -1 -1 0.00 1110 46 1148 74 -1 -1 -1 -1000 -1000 -1000 -10 -1.00489
Car -1 -1 0.00 433 222 479 261 -1 -1 -1 -1000 -1000 -1000 -10 -1.00723
Car -1 -1 0.00 286 266 316 299 -1 -1 -1 -1000 -1000 -1000 -10 -1.01002
Car -1 -1 0.00 48 91 83 101 -1 -1 -1 -1000 -1000 -1000 -10 -1.01711
Car -1 -1 0.00 485 269 515 300 -1 -1 -1 -1000 -1000 -1000 -10 -1.01759
