Car -1 -1 0.00 515 177 543 197 -1 -1 -1 -1000 -1000 -1000 -10 1.59853
Car -1 -1 0.00 392 181 481 244 -1 -1 -1 -1000 -1000 -1000 -10 1.33321
Car -1 -1 0.00 489 173 514 191 -1 -1 -1 -1000 -1000 -1000 -10 1.1519
Car -1 -1 0.00 614 174 652 203 -1 -1 -1 -1000 -1000 -1000 -10 -0.167139
Car -1 -1 0.00 285 247 340 290 -1 -1 -1 -1000 -1000 -1000 -10 -0.545827
Car -1 -1 0.00 261 -2 342 56 -1 -1 -1 -1000 -1000 -1000 -10 -0.675106
Car -1 -1 0.00 612 174 671 211 -1 -1 -1 -1000 -1000 -1000 -10 -0.78586
Car -1 -1 0.00 300 272 324 295 -1 -1 -1 -1000 -1000 -1000 -10 -0.879305
Car -1 -1 0.00 604 175 630 196 -1 -1 -1 -1000 -1000 -1000 -10 -0.905318
Car -1 -1 0.00 1093 191 1127 229 -1 -1 -1 -1000 -1000 -1000 -10 -0.921701
Car -1 -1 0.00 543 -2 570 27 -1 -1 -1 -1000 -1000 -1000 -10 -0.966666
Car -1 -1 0.00 1134 44 1214 82 -1 -1 -1 -1000 -1000 -1000 -10 -1.01071
Car -1 -1 0.00 1131 142 1164 153 -1 -1 -1 -1000 -1000 -1000 -10 -1.0264
