Car -1 -1 0.00 448 165 485 191 -1 -1 -1 -1000 -1000 -1000 -10 1.85151
Car -1 -1 0.00 808 158 954 217 -1 -1 -1 -1000 -1000 -1000 -10 -0.264346
Car -1 -1 0.00 476 167 500 184 -1 -1 -1 -1000 -1000 -1000 -10 -0.513017
Car -1 -1 0.00 1160 234 1204 264 -1 -1 -1 -1000 -1000 -1000 -10 -0.881045
Car -1 -1 0.00 813 261 837 287 -1 -1 -1 -1000 -1000 -1000 -10 -0.938829
Car -1 -1 0.00 510 166 551 181 -1 -1 -1 -1000 -1000 -1000 -10 -0.968823
Car -1 -1 0.00 1124 -33 1243 93 -1 -1 -1 -1000 -1000 -1000 -10 -0.985582
Car -1 -1 0.00 1113 -2 1143 26 -1 -1 -1 -1000 -1000 -1000 -10 -0.994672
Car -1 -1 0.00 476 300 510 323 -1 -1 -1 -1000 -1000 -1000 -10 -0.994974
Car -1 -1 0.00 473 335 515 369 -1 -1 -1 -1000 -1000 -1000 -10 -1.00894
Car -1 -1 0.00 956 78 986 112 -1 -1 -1 -1000 -1000 -1000 -10 -1.01999
Car -1 -1 0.00 505 249 541 273 -1 -1 -1 -1000 -1000 -1000 -10 -1.02232
Car -1 -1 0.00 149 134 173 146 -1 -1 -1 -1000 -1000 -1000 -10 -1.02575
Car -1 -1 0.00 1168 314 1209 347 -1 -1 -1 -1000 -1000 -1000 -10 -1.02762
