Car -1 -1 0.00 550 186 599 222 -1 -1 -1 -1000 -1000 -1000 -10 1.32605
Car -1 -1 0.00 603 182 643 207 -1 -1 -1 -1000 -1000 -1000 -10 0.951182
Car -1 -1 0.00 454 186 551 247 -1 -1 -1 -1000 -1000 -1000 -10 0.124148
Car -1 -1 0.00 50 133 76 154 -1 -1 -1 -1000 -1000 -1000 -10 -0.939738
Car -1 -1 0.00 664 174 687 197 -1 -1 -1 -1000 -1000 -1000 -10 -0.953204
Car -1 -1 0.00 1094 150 1121 178 -1 -1 -1 -1000 -1000 -1000 -10 -0.96909
Car -1 -1 0.00 773 189 802 213 -1 -1 -1 -1000 -1000 -1000 -10 -1.00175
Car -1 -1 0.00 986 86 1015 106 -1 -1 -1 -1000 -1000 -1000 -10 -1.00424
Car -1 -1 0.00 538 316 606 345 -1 -1 -1 -1000 -1000 -1000 -10 -1.00498
Car -1 -1 0.00 1029 169 1053 198 -1 -1 -1 -1000 -1000 -1000 -10 -1.02056
Car -1 -1 0.00 997 202 1022 213 -1 -1 -1 -1000 -1000 -1000 -10 -1.02306
