Car -1 -1 0.00 209 180 293 220 -1 -1 -1 -1000 -1000 -1000 -10 2.17219
Car -1 -1 0.00 664 177 737 233 -1 -1 -1 -1000 -1000 -1000 -10 1.53806
Car -1 -1 0.00 572 172 641 236 -1 -1 -1 -1000 -1000 -1000 -10 1.5357
Car -1 -1 0.00 362 172 414 203 -1 -1 -1 -1000 -1000 -1000 -10 1.10225
Car -1 -1 0.00 785 194 1067 367 -1 -1 -1 -1000 -1000 -1000 -10 0.494379
Car -1 -1 0.00 643 174 684 210 -1 -1 -1 -1000 -1000 -1000 -10 0.356315
Car -1 -1 0.00 723 185 866 288 -1 -1 -1 -1000 -1000 -1000 -10 0.288973
Car -1 -1 0.00 285 174 349 209 -1 -1 -1 -1000 -1000 -1000 -10 0.241591
Car -1 -1 0.00 1 184 129 247 -1 -1 -1 -1000 -1000 -1000 -10 -0.193723
Car -1 -1 0.00 399 174 428 197 -1 -1 -1 -1000 -1000 -1000 -10 -0.246722
Car -1 -1 0.00 675 176 760 235 -1 -1 -1 -1000 -1000 -1000 -10 -0.329491
Car -1 -1 0.00 266 174 364 212 -1 -1 -1 -1000 -1000 -1000 -10 -0.764028
Car -1 -1 0.00 843 173 866 199 -1 -1 -1 -1000 -1000 -1000 -10 -0.966136
Car -1 -1 0.00 646 186 675 210 -1 -1 -1 -1000 -1000 -1000 -10 -1.00422
Car -1 -1 0.00 1084 228 1125 241 -1 -1 -1 -1000 -1000 -1000 -10 -1.01076
Car -1 -1 0.00 362 362 389 387 -1 -1 -1 -1000 -1000 -1000 -10 -1.0136
Car -1 -1 0.00 108 296 184 368 -1 -1 -1 -1000 -1000 -1000 -10 -1.02503
