Car -1 -1 0.00 221 183 331 227 -1 -1 -1 -1000 -1000 -1000 -10 2.44635
Car -1 -1 0.00 758 176 922 276 -1 -1 -1 -1000 -1000 -1000 -10 1.35595
Car -1 -1 0.00 662 185 707 212 -1 -1 -1 -1000 -1000 -1000 -10 1.01429
Car -1 -1 0.00 279 189 497 324 -1 -1 -1 -1000 -1000 -1000 -10 0.937865
Car -1 -1 0.00 510 178 563 221 -1 -1 -1 -1000 -1000 -1000 -10 0.374704
Car -1 -1 0.00 1020 197 1204 262 -1 -1 -1 -1000 -1000 -1000 -10 0.217692
Car -1 -1 0.00 413 186 524 261 -1 -1 -1 -1000 -1000 -1000 -10 -0.100695
Car -1 -1 0.00 153 181 242 223 -1 -1 -1 -1000 -1000 -1000 -10 -0.179575
Car -1 -1 0.00 123 179 238 224 -1 -1 -1 -1000 -1000 -1000 -10 -0.689885
Car -1 -1 0.00 163 281 337 362 -1 -1 -1 -1000 -1000 -1000 -10 -0.756536
Car -1 -1 0.00 562 177 589 197 -1 -1 -1 -1000 -1000 -1000 -10 -0.797605
Car -1 -1 0.00 968 218 1003 242 -1 -1 -1 -1000 -1000 -1000 -10 -0.819592
Car -1 -1 0.00 1171 144 1214 190 -1 -1 -1 -1000 -1000 -1000 -10 -0.882244
Car -1 -1 0.00 1186 221 1223 237 -1 -1 -1 -1000 -1000 -1000 -10 -0.893053
Car -1 -1 0.00 1196 246 1221 273 -1 -1 -1 -1000 -1000 -1000 -10 -0.904382
Car -1 -1 0.00 369 179 407 196 -1 -1 -1 -1000 -1000 -1000 -10 -0.913759
Car -1 -1 0.00 387 190 522 255 -1 -1 -1 -1000 -1000 -1000 -10 -0.914422
Car -1 -1 0.00 1004 199 1078 221 -1 -1 -1 -1000 -1000 -1000 -10 -0.917248
Car -1 -1 0.00 316 178 342 199 -1 -1 -1 -1000 -1000 -1000 -10 -0.922435
Car -1 -1 0.00 661 178 770 215 -1 -1 -1 -1000 -1000 -1000 -10 -0.986474
Car -1 -1 0.00 622 8 689 33 -1 -1 -1 -1000 -1000 -1000 -10 -1.00706
Car -1 -1 0.00 515 177 581 221 -1 -1 -1 -1000 -1000 -1000 -10 -1.01752
Car -1 -1 0.00 1148 162 1182 178 -1 -1 -1 -1000 -1000 -1000 -10 -1.02012
Car -1 -1 0.00 1151 71 1176 100 -1 -1 -1 -1000 -1000 -1000 -10 -1.02094
Car -1 -1 0.00 335 110 391 127 -1 -1 -1 -1000 -1000 -1000 -10 -1.02213
