Car -1 -1 0.00 585 182 640 231 -1 -1 -1 -1000 -1000 -1000 -10 -0.558912
Car -1 -1 0.00 482 352 588 384 -1 -1 -1 -1000 -1000 -1000 -10 -0.944439
Car -1 -1 0.00 135 273 163 295 -1 -1 -1 -1000 -1000 -1000 -10 -0.950394
Car -1 -1 0.00 449 70 486 105 -1 -1 -1 -1000 -1000 -1000 -10 -0.985273
Car -1 -1 0.00 379 293 404 312 -1 -1 -1 -1000 -1000 -1000 -10 -0.985419
Car -1 -1 0.00 493 268 526 283 -1 -1 -1 -1000 -1000 -1000 -10 -1.01204
Car -1 -1 0.00 344 227 370 255 -1 -1 -1 -1000 -1000 -1000 -10 -1.01482
Car -1 -1 0.00 138 245 168 270 -1 -1 -1 -1000 -1000 -1000 -10 -1.01699
Car -1 -1 0.00 517 295 563 331 -1 -1 -1 -1000 -1000 -1000 -10 -1.01915
Car -1 -1 0.00 593 170 616 181 -1 -1 -1 -1000 -1000 -1000 -10 -1.01943
