Car -1 -1 0.00 147 184 327 255 -1 -1 -1 -1000 -1000 -1000 -10 1.10693
Car -1 -1 0.00 749 176 801 226 -1 -1 -1 -1000 -1000 -1000 -10 1.00402
Car -1 -1 0.00 658 178 698 215 -1 -1 -1 -1000 -1000 -1000 -10 0.566126
Car -1 -1 0.00 725 181 775 217 -1 -1 -1 -1000 -1000 -1000 -10 0.279414
Car -1 -1 0.00 410 183 489 225 -1 -1 -1 -1000 -1000 -1000 -10 -0.831203
Car -1 -1 0.00 728 183 758 220 -1 -1 -1 -1000 -1000 -1000 -10 -0.899437
Car -1 -1 0.00 46 136 76 164 -1 -1 -1 -1000 -1000 -1000 -10 -0.920667
Car -1 -1 0.00 688 232 727 255 -1 -1 -1 -1000 -1000 -1000 -10 -0.928893
Car -1 -1 0.00 -13 74 11 100 -1 -1 -1 -1000 -1000 -1000 -10 -1.01032
Car -1 -1 0.00 855 188 883 207 -1 -1 -1 -1000 -1000 -1000 -10 -1.02768
Car -1 -1 0.00 262 -4 381 34 -1 -1 -1 -1000 -1000 -1000 -10 -1.02965
