Car -1 -1 0.00 396 168 568 275 -1 -1 -1 -1000 -1000 -1000 -10 0.795463
Car -1 -1 0.00 792 169 1089 372 -1 -1 -1 -1000 -1000 -1000 -10 0.68024
Car -1 -1 0.00 630 175 736 220 -1 -1 -1 -1000 -1000 -1000 -10 0.272894
Car -1 -1 0.00 839 166 881 180 -1 -1 -1 -1000 -1000 -1000 -10 -0.249996
Car -1 -1 0.00 723 162 836 242 -1 -1 -1 -1000 -1000 -1000 -10 -0.435357
Car -1 -1 0.00 -49 184 81 247 -1 -1 -1 -1000 -1000 -1000 -10 -0.901998
Car -1 -1 0.00 78 198 161 228 -1 -1 -1 -1000 -1000 -1000 -10 -0.922376
Car -1 -1 0.00 871 133 897 155 -1 -1 -1 -1000 -1000 -1000 -10 -0.935809
Car -1 -1 0.00 643 124 676 136 -1 -1 -1 -1000 -1000 -1000 -10 -0.953933
Car -1 -1 0.00 360 31 411 85 -1 -1 -1 -1000 -1000 -1000 -10 -0.992029
Car -1 -1 0.00 234 68 367 110 -1 -1 -1 -1000 -1000 -1000 -10 -0.992222
Car -1 -1 0.00 835 24 867 38 -1 -1 -1 -1000 -1000 -1000 -10 -0.994565
Car -1 -1 0.00 32 234 59 248 -1 -1 -1 -1000 -1000 -1000 -10 -0.996239
Car -1 -1 0.00 394 258 417 280 -1 -1 -1 -1000 -1000 -1000 -10 -1.00065
