Car -1 -1 0.00 419 174 468 207 -1 -1 -1 -1000 -1000 -1000 -10 0.631535
Car -1 -1 0.00 517 177 543 195 -1 -1 -1 -1000 -1000 -1000 -10 0.596234
Car -1 -1 0.00 322 183 369 202 -1 -1 -1 -1000 -1000 -1000 -10 -0.0633273
Car -1 -1 0.00 285 185 325 206 -1 -1 -1 -1000 -1000 -1000 -10 -0.175824
Car -1 -1 0.00 282 186 304 206 -1 -1 -1 -1000 -1000 -1000 -10 -0.470437
Car -1 -1 0.00 358 182 395 199 -1 -1 -1 -1000 -1000 -1000 -10 -0.481536
Car -1 -1 0.00 362 188 393 200 -1 -1 -1 -1000 -1000 -1000 -10 -0.896758
Car -1 -1 0.00 1161 35 1187 64 -1 -1 -1 -1000 -1000 -1000 -10 -0.96054
Car -1 -1 0.00 879 189 903 201 -1 -1 -1 -1000 -1000 -1000 -10 -0.996957
Car -1 -1 0.00 722 242 754 269 -1 -1 -1 -1000 -1000 -1000 -10 -1.00342
Car -1 -1 0.00 304 53 351 98 -1 -1 -1 -1000 -1000 -1000 -10 -1.00496
Car -1 -1 0.00 994 13 1020 40 -1 -1 -1 -1000 -1000 -1000 -10 -1.00537
Car -1 -1 0.00 379 269 451 294 -1 -1 -1 -1000 -1000 -1000 -10 -1.0271
