Car -1 -1 0.00 707 297 755 328 -1 -1 -1 -1000 -1000 -1000 -10 -0.924678
Car -1 -1 0.00 721 360 747 370 -1 -1 -1 -1000 -1000 -1000 -10 -0.941897
Car -1 -1 0.00 1151 181 1179 194 -1 -1 -1 -1000 -1000 -1000 -10 -0.960351
Car -1 -1 0.00 1145 117 1168 131 -1 -1 -1 -1000 -1000 -1000 -10 -0.970592
Car -1 -1 0.00 741 360 769 377 -1 -1 -1 -1000 -1000 -1000 -10 -0.97412
Car -1 -1 0.00 593 119 637 163 -1 -1 -1 -1000 -1000 -1000 -10 -0.986738
Car -1 -1 0.00 489 15 520 47 -1 -1 -1 -1000 -1000 -1000 -10 -0.988402
Car -1 -1 0.00 1060 357 1098 389 -1 -1 -1 -1000 -1000 -1000 -10 -0.994505
Car -1 -1 0.00 16 338 40 350 -1 -1 -1 -1000 -1000 -1000 -10 -1.00188
Car -1 -1 0.00 568 198 597 220 -1 -1 -1 -1000 -1000 -1000 -10 -1.00256
Car -1 -1 0.00 1191 278 1215 291 -1 -1 -1 -1000 -1000 -1000 -10 -1.00669
Car -1 -1 0.00 63 337 88 366 -1 -1 -1 -1000 -1000 -1000 -10 -1.00792
Car -1 -1 0.00 110 42 147 53 -1 -1 -1 -1000 -1000 -1000 -10 -1.01364
Car -1 -1 0.00 1189 278 1213 301 -1 -1 -1 -1000 -1000 -1000 -10 -1.0167
Car -1 -1 0.00 114 312 144 345 -1 -1 -1 -1000 -1000 -1000 -10 -1.02289
Car -1 -1 0.00 1183 279 1216 293 -1 -1 -1 -1000 -1000 -1000 -10 -1.02403
Car -1 -1 0.00 1104 151 1151 187 -1 -1 -1 -1000 -1000 -1000 -10 -1.02597
Car -1 -1 0.00 862 204 907 218 -1 -1 -1 -1000 -1000 -1000 -10 -1.02858
