Car -1 -1 0.00 739 193 891 299 -1 -1 -1 -1000 -1000 -1000 -10 1.94367
Car -1 -1 0.00 519 182 557 212 -1 -1 -1 -1000 -1000 -1000 -10 0.809772
Car -1 -1 0.00 700 190 817 264 -1 -1 -1 -1000 -1000 -1000 -10 0.308567
Car -1 -1 0.00 266 199 443 299 -1 -1 -1 -1000 -1000 -1000 -10 0.182655
Car -1 -1 0.00 634 179 668 209 -1 -1 -1 -1000 -1000 -1000 -10 0.130803
Car -1 -1 0.00 265 203 445 299 -1 -1 -1 -1000 -1000 -1000 -10 -0.0408341
Car -1 -1 0.00 918 179 954 196 -1 -1 -1 -1000 -1000 -1000 -10 -0.989178
Car -1 -1 0.00 168 -6 202 19 -1 -1 -1 -1000 -1000 -1000 -10 -0.989555
Car -1 -1 0.00 1135 196 1177 208 -1 -1 -1 -1000 -1000 -1000 -10 -1.00779
Car -1 -1 0.00 244 80 274 100 -1 -1 -1 -1000 -1000 -1000 -10 -1.0082
Car -1 -1 0.00 688 312 729 345 -1 -1 -1 -1000 -1000 -1000 -10 -1.01361
Car -1 -1 0.00 666 181 691 207 -1 -1 -1 -1000 -1000 -1000 -10 -1.01563
Car -1 -1 0.00 280 -18 332 38 -1 -1 -1 -1000 -1000 -1000 -10 -1.02336
Car -1 -1 0.00 582 6 625 40 -1 -1 -1 -1000 -1000 -1000 -10 -1.02778
