Car -1 -1 0.00 787 174 881 245 -1 -1 -1 -1000 -1000 -1000 -10 1.13551
Car -1 -1 0.00 332 188 426 218 -1 -1 -1 -1000 -1000 -1000 -10 1.04785
Car -1 -1 0.00 516 179 588 208 -1 -1 -1 -1000 -1000 -1000 -10 0.968161
Car -1 -1 0.00 624 172 660 195 -1 -1 -1 -1000 -1000 -1000 -10 0.84066
Car -1 -1 0.00 447 183 484 204 -1 -1 -1 -1000 -1000 -1000 -10 -0.0406138
Car -1 -1 0.00 494 179 520 197 -1 -1 -1 -1000 -1000 -1000 -10 -0.0605291
Car -1 -1 0.00 52 185 209 230 -1 -1 -1 -1000 -1000 -1000 -10 -0.608968
Car -1 -1 0.00 194 190 315 229 -1 -1 -1 -1000 -1000 -1000 -10 -0.652505
Car -1 -1 0.00 270 186 369 221 -1 -1 -1 -1000 -1000 -1000 -10 -0.679162
Car -1 -1 0.00 465 182 494 204 -1 -1 -1 -1000 -1000 -1000 -10 -0.774898
Car -1 -1 0.00 161 192 240 225 -1 -1 -1 -1000 -1000 -1000 -10 -0.815436
Car -1 -1 0.00 811 165 840 178 -1 -1 -1 -1000 -1000 -1000 -10 -0.944285
Car -1 -1 0.00 651 120 702 144 -1 -1 -1 -1000 -1000 -1000 -10 -0.951464
Car -1 -1 0.00 519 190 547 208 -1 -1 -1 -1000 -1000 -1000 -10 -0.976396
Car -1 -1 0.00 892 77 939 112 -1 -1 -1 -1000 -1000 -1000 -10 -1.00125
Car -1 -1 0.00 113 -34 216 58 -1 -1 -1 -1000 -1000 -1000 -10 -1.02984
