Car -1 -1 0.00 448 165 486 191 -1 -1 -1 -1000 -1000 -1000 -10 1.78638
Car -1 -1 0.00 748 163 884 216 -1 -1 -1 -1000 -1000 -1000 -10 -0.336557
Car -1 -1 0.00 476 167 500 183 -1 -1 -1 -1000 -1000 -1000 -10 -0.772336
Car -1 -1 0.00 911 120 956 156 -1 -1 -1 -1000 -1000 -1000 -10 -0.861835
Car -1 -1 0.00 825 64 861 101 -1 -1 -1 -1000 -1000 -1000 -10 -0.91542
Car -1 -1 0.00 863 205 892 223 -1 -1 -1 -1000 -1000 -1000 -10 -0.933411
Car -1 -1 0.00 747 16 795 50 -1 -1 -1 -1000 -1000 -1000 -10 -0.964652
Car -1 -1 0.00 813 261 837 287 -1 -1 -1 -1000 -1000 -1000 -10 -0.975355
Car -1 -1 0.00 349 87 375 113 -1 -1 -1 -1000 -1000 -1000 -10 -0.977771
Car -1 -1 0.00 510 166 551 181 -1 -1 -1 -1000 -1000 -1000 -10 -0.979128
Car -1 -1 0.00 956 79 986 111 -1 -1 -1 -1000 -1000 -1000 -10 -0.984666
Car -1 -1 0.00 892 98 939 130 -1 -1 -1 -1000 -1000 -1000 -10 -0.993698
Car -1 -1 0.00 737 330 764 359 -1 -1 -1 -1000 -1000 -1000 -10 -1.00252
Car -1 -1 0.00 301 135 489 191 -1 -1 -1 -1000 -1000 -1000 -10 -1.00649
Car -1 -1 0.00 1124 -33 1244 94 -1 -1 -1 -1000 -1000 -1000 -10 -1.007
Car -1 -1 0.00 659 5 683 33 -1 -1 -1 -1000 -1000 -1000 -10 -1.01233
Car -1 -1 0.00 1162 233 1198 260 -1 -1 -1 -1000 -1000 -1000 -10 -1.01306
Car -1 -1 0.00 358 118 385 132 -1 -1 -1 -1000 -1000 -1000 -10 -1.02222
