Car -1 -1 0.00 381 168 504 256 -1 -1 -1 -1000 -1000 -1000 -10 1.11604
Car -1 -1 0.00 528 264 565 275 -1 -1 -1 -1000 -1000 -1000 -10 -0.968666
Car -1 -1 0.00 528 266 570 280 -1 -1 -1 -1000 -1000 -1000 -10 -1.00407
Car -1 -1 0.00 655 252 691 263 -1 -1 -1 -1000 -1000 -1000 -10 -1.01
Car -1 -1 0.00 943 32 985 76 -1 -1 -1 -1000 -1000 -1000 -10 -1.01111
Car -1 -1 0.00 340 332 375 343 -1 -1 -1 -1000 -1000 -1000 -10 -1.01233
Car -1 -1 0.00 547 266 583 277 -1 -1 -1 -1000 -1000 -1000 -10 -1.01417
Car -1 -1 0.00 337 328 373 339 -1 -1 -1 -1000 -1000 -1000 -10 -1.01833
Car -1 -1 0.00 333 340 369 351 -1 -1 -1 -1000 -1000 -1000 -10 -1.01893
Car -1 -1 0.00 535 270 571 281 -1 -1 -1 -1000 -1000 -1000 -10 -1.02359
Car -1 -1 0.00 383 310 419 321 -1 -1 -1 -1000 -1000 -1000 -10 -1.02453
Car -1 -1 0.00 643 250 679 261 -1 -1 -1 -1000 -1000 -1000 -10 -1.02491
Car -1 -1 0.00 354 316 389 327 -1 -1 -1 -1000 -1000 -1000 -10 -1.02566
Car -1 -1 0.00 341 320 377 331 -1 -1 -1 -1000 -1000 -1000 -10 -1.02653
Car -1 -1 0.00 538 262 573 273 -1 -1 -1 -1000 -1000 -1000 -10 -1.02772
Car -1 -1 0.00 438 282 473 293 -1 -1 -1 -1000 -1000 -1000 -10 -1.02931
