Car -1 -1 0.00 678 178 760 236 -1 -1 -1 -1000 -1000 -1000 -10 1.81356
Car -1 -1 0.00 733 182 994 328 -1 -1 -1 -1000 -1000 -1000 -10 1.04736
Car -1 -1 0.00 114 178 397 292 -1 -1 -1 -1000 -1000 -1000 -10 1.01783
Car -1 -1 0.00 651 181 690 210 -1 -1 -1 -1000 -1000 -1000 -10 0.579549
Car -1 -1 0.00 308 154 514 240 -1 -1 -1 -1000 -1000 -1000 -10 0.0109977
Car -1 -1 0.00 452 173 527 208 -1 -1 -1 -1000 -1000 -1000 -10 -0.716063
Car -1 -1 0.00 740 182 1017 325 -1 -1 -1 -1000 -1000 -1000 -10 -0.775346
Car -1 -1 0.00 504 201 543 240 -1 -1 -1 -1000 -1000 -1000 -10 -0.835207
Car -1 -1 0.00 146 135 216 185 -1 -1 -1 -1000 -1000 -1000 -10 -0.876101
Car -1 -1 0.00 250 159 278 179 -1 -1 -1 -1000 -1000 -1000 -10 -0.904289
Car -1 -1 0.00 1134 -3 1189 63 -1 -1 -1 -1000 -1000 -1000 -10 -0.915494
Car -1 -1 0.00 697 69 727 93 -1 -1 -1 -1000 -1000 -1000 -10 -0.941219
Car -1 -1 0.00 119 235 166 267 -1 -1 -1 -1000 -1000 -1000 -10 -0.949474
Car -1 -1 0.00 702 362 729 387 -1 -1 -1 -1000 -1000 -1000 -10 -0.958297
Car -1 -1 0.00 1079 269 1207 312 -1 -1 -1 -1000 -1000 -1000 -10 -0.992637
Car -1 -1 0.00 917 148 958 187 -1 -1 -1 -1000 -1000 -1000 -10 -1.01302
Car -1 -1 0.00 924 41 960 87 -1 -1 -1 -1000 -1000 -1000 -10 -1.01932
