Car -1 -1 0.00 605 174 636 199 -1 -1 -1 -1000 -1000 -1000 -10 0.840168
Car -1 -1 0.00 924 183 1013 217 -1 -1 -1 -1000 -1000 -1000 -10 0.789657
Car -1 -1 0.00 891 186 944 208 -1 -1 -1 -1000 -1000 -1000 -10 0.0146042
Car -1 -1 0.00 967 185 1079 227 -1 -1 -1 -1000 -1000 -1000 -10 -0.522212
Car -1 -1 0.00 504 98 543 115 -1 -1 -1 -1000 -1000 -1000 -10 -0.925578
Car -1 -1 0.00 770 231 798 242 -1 -1 -1 -1000 -1000 -1000 -10 -0.938647
Car -1 -1 0.00 816 181 852 199 -1 -1 -1 -1000 -1000 -1000 -10 -0.976269
Car -1 -1 0.00 673 260 697 288 -1 -1 -1 -1000 -1000 -1000 -10 -0.980105
Car -1 -1 0.00 924 224 992 284 -1 -1 -1 -1000 -1000 -1000 -10 -0.998299
Car -1 -1 0.00 1040 45 1070 72 -1 -1 -1 -1000 -1000 -1000 -10 -1.00276
Car -1 -1 0.00 371 111 559 176 -1 -1 -1 -1000 -1000 -1000 -10 -1.01387
Car -1 -1 0.00 414 87 456 102 -1 -1 -1 -1000 -1000 -1000 -10 -1.02838
