Car -1 -1 0.00 571 168 653 196 -1 -1 -1 -1000 -1000 -1000 -10 1.82807
Car -1 -1 0.00 475 163 524 196 -1 -1 -1 -1000 -1000 -1000 -10 0.00313183
Car -1 -1 0.00 205 176 294 213 -1 -1 -1 -1000 -1000 -1000 -10 -0.67545
Car -1 -1 0.00 183 40 210 68 -1 -1 -1 -1000 -1000 -1000 -10 -0.834724
Car -1 -1 0.00 39 100 85 118 -1 -1 -1 -1000 -1000 -1000 -10 -0.886352
Car -1 -1 0.00 377 177 404 200 -1 -1 -1 -1000 -1000 -1000 -10 -0.917708
Car -1 -1 0.00 822 169 917 208 -1 -1 -1 -1000 -1000 -1000 -10 -0.989824
Car -1 -1 0.00 841 240 881 254 -1 -1 -1 -1000 -1000 -1000 -10 -0.994754
Car -1 -1 0.00 692 150 716 177 -1 -1 -1 -1000 -1000 -1000 -10 -0.995948
Car -1 -1 0.00 369 242 455 266 -1 -1 -1 -1000 -1000 -1000 -10 -1.0074
Car -1 -1 0.00 960 76 998 114 -1 -1 -1 -1000 -1000 -1000 -10 -1.02356
Car -1 -1 0.00 350 197 397 231 -1 -1 -1 -1000 -1000 -1000 -10 -1.02931
