Car -1 -1 0.00 153 151 465 349 -1 -1 -1 -1000 -1000 -1000 -10 1.07558
Car -1 -1 0.00 444 182 545 220 -1 -1 -1 -1000 -1000 -1000 -10 -0.256311
Car -1 -1 0.00 448 183 513 224 -1 -1 -1 -1000 -1000 -1000 -10 -0.41759
Car -1 -1 0.00 416 6 466 48 -1 -1 -1 -1000 -1000 -1000 -10 -0.911166
Car -1 -1 0.00 238 337 309 353 -1 -1 -1 -1000 -1000 -1000 -10 -0.956235
Car -1 -1 0.00 418 51 443 76 -1 -1 -1 -1000 -1000 -1000 -10 -0.968343
Car -1 -1 0.00 834 255 869 271 -1 -1 -1 -1000 -1000 -1000 -10 -0.976621
Car -1 -1 0.00 1168 303 1206 330 -1 -1 -1 -1000 -1000 -1000 -10 -0.99157
Car -1 -1 0.00 1051 271 1076 287 -1 -1 -1 -1000 -1000 -1000 -10 -0.995594
Car -1 -1 0.00 420 30 443 57 -1 -1 -1 -1000 -1000 -1000 -10 -1.00278
Car -1 -1 0.00 911 12 935 39 -1 -1 -1 -1000 -1000 -1000 -10 -1.01052
Car -1 -1 0.00 458 302 501 316 -1 -1 -1 -1000 -1000 -1000 -10 -1.01166
Car -1 -1 0.00 447 298 483 309 -1 -1 -1 -1000 -1000 -1000 -10 -1.02513
