Car -1 -1 0.00 1022 91 1131 123 -1 -1 -1 -1000 -1000 -1000 -10 -0.819811
Car -1 -1 0.00 943 335 1039 369 -1 -1 -1 -1000 -1000 -1000 -10 -0.829429
Car -1 -1 0.00 791 115 833 134 -1 -1 -1 -1000 -1000 -1000 -10 -0.852323
Car -1 -1 0.00 988 50 1014 64 -1 -1 -1 -1000 -1000 -1000 -10 -0.930254
Car -1 -1 0.00 106 90 186 127 -1 -1 -1 -1000 -1000 -1000 -10 -0.954288
Car -1 -1 0.00 442 169 470 183 -1 -1 -1 -1000 -1000 -1000 -10 -0.963639
Car -1 -1 0.00 611 347 638 369 -1 -1 -1 -1000 -1000 -1000 -10 -1.01468
Car -1 -1 0.00 600 248 626 264 -1 -1 -1 -1000 -1000 -1000 -10 -1.01866
Car -1 -1 0.00 547 293 591 339 -1 -1 -1 -1000 -1000 -1000 -10 -1.01872
Car -1 -1 0.00 870 92 909 109 -1 -1 -1 -1000 -1000 -1000 -10 -1.02015
Car -1 -1 0.00 249 123 306 151 -1 -1 -1 -1000 -1000 -1000 -10 -1.02289
Car -1 -1 0.00 1179 229 1205 248 -1 -1 -1 -1000 -1000 -1000 -10 -1.02302
Car -1 -1 0.00 553 262 623 342 -1 -1 -1 -1000 -1000 -1000 -10 -1.02493
