Car -1 -1 0.00 87 181 213 236 -1 -1 -1 -1000 -1000 -1000 -10 0.503662
Car -1 -1 0.00 297 172 410 221 -1 -1 -1 -1000 -1000 -1000 -10 -0.303138
Car -1 -1 0.00 11 179 410 375 -1 -1 -1 -1000 -1000 -1000 -10 -0.445621
Car -1 -1 0.00 70 180 201 232 -1 -1 -1 -1000 -1000 -1000 -10 -0.501128
Car -1 -1 0.00 19 303 197 368 -1 -1 -1 -1000 -1000 -1000 -10 -0.820267
Car -1 -1 0.00 24 201 75 219 -1 -1 -1 -1000 -1000 -1000 -10 -0.820409
Car -1 -1 0.00 113 342 194 387 -1 -1 -1 -1000 -1000 -1000 -10 -0.938933
Car -1 -1 0.00 331 184 413 224 -1 -1 -1 -1000 -1000 -1000 -10 -0.966641
Car -1 -1 0.00 1186 85 1213 105 -1 -1 -1 -1000 -1000 -1000 -10 -0.980801
Car -1 -1 0.00 106 142 136 168 -1 -1 -1 -1000 -1000 -1000 -10 -1.00164
Car -1 -1 0.00 385 153 412 171 -1 -1 -1 -1000 -1000 -1000 -10 -1.01064
