Car -1 -1 0.00 547 179 599 204 -1 -1 -1 -1000 -1000 -1000 -10 0.473368
Car -1 -1 0.00 516 183 559 201 -1 -1 -1 -1000 -1000 -1000 -10 -0.32168
Car -1 -1 0.00 968 226 1193 333 -1 -1 -1 -1000 -1000 -1000 -10 -0.733784
Car -1 -1 0.00 332 323 375 338 -1 -1 -1 -1000 -1000 -1000 -10 -0.969416
Car -1 -1 0.00 593 142 645 165 -1 -1 -1 -1000 -1000 -1000 -10 -0.97596
Car -1 -1 0.00 42 185 78 202 -1 -1 -1 -1000 -1000 -1000 -10 -0.98433
Car -1 -1 0.00 1144 45 1171 57 -1 -1 -1 -1000 -1000 -1000 -10 -0.989773
Car -1 -1 0.00 120 214 152 241 -1 -1 -1 -1000 -1000 -1000 -10 -0.995254
Car -1 -1 0.00 1121 18 1144 29 -1 -1 -1 -1000 -1000 -1000 -10 -1.00436
Car -1 -1 0.00 919 184 1002 218 -1 -1 -1 -1000 -1000 -1000 -10 -1.00715
Car -1 -1 0.00 827 101 858 116 -1 -1 -1 -1000 -1000 -1000 -10 -1.0077
Car -1 -1 0.00 903 13 944 24 -1 -1 -1 -1000 -1000 -1000 -10 -1.01043
Car -1 -1 0.00 276 168 302 189 -1 -1 -1 -1000 -1000 -1000 -10 -1.01095
Car -1 -1 0.00 1169 37 1215 75 -1 -1 -1 -1000 -1000 -1000 -10 -1.01135
Car -1 -1 0.00 799 56 824 67 -1 -1 -1 -1000 -1000 -1000 -10 -1.02754
Car -1 -1 0.00 14 52 41 64 -1 -1 -1 -1000 -1000 -1000 -10 -1.0297
