Car -1 -1 0.00 715 164 771 221 -1 -1 -1 -1000 -1000 -1000 -10 0.915603
Car -1 -1 0.00 632 132 686 174 -1 -1 -1 -1000 -1000 -1000 -10 -0.908463
Car -1 -1 0.00 849 152 901 210 -1 -1 -1 -1000 -1000 -1000 -10 -0.917155
Car -1 -1 0.00 526 -2 598 19 -1 -1 -1 -1000 -1000 -1000 -10 -0.952012
Car -1 -1 0.00 318 327 385 359 -1 -1 -1 -1000 -1000 -1000 -10 -0.958049
Car -1 -1 0.00 225 121 251 149 -1 -1 -1 -1000 -1000 -1000 -10 -0.984891
Car -1 -1 0.00 551 -2 616 18 -1 -1 -1 -1000 -1000 -1000 -10 -0.98642
Car -1 -1 0.00 739 278 766 297 -1 -1 -1 -1000 -1000 -1000 -10 -0.990742
Car -1 -1 0.00 572 -2 637 18 -1 -1 -1 -1000 -1000 -1000 -10 -0.991274
Car -1 -1 0.00 125 177 152 196 -1 -1 -1 -1000 -1000 -1000 -10 -1.00104
Car -1 -1 0.00 269 323 292 351 -1 -1 -1 -1000 -1000 -1000 -10 -1.02848
