Car -1 -1 0.00 835 161 907 207 -1 -1 -1 -1000 -1000 -1000 -10 1.53211
Car -1 -1 0.00 994 166 1086 230 -1 -1 -1 -1000 -1000 -1000 -10 0.711999
Car -1 -1 0.00 888 161 937 195 -1 -1 -1 -1000 -1000 -1000 -10 0.530892
Car -1 -1 0.00 765 163 856 220 -1 -1 -1 -1000 -1000 -1000 -10 0.516584
Car -1 -1 0.00 824 164 910 207 -1 -1 -1 -1000 -1000 -1000 -10 -0.528599
Car -1 -1 0.00 199 177 220 198 -1 -1 -1 -1000 -1000 -1000 -10 -0.900068
Car -1 -1 0.00 546 253 582 291 -1 -1 -1 -1000 -1000 -1000 -10 -0.908385
Car -1 -1 0.00 89 218 249 315 -1 -1 -1 -1000 -1000 -1000 -10 -0.941533
Car -1 -1 0.00 -3 215 66 281 -1 -1 -1 -1000 -1000 -1000 -10 -0.983505
Car -1 -1 0.00 520 28 565 70 -1 -1 -1 -1000 -1000 -1000 -10 -0.992971
Car -1 -1 0.00 1126 105 1153 126 -1 -1 -1 -1000 -1000 -1000 -10 -1.00365
Car -1 -1 0.00 138 203 165 222 -1 -1 -1 -1000 -1000 -1000 -10 -1.00965
Car -1 -1 0.00 337 79 392 104 -1 -1 -1 -1000 -1000 -1000 -10 -1.01393
Car -1 -1 0.00 496 284 522 295 -1 -1 -1 -1000 -1000 -1000 -10 -1.02139
Car -1 -1 0.00 593 276 629 288 -1 -1 -1 -1000 -1000 -1000 -10 -1.02899
