Car -1 -1 0.00 163 180 388 296 -1 -1 -1 -1000 -1000 -1000 -10 0.11698
Car -1 -1 0.00 895 235 920 258 -1 -1 -1 -1000 -1000 -1000 -10 -0.805163
Car -1 -1 0.00 53 107 77 125 -1 -1 -1 -1000 -1000 -1000 -10 -0.906036
Car -1 -1 0.00 837 337 870 367 -1 -1 -1 -1000 -1000 -1000 -10 -0.917569
Car -1 -1 0.00 153 343 185 373 -1 -1 -1 -1000 -1000 -1000 -10 -0.928033
Car -1 -1 0.00 152 164 351 294 -1 -1 -1 -1000 -1000 -1000 -10 -0.965582
Car -1 -1 0.00 788 221 826 262 -1 -1 -1 -1000 -1000 -1000 -10 -0.974275
Car -1 -1 0.00 114 97 140 118 -1 -1 -1 -1000 -1000 -1000 -10 -0.97717
Car -1 -1 0.00 792 357 824 371 -1 -1 -1 -1000 -1000 -1000 -10 -0.979337
Car -1 -1 0.00 936 151 962 172 -1 -1 -1 -1000 -1000 -1000 -10 -0.982208
Car -1 -1 0.00 1042 178 1078 207 -1 -1 -1 -1000 -1000 -1000 -10 -0.990401
Car -1 -1 0.00 83 7 150 52 -1 -1 -1 -1000 -1000 -1000 -10 -0.990744
