Car -1 -1 0.00 917 27 971 53 -1 -1 -1 -1000 -1000 -1000 -10 -0.780663
Car -1 -1 0.00 603 344 638 380 -1 -1 -1 -1000 -1000 -1000 -10 -0.893542
Car -1 -1 0.00 759 305 791 320 -1 -1 -1 -1000 -1000 -1000 -10 -0.913647
Car -1 -1 0.00 1178 229 1205 248 -1 -1 -1 -1000 -1000 -1000 -10 -0.942135
Car -1 -1 0.00 740 162 766 188 -1 -1 -1 -1000 -1000 -1000 -10 -0.944496
Car -1 -1 0.00 1043 49 1085 62 -1 -1 -1 -1000 -1000 -1000 -10 -0.981622
Car -1 -1 0.00 553 279 587 318 -1 -1 -1 -1000 -1000 -1000 -10 -0.984966
Car -1 -1 0.00 442 169 470 183 -1 -1 -1 -1000 -1000 -1000 -10 -0.987072
Car -1 -1 0.00 1145 318 1201 342 -1 -1 -1 -1000 -1000 -1000 -10 -1.00411
Car -1 -1 0.00 1139 205 1183 245 -1 -1 -1 -1000 -1000 -1000 -10 -1.01265
Car -1 -1 0.00 654 177 680 199 -1 -1 -1 -1000 -1000 -1000 -10 -1.01318
Car -1 -1 0.00 90 100 144 129 -1 -1 -1 -1000 -1000 -1000 -10 -1.01804
