Car -1 -1 0.00 408 174 446 197 -1 -1 -1 -1000 -1000 -1000 -10 1.66715
Car -1 -1 0.00 573 170 637 230 -1 -1 -1 -1000 -1000 -1000 -10 1.28122
Car -1 -1 0.00 676 181 764 242 -1 -1 -1 -1000 -1000 -1000 -10 1.14249
Car -1 -1 0.00 642 173 685 211 -1 -1 -1 -1000 -1000 -1000 -10 0.719733
Car -1 -1 0.00 716 193 865 282 -1 -1 -1 -1000 -1000 -1000 -10 0.437123
Car -1 -1 0.00 444 174 469 191 -1 -1 -1 -1000 -1000 -1000 -10 0.166558
Car -1 -1 0.00 744 200 1102 367 -1 -1 -1 -1000 -1000 -1000 -10 0.064536
Car -1 -1 0.00 24 189 155 256 -1 -1 -1 -1000 -1000 -1000 -10 0.0442399
Car -1 -1 0.00 364 176 406 203 -1 -1 -1 -1000 -1000 -1000 -10 -0.0460124
Car -1 -1 0.00 353 178 410 205 -1 -1 -1 -1000 -1000 -1000 -10 -0.541694
Car -1 -1 0.00 585 171 681 209 -1 -1 -1 -1000 -1000 -1000 -10 -0.603509
Car -1 -1 0.00 1132 145 1158 165 -1 -1 -1 -1000 -1000 -1000 -10 -0.828901
Car -1 -1 0.00 758 200 1026 372 -1 -1 -1 -1000 -1000 -1000 -10 -0.845417
Car -1 -1 0.00 496 174 538 190 -1 -1 -1 -1000 -1000 -1000 -10 -0.861002
Car -1 -1 0.00 867 70 906 87 -1 -1 -1 -1000 -1000 -1000 -10 -0.986829
Car -1 -1 0.00 609 193 636 214 -1 -1 -1 -1000 -1000 -1000 -10 -0.987339
Car -1 -1 0.00 813 89 863 108 -1 -1 -1 -1000 -1000 -1000 -10 -0.987575
Car -1 -1 0.00 847 175 878 202 -1 -1 -1 -1000 -1000 -1000 -10 -1.01062
Car -1 -1 0.00 680 351 707 364 -1 -1 -1 -1000 -1000 -1000 -10 -1.02311
