Car -1 -1 0.00 798 191 860 242 -1 -1 -1 -1000 -1000 -1000 -10 1.12591
Car -1 -1 0.00 611 174 654 205 -1 -1 -1 -1000 -1000 -1000 -10 -0.210565
Car -1 -1 0.00 802 173 834 196 -1 -1 -1 -1000 -1000 -1000 -10 -0.239354
Car -1 -1 0.00 207 222 341 251 -1 -1 -1 -1000 -1000 -1000 -10 -0.895488
Car -1 -1 0.00 623 -17 681 20 -1 -1 -1 -1000 -1000 -1000 -10 -0.913594
Car -1 -1 0.00 847 232 872 243 -1 -1 -1 -1000 -1000 -1000 -10 -0.95429
Car -1 -1 0.00 459 206 589 253 -1 -1 -1 -1000 -1000 -1000 -10 -0.956152
Car -1 -1 0.00 609 288 634 299 -1 -1 -1 -1000 -1000 -1000 -10 -0.976842
Car -1 -1 0.00 886 188 1018 262 -1 -1 -1 -1000 -1000 -1000 -10 -1.01252
Car -1 -1 0.00 712 -3 781 19 -1 -1 -1 -1000 -1000 -1000 -10 -1.02013
Car -1 -1 0.00 353 7 385 41 -1 -1 -1 -1000 -1000 -1000 -10 -1.02615
