Car -1 -1 0.00 569 177 608 210 -1 -1 -1 -1000 -1000 -1000 -10 1.42783
Car -1 -1 0.00 362 157 419 194 -1 -1 -1 -1000 -1000 -1000 -10 -0.0889843
Car -1 -1 0.00 445 175 472 192 -1 -1 -1 -1000 -1000 -1000 -10 -0.719229
Car -1 -1 0.00 411 179 444 189 -1 -1 -1 -1000 -1000 -1000 -10 -0.811368
Car -1 -1 0.00 327 100 357 134 -1 -1 -1 -1000 -1000 -1000 -10 -0.886899
Car -1 -1 0.00 107 116 149 153 -1 -1 -1 -1000 -1000 -1000 -10 -0.939555
Car -1 -1 0.00 120 118 163 157 -1 -1 -1 -1000 -1000 -1000 -10 -0.945267
Car -1 -1 0.00 498 293 524 305 -1 -1 -1 -1000 -1000 -1000 -10 -0.950299
Car -1 -1 0.00 174 161 205 196 -1 -1 -1 -1000 -1000 -1000 -10 -0.972102
Car -1 -1 0.00 161 114 192 140 -1 -1 -1 -1000 -1000 -1000 -10 -0.979977
Car -1 -1 0.00 853 346 881 374 -1 -1 -1 -1000 -1000 -1000 -10 -1.02932
