Car -1 -1 0.00 939 168 1150 238 -1 -1 -1 -1000 -1000 -1000 -10 1.21861
Car -1 -1 0.00 293 191 955 373 -1 -1 -1 -1000 -1000 -1000 -10 -0.306173
Car -1 -1 0.00 252 177 368 225 -1 -1 -1 -1000 -1000 -1000 -10 -0.459761
Car -1 -1 0.00 732 171 901 241 -1 -1 -1 -1000 -1000 -1000 -10 -0.649515
Car -1 -1 0.00 572 174 827 268 -1 -1 -1 -1000 -1000 -1000 -10 -0.894696
Car -1 -1 0.00 956 171 1165 237 -1 -1 -1 -1000 -1000 -1000 -10 -0.952358
Car -1 -1 0.00 1114 14 1140 40 -1 -1 -1 -1000 -1000 -1000 -10 -0.98928
Car -1 -1 0.00 208 56 234 83 -1 -1 -1 -1000 -1000 -1000 -10 -1.00715
Car -1 -1 0.00 591 168 666 213 -1 -1 -1 -1000 -1000 -1000 -10 -1.00857
Car -1 -1 0.00 42 74 76 85 -1 -1 -1 -1000 -1000 -1000 -10 -1.02327
Car -1 -1 0.00 255 84 279 111 -1 -1 -1 -1000 -1000 -1000 -10 -1.02437
Car -1 -1 0.00 895 -17 958 27 -1 -1 -1 -1000 -1000 -1000 -10 -1.02991
