Car -1 -1 0.00 466 171 516 186 -1 -1 -1 -1000 -1000 -1000 -10 -0.574208
Car -1 -1 0.00 321 172 380 198 -1 -1 -1 -1000 -1000 -1000 -10 -0.777329
Car -1 -1 0.00 514 214 602 297 -1 -1 -1 -1000 -1000 -1000 -10 -0.95723
Car -1 -1 0.00 933 47 966 63 -1 -1 -1 -1000 -1000 -1000 -10 -0.957674
Car -1 -1 0.00 471 318 567 347 -1 -1 -1 -1000 -1000 -1000 -10 -0.980182
Car -1 -1 0.00 482 39 537 83 -1 -1 -1 -1000 -1000 -1000 -10 -0.987157
Car -1 -1 0.00 259 267 283 295 -1 -1 -1 -1000 -1000 -1000 -10 -1.01444
Car -1 -1 0.00 251 278 286 289 -1 -1 -1 -1000 -1000 -1000 -10 -1.0227
Car -1 -1 0.00 587 292 690 326 -1 -1 -1 -1000 -1000 -1000 -10 -1.02379
Car -1 -1 0.00 184 354 219 365 -1 -1 -1 -1000 -1000 -1000 -10 -1.02894
Car -1 -1 0.00 268 276 303 287 -1 -1 -1 -1000 -1000 -1000 -10 -1.0294
