Car -1 -1 0.00 606 174 650 211 -1 -1 -1 -1000 -1000 -1000 -10 1.5384
Car -1 -1 0.00 454 181 534 231 -1 -1 -1 -1000 -1000 -1000 -10 1.33777
Car -1 -1 0.00 581 169 607 189 -1 -1 -1 -1000 -1000 -1000 -10 1.09846
Car -1 -1 0.00 577 182 609 213 -1 -1 -1 -1000 -1000 -1000 -10 -1.00259
Car -1 -1 0.00 -20 143 20 197 -1 -1 -1 -1000 -1000 -1000 -10 -1.00629
Car -1 -1 0.00 -20 122 20 176 -1 -1 -1 -1000 -1000 -1000 -10 -1.00687
Car -1 -1 0.00 1112 102 1146 113 -1 -1 -1 -1000 -1000 -1000 -10 -1.01528
Car -1 -1 0.00 1074 168 1108 179 -1 -1 -1 -1000 -1000 -1000 -10 -1.01662
Car -1 -1 0.00 -20 157 20 212 -1 -1 -1 -1000 -1000 -1000 -10 -1.01712
Car -1 -1 0.00 272 174 306 202 -1 -1 -1 -1000 -1000 -1000 -10 -1.01737
Car -1 -1 0.00 1125 134 1162 145 -1 -1 -1 -1000 -1000 -1000 -10 -1.01833
Car -1 -1 0.00 1194 18 1228 29 -1 -1 -1 -1000 -1000 -1000 -10 -1.01884
Car -1 -1 0.00 -17 139 17 184 -1 -1 -1 -1000 -1000 -1000 -10 -1.02066
Car -1 -1 0.00 600 282 637 293 -1 -1 -1 -1000 -1000 -1000 -10 -1.0234
Car -1 -1 0.00 -17 119 17 164 -1 -1 -1 -1000 -1000 -1000 -10 -1.02366
Car -1 -1 0.00 1106 113 1158 130 -1 -1 -1 -1000 -1000 -1000 -10 -1.02395
Car -1 -1 0.00 1131 120 1155 147 -1 -1 -1 -1000 -1000 -1000 -10 -1.02553
Car -1 -1 0.00 1106 119 1158 135 -1 -1 -1 -1000 -1000 -1000 -10 -1.02709
Car -1 -1 0.00 1188 14 1230 28 -1 -1 -1 -1000 -1000 -1000 -10 -1.02912
