Car -1 -1 0.00 396 183 446 214 -1 -1 -1 -1000 -1000 -1000 -10 1.12084
Car -1 -1 0.00 771 261 800 283 -1 -1 -1 -1000 -1000 -1000 -10 -0.736533
Car -1 -1 0.00 1007 44 1048 73 -1 -1 -1 -1000 -1000 -1000 -10 -0.803272
Car -1 -1 0.00 387 151 570 216 -1 -1 -1 -1000 -1000 -1000 -10 -0.870507
Car -1 -1 0.00 1190 312 1219 333 -1 -1 -1 -1000 -1000 -1000 -10 -0.979607
Car -1 -1 0.00 1196 307 1235 334 -1 -1 -1 -1000 -1000 -1000 -10 -0.983604
Car -1 -1 0.00 556 54 615 73 -1 -1 -1 -1000 -1000 -1000 -10 -0.991552
Car -1 -1 0.00 617 47 645 69 -1 -1 -1 -1000 -1000 -1000 -10 -1.01375
Car -1 -1 0.00 13 14 40 33 -1 -1 -1 -1000 -1000 -1000 -10 -1.01888
Car -1 -1 0.00 867 70 966 98 -1 -1 -1 -1000 -1000 -1000 -10 -1.02791
