Car -1 -1 0.00 1032 184 1158 233 -1 -1 -1 -1000 -1000 -1000 -10 1.5939
Car -1 -1 0.00 953 182 1070 234 -1 -1 -1 -1000 -1000 -1000 -10 1.51081
Car -1 -1 0.00 601 172 637 202 -1 -1 -1 -1000 -1000 -1000 -10 1.22986
Car -1 -1 0.00 1095 184 1223 236 -1 -1 -1 -1000 -1000 -1000 -10 0.899937
Car -1 -1 0.00 316 159 358 187 -1 -1 -1 -1000 -1000 -1000 -10 -0.620447
Car -1 -1 0.00 885 243 942 283 -1 -1 -1 -1000 -1000 -1000 -10 -0.940008
Car -1 -1 0.00 835 175 864 206 -1 -1 -1 -1000 -1000 -1000 -10 -0.956582
Car -1 -1 0.00 282 217 333 246 -1 -1 -1 -1000 -1000 -1000 -10 -0.957386
Car -1 -1 0.00 3 253 104 283 -1 -1 -1 -1000 -1000 -1000 -10 -0.992141
Car -1 -1 0.00 154 182 202 197 -1 -1 -1 -1000 -1000 -1000 -10 -0.997083
Car -1 -1 0.00 1053 74 1081 95 -1 -1 -1 -1000 -1000 -1000 -10 -0.99985
Car -1 -1 0.00 806 278 831 290 -1 -1 -1 -1000 -1000 -1000 -10 -1.00249
Car -1 -1 0.00 1159 15 1204 30 -1 -1 -1 -1000 -1000 -1000 -10 -1.0034
