Car -1 -1 0.00 695 176 793 243 -1 -1 -1 -1000 -1000 -1000 -10 1.34625
Car -1 -1 0.00 774 153 1018 323 -1 -1 -1 -1000 -1000 -1000 -10 0.949399
Car -1 -1 0.00 609 172 644 207 -1 -1 -1 -1000 -1000 -1000 -10 0.924958
Car -1 -1 0.00 226 189 422 270 -1 -1 -1 -1000 -1000 -1000 -10 0.37007
Car -1 -1 0.00 158 194 379 274 -1 -1 -1 -1000 -1000 -1000 -10 -0.108708
Car -1 -1 0.00 374 186 481 231 -1 -1 -1 -1000 -1000 -1000 -10 -0.372983
Car -1 -1 0.00 473 175 531 213 -1 -1 -1 -1000 -1000 -1000 -10 -0.48578
Car -1 -1 0.00 432 176 503 226 -1 -1 -1 -1000 -1000 -1000 -10 -0.506813
Car -1 -1 0.00 683 175 743 223 -1 -1 -1 -1000 -1000 -1000 -10 -0.645283
Car -1 -1 0.00 518 177 555 194 -1 -1 -1 -1000 -1000 -1000 -10 -0.768078
Car -1 -1 0.00 450 137 482 166 -1 -1 -1 -1000 -1000 -1000 -10 -0.929534
Car -1 -1 0.00 665 175 703 204 -1 -1 -1 -1000 -1000 -1000 -10 -0.96148
Car -1 -1 0.00 475 288 518 301 -1 -1 -1 -1000 -1000 -1000 -10 -1.00264
Car -1 -1 0.00 311 332 346 343 -1 -1 -1 -1000 -1000 -1000 -10 -1.00952
Car -1 -1 0.00 380 300 421 314 -1 -1 -1 -1000 -1000 -1000 -10 -1.01059
Car -1 -1 0.00 619 307 661 321 -1 -1 -1 -1000 -1000 -1000 -10 -1.01233
Car -1 -1 0.00 324 324 366 337 -1 -1 -1 -1000 -1000 -1000 -10 -1.01363
Car -1 -1 0.00 413 311 466 369 -1 -1 -1 -1000 -1000 -1000 -10 -1.01421
Car -1 -1 0.00 381 298 417 309 -1 -1 -1 -1000 -1000 -1000 -10 -1.01427
Car -1 -1 0.00 433 322 469 333 -1 -1 -1 -1000 -1000 -1000 -10 -1.01588
Car -1 -1 0.00 465 288 501 299 -1 -1 -1 -1000 -1000 -1000 -10 -1.01758
Car -1 -1 0.00 449 298 485 309 -1 -1 -1 -1000 -1000 -1000 -10 -1.0181
Car -1 -1 0.00 477 276 513 287 -1 -1 -1 -1000 -1000 -1000 -10 -1.01947
Car -1 -1 0.00 391 283 433 296 -1 -1 -1 -1000 -1000 -1000 -10 -1.0212
Car -1 -1 0.00 596 311 649 370 -1 -1 -1 -1000 -1000 -1000 -10 -1.02161
Car -1 -1 0.00 437 310 473 321 -1 -1 -1 -1000 -1000 -1000 -10 -1.02188
Car -1 -1 0.00 435 315 486 331 -1 -1 -1 -1000 -1000 -1000 -10 -1.0237
Car -1 -1 0.00 447 306 483 317 -1 -1 -1 -1000 -1000 -1000 -10 -1.02502
Car -1 -1 0.00 344 320 378 331 -1 -1 -1 -1000 -1000 -1000 -10 -1.02595
Car -1 -1 0.00 410 280 445 291 -1 -1 -1 -1000 -1000 -1000 -10 -1.02633
Car -1 -1 0.00 461 302 496 313 -1 -1 -1 -1000 -1000 -1000 -10 -1.02763
Car -1 -1 0.00 904 114 930 134 -1 -1 -1 -1000 -1000 -1000 -10 -1.02809
Car -1 -1 0.00 400 233 430 251 -1 -1 -1 -1000 -1000 -1000 -10 -1.02863
Car -1 -1 0.00 417 327 488 351 -1 -1 -1 -1000 -1000 -1000 -10 -1.02921
