Car -1 -1 0.00 88 164 306 251 -1 -1 -1 -1000 -1000 -1000 -10 1.35928
Car -1 -1 0.00 550 167 598 202 -1 -1 -1 -1000 -1000 -1000 -10 -0.0922776
Car -1 -1 0.00 188 144 225 169 -1 -1 -1 -1000 -1000 -1000 -10 -0.821618
Car -1 -1 0.00 970 104 996 127 -1 -1 -1 -1000 -1000 -1000 -10 -0.922045
Car -1 -1 0.00 88 19 109 29 -1 -1 -1 -1000 -1000 -1000 -10 -0.935308
Car -1 -1 0.00 188 324 264 400 -1 -1 -1 -1000 -1000 -1000 -10 -0.992904
Car -1 -1 0.00 302 162 393 196 -1 -1 -1 -1000 -1000 -1000 -10 -0.994358
Car -1 -1 0.00 470 161 530 201 -1 -1 -1 -1000 -1000 -1000 -10 -1.0038
Car -1 -1 0.00 455 159 481 182 -1 -1 -1 -1000 -1000 -1000 -10 -1.0246
Car -1 -1 0.00 352 62 393 74 -1 -1 -1 -1000 -1000 -1000 -10 -1.02962
