Car -1 -1 0.00 452 178 558 234 -1 -1 -1 -1000 -1000 -1000 -10 0.472606
Car -1 -1 0.00 401 190 481 225 -1 -1 -1 -1000 -1000 -1000 -10 -0.145404
Car -1 -1 0.00 638 67 671 81 -1 -1 -1 -1000 -1000 -1000 -10 -0.673927
Car -1 -1 0.00 894 191 926 215 -1 -1 -1 -1000 -1000 -1000 -10 -0.769935
Car -1 -1 0.00 805 160 833 184 -1 -1 -1 -1000 -1000 -1000 -10 -0.852742
Car -1 -1 0.00 554 117 647 156 -1 -1 -1 -1000 -1000 -1000 -10 -0.908988
Car -1 -1 0.00 837 182 869 209 -1 -1 -1 -1000 -1000 -1000 -10 -0.937484
Car -1 -1 0.00 100 211 140 228 -1 -1 -1 -1000 -1000 -1000 -10 -0.968927
Car -1 -1 0.00 305 34 362 101 -1 -1 -1 -1000 -1000 -1000 -10 -0.979719
Car -1 -1 0.00 586 229 623 264 -1 -1 -1 -1000 -1000 -1000 -10 -0.998011
Car -1 -1 0.00 382 73 407 100 -1 -1 -1 -1000 -1000 -1000 -10 -1.02178
Car -1 -1 0.00 86 229 121 242 -1 -1 -1 -1000 -1000 -1000 -10 -1.02406
Car -1 -1 0.00 211 355 250 370 -1 -1 -1 -1000 -1000 -1000 -10 -1.02625
Car -1 -1 0.00 1162 139 1196 171 -1 -1 -1 -1000 -1000 -1000 -10 -1.02819
