Car -1 -1 0.00 500 188 647 286 -1 -1 -1 -1000 -1000 -1000 -10 1.35656
Car -1 -1 0.00 217 204 307 274 -1 -1 -1 -1000 -1000 -1000 -10 0.349435
Car -1 -1 0.00 568 197 926 357 -1 -1 -1 -1000 -1000 -1000 -10 0.336921
Car -1 -1 0.00 280 201 330 243 -1 -1 -1 -1000 -1000 -1000 -10 -0.554118
Car -1 -1 0.00 481 189 700 286 -1 -1 -1 -1000 -1000 -1000 -10 -0.616712
Car -1 -1 0.00 907 200 1167 289 -1 -1 -1 -1000 -1000 -1000 -10 -0.6186
Car -1 -1 0.00 420 189 477 230 -1 -1 -1 -1000 -1000 -1000 -10 -0.68687
Car -1 -1 0.00 424 164 504 233 -1 -1 -1 -1000 -1000 -1000 -10 -0.801083
Car -1 -1 0.00 1130 202 1229 247 -1 -1 -1 -1000 -1000 -1000 -10 -0.821295
Car -1 -1 0.00 849 184 961 233 -1 -1 -1 -1000 -1000 -1000 -10 -0.830678
Car -1 -1 0.00 1054 53 1120 120 -1 -1 -1 -1000 -1000 -1000 -10 -0.964698
Car -1 -1 0.00 987 200 1205 276 -1 -1 -1 -1000 -1000 -1000 -10 -0.995488
Car -1 -1 0.00 834 109 857 131 -1 -1 -1 -1000 -1000 -1000 -10 -0.995686
Car -1 -1 0.00 1189 136 1216 160 -1 -1 -1 -1000 -1000 -1000 -10 -1.00153
Car -1 -1 0.00 1169 38 1202 67 -1 -1 -1 -1000 -1000 -1000 -10 -1.02208
Car -1 -1 0.00 920 174 945 194 -1 -1 -1 -1000 -1000 -1000 -10 -1.02213
