Car -1 -1 0.00 748 171 956 322 -1 -1 -1 -1000 -1000 -1000 -10 1.46598
Car -1 -1 0.00 667 172 732 226 -1 -1 -1 -1000 -1000 -1000 -10 1.19176
Car -1 -1 0.00 226 200 457 311 -1 -1 -1 -1000 -1000 -1000 -10 0.420065
Car -1 -1 0.00 616 174 643 193 -1 -1 -1 -1000 -1000 -1000 -10 -0.194631
Car -1 -1 0.00 177 191 306 254 -1 -1 -1 -1000 -1000 -1000 -10 -0.425284
Car -1 -1 0.00 675 114 704 135 -1 -1 -1 -1000 -1000 -1000 -10 -0.866937
Car -1 -1 0.00 844 168 908 197 -1 -1 -1 -1000 -1000 -1000 -10 -0.879503
Car -1 -1 0.00 345 191 384 219 -1 -1 -1 -1000 -1000 -1000 -10 -0.906132
Car -1 -1 0.00 358 189 512 259 -1 -1 -1 -1000 -1000 -1000 -10 -0.911751
Car -1 -1 0.00 640 169 672 207 -1 -1 -1 -1000 -1000 -1000 -10 -0.957619
