Car -1 -1 0.00 663 173 702 208 -1 -1 -1 -1000 -1000 -1000 -10 0.796146
Car -1 -1 0.00 735 176 791 219 -1 -1 -1 -1000 -1000 -1000 -10 0.670801
Car -1 -1 0.00 764 171 830 229 -1 -1 -1 -1000 -1000 -1000 -10 0.559194
Car -1 -1 0.00 230 181 289 202 -1 -1 -1 -1000 -1000 -1000 -10 -0.476169
Car -1 -1 0.00 319 174 436 228 -1 -1 -1 -1000 -1000 -1000 -10 -0.654428
Car -1 -1 0.00 90 17 181 119 -1 -1 -1 -1000 -1000 -1000 -10 -0.933054
Car -1 -1 0.00 230 168 432 261 -1 -1 -1 -1000 -1000 -1000 -10 -0.992577
Car -1 -1 0.00 694 274 724 297 -1 -1 -1 -1000 -1000 -1000 -10 -0.996834
Car -1 -1 0.00 12 36 43 57 -1 -1 -1 -1000 -1000 -1000 -10 -1.01221
Car -1 -1 0.00 835 83 871 96 -1 -1 -1 -1000 -1000 -1000 -10 -1.02083
Car -1 -1 0.00 1231 6 1276 64 -1 -1 -1 -1000 -1000 -1000 -10 -1.02716
Car -1 -1 0.00 122 48 176 111 -1 -1 -1 -1000 -1000 -1000 -10 -1.02726
