Car -1 -1 0.00 348 199 442 259 -1 -1 -1 -1000 -1000 -1000 -10 0.624791
Car -1 -1 0.00 751 189 1001 292 -1 -1 -1 -1000 -1000 -1000 -10 0.577661
Car -1 -1 0.00 462 195 504 226 -1 -1 -1 -1000 -1000 -1000 -10 0.496617
Car -1 -1 0.00 415 197 483 243 -1 -1 -1 -1000 -1000 -1000 -10 0.281079
Car -1 -1 0.00 40 208 329 354 -1 -1 -1 -1000 -1000 -1000 -10 0.231225
Car -1 -1 0.00 657 188 946 296 -1 -1 -1 -1000 -1000 -1000 -10 -0.309805
Car -1 -1 0.00 826 170 958 226 -1 -1 -1 -1000 -1000 -1000 -10 -0.447485
Car -1 -1 0.00 908 192 1172 362 -1 -1 -1 -1000 -1000 -1000 -10 -0.740823
Car -1 -1 0.00 238 214 292 257 -1 -1 -1 -1000 -1000 -1000 -10 -0.837332
Car -1 -1 0.00 608 188 939 295 -1 -1 -1 -1000 -1000 -1000 -10 -0.855298
Car -1 -1 0.00 965 180 1004 202 -1 -1 -1 -1000 -1000 -1000 -10 -0.869126
Car -1 -1 0.00 757 171 843 227 -1 -1 -1 -1000 -1000 -1000 -10 -0.941841
Car -1 -1 0.00 625 183 687 204 -1 -1 -1 -1000 -1000 -1000 -10 -0.973225
Car -1 -1 0.00 812 156 842 169 -1 -1 -1 -1000 -1000 -1000 -10 -1.00729
Car -1 -1 0.00 320 304 356 329 -1 -1 -1 -1000 -1000 -1000 -10 -1.01759
Car -1 -1 0.00 426 226 452 250 -1 -1 -1 -1000 -1000 -1000 -10 -1.01959
Car -1 -1 0.00 438 136 464 167 -1 -1 -1 -1000 -1000 -1000 -10 -1.02604
Car -1 -1 0.00 626 164 648 190 -1 -1 -1 -1000 -1000 -1000 -10 -1.02832
Car -1 -1 0.00 337 57 368 83 -1 -1 -1 -1000 -1000 -1000 -10 -1.02912
