Car -1 -1 0.00 463 181 524 225 -1 -1 -1 -1000 -1000 -1000 -10 1.68902
Car -1 -1 0.00 667 172 760 240 -1 -1 -1 -1000 -1000 -1000 -10 1.27735
Car -1 -1 0.00 638 173 705 221 -1 -1 -1 -1000 -1000 -1000 -10 1.06164
Car -1 -1 0.00 708 166 894 293 -1 -1 -1 -1000 -1000 -1000 -10 0.96994
Car -1 -1 0.00 602 175 629 196 -1 -1 -1 -1000 -1000 -1000 -10 0.640504
Car -1 -1 0.00 525 177 550 199 -1 -1 -1 -1000 -1000 -1000 -10 0.552466
Car -1 -1 0.00 506 179 536 206 -1 -1 -1 -1000 -1000 -1000 -10 0.200018
Car -1 -1 0.00 808 206 1240 373 -1 -1 -1 -1000 -1000 -1000 -10 -0.909651
Car -1 -1 0.00 688 205 731 239 -1 -1 -1 -1000 -1000 -1000 -10 -0.958416
Car -1 -1 0.00 35 311 82 359 -1 -1 -1 -1000 -1000 -1000 -10 -1.0153
Car -1 -1 0.00 73 300 154 373 -1 -1 -1 -1000 -1000 -1000 -10 -1.02999
