Car -1 -1 0.00 795 170 874 199 -1 -1 -1 -1000 -1000 -1000 -10 0.517845
Car -1 -1 0.00 29 188 103 218 -1 -1 -1 -1000 -1000 -1000 -10 -0.26132
Car -1 -1 0.00 826 169 906 199 -1 -1 -1 -1000 -1000 -1000 -10 -0.326401
Car -1 -1 0.00 44 187 168 217 -1 -1 -1 -1000 -1000 -1000 -10 -0.713079
Car -1 -1 0.00 115 188 214 219 -1 -1 -1 -1000 -1000 -1000 -10 -0.815956
Car -1 -1 0.00 1221 67 1243 88 -1 -1 -1 -1000 -1000 -1000 -10 -0.880004
Car -1 -1 0.00 185 215 215 235 -1 -1 -1 -1000 -1000 -1000 -10 -0.919293
Car -1 -1 0.00 472 94 530 138 -1 -1 -1 -1000 -1000 -1000 -10 -0.944155
Car -1 -1 0.00 963 123 1000 138 -1 -1 -1 -1000 -1000 -1000 -10 -0.968512
Car -1 -1 0.00 1122 209 1149 230 -1 -1 -1 -1000 -1000 -1000 -10 -1.01015
Car -1 -1 0.00 784 80 820 94 -1 -1 -1 -1000 -1000 -1000 -10 -1.01883
