Car -1 -1 0.00 406 189 471 232 -1 -1 -1 -1000 -1000 -1000 -10 2.0818
Car -1 -1 0.00 63 202 231 271 -1 -1 -1 -1000 -1000 -1000 -10 1.43597
Car -1 -1 0.00 487 190 532 217 -1 -1 -1 -1000 -1000 -1000 -10 1.34091
Car -1 -1 0.00 526 189 557 209 -1 -1 -1 -1000 -1000 -1000 -10 0.424195
Car -1 -1 0.00 252 182 379 266 -1 -1 -1 -1000 -1000 -1000 -10 0.169137
Car -1 -1 0.00 1055 60 1094 73 -1 -1 -1 -1000 -1000 -1000 -10 -0.93197
Car -1 -1 0.00 254 209 312 263 -1 -1 -1 -1000 -1000 -1000 -10 -0.952985
Car -1 -1 0.00 644 112 671 134 -1 -1 -1 -1000 -1000 -1000 -10 -0.996459
Car -1 -1 0.00 977 213 1004 235 -1 -1 -1 -1000 -1000 -1000 -10 -1.0131
Car -1 -1 0.00 823 -24 897 44 -1 -1 -1 -1000 -1000 -1000 -10 -1.01908
Car -1 -1 0.00 748 63 817 92 -1 -1 -1 -1000 -1000 -1000 -10 -1.01935
