Car -1 -1 0.00 569 173 615 203 -1 -1 -1 -1000 -1000 -1000 -10 2.18246
Car -1 -1 0.00 501 170 569 215 -1 -1 -1 -1000 -1000 -1000 -10 1.3096
Car -1 -1 0.00 406 182 505 234 -1 -1 -1 -1000 -1000 -1000 -10 0.42123
Car -1 -1 0.00 1085 126 1209 166 -1 -1 -1 -1000 -1000 -1000 -10 -0.867889
Car -1 -1 0.00 991 206 1048 226 -1 -1 -1 -1000 -1000 -1000 -10 -0.917582
Car -1 -1 0.00 236 158 270 193 -1 -1 -1 -1000 -1000 -1000 -10 -1.00002
Car -1 -1 0.00 253 328 289 339 -1 -1 -1 -1000 -1000 -1000 -10 -1.00385
Car -1 -1 0.00 1185 303 1214 325 -1 -1 -1 -1000 -1000 -1000 -10 -1.01568
Car -1 -1 0.00 848 139 911 176 -1 -1 -1 -1000 -1000 -1000 -10 -1.01826
Car -1 -1 0.00 846 317 881 356 -1 -1 -1 -1000 -1000 -1000 -10 -1.02685
Car -1 -1 0.00 112 136 142 169 -1 -1 -1 -1000 -1000 -1000 -10 -1.02751
