Car -1 -1 0.00 925 171 1062 228 -1 -1 -1 -1000 -1000 -1000 -10 1.00759
Car -1 -1 0.00 484 185 685 253 -1 -1 -1 -1000 -1000 -1000 -10 0.406112
Car -1 -1 0.00 929 172 952 195 -1 -1 -1 -1000 -1000 -1000 -10 -0.817384
Car -1 -1 0.00 490 182 682 251 -1 -1 -1 -1000 -1000 -1000 -10 -0.867998
Car -1 -1 0.00 734 172 821 200 -1 -1 -1 -1000 -1000 -1000 -10 -0.90654
Car -1 -1 0.00 405 107 455 124 -1 -1 -1 -1000 -1000 -1000 -10 -0.969028
Car -1 -1 0.00 335 45 376 78 -1 -1 -1 -1000 -1000 -1000 -10 -0.982728
Car -1 -1 0.00 794 134 821 157 -1 -1 -1 -1000 -1000 -1000 -10 -1.00965
Car -1 -1 0.00 650 155 692 177 -1 -1 -1 -1000 -1000 -1000 -10 -1.02124
Car -1 -1 0.00 216 -3 345 35 -1 -1 -1 -1000 -1000 -1000 -10 -1.02405
Car -1 -1 0.00 1208 116 1234 135 -1 -1 -1 -1000 -1000 -1000 -10 -1.0263
