Car -1 -1 0.00 417 186 478 225 -1 -1 -1 -1000 -1000 -1000 -10 1.96158
Car -1 -1 0.00 114 201 263 260 -1 -1 -1 -1000 -1000 -1000 -10 1.44468
Car -1 -1 0.00 492 187 535 212 -1 -1 -1 -1000 -1000 -1000 -10 1.31636
Car -1 -1 0.00 528 185 559 205 -1 -1 -1 -1000 -1000 -1000 -10 0.513809
Car -1 -1 0.00 287 185 397 254 -1 -1 -1 -1000 -1000 -1000 -10 -0.378678
Car -1 -1 0.00 480 186 538 210 -1 -1 -1 -1000 -1000 -1000 -10 -0.852633
Car -1 -1 0.00 33 67 62 89 -1 -1 -1 -1000 -1000 -1000 -10 -0.913324
Car -1 -1 0.00 643 109 672 132 -1 -1 -1 -1000 -1000 -1000 -10 -0.953009
Car -1 -1 0.00 596 151 622 174 -1 -1 -1 -1000 -1000 -1000 -10 -0.975801
Car -1 -1 0.00 395 55 433 97 -1 -1 -1 -1000 -1000 -1000 -10 -0.985777
Car -1 -1 0.00 351 179 434 224 -1 -1 -1 -1000 -1000 -1000 -10 -1.01333
Car -1 -1 0.00 722 236 762 257 -1 -1 -1 -1000 -1000 -1000 -10 -1.01427
