Car -1 -1 0.00 568 180 624 220 -1 -1 -1 -1000 -1000 -1000 -10 1.53681
Car -1 -1 0.00 696 179 731 195 -1 -1 -1 -1000 -1000 -1000 -10 0.528808
Car -1 -1 0.00 1137 180 1160 200 -1 -1 -1 -1000 -1000 -1000 -10 -0.30738
Car -1 -1 0.00 781 172 842 198 -1 -1 -1 -1000 -1000 -1000 -10 -0.635302
Car -1 -1 0.00 129 344 159 368 -1 -1 -1 -1000 -1000 -1000 -10 -0.712694
Car -1 -1 0.00 825 90 848 110 -1 -1 -1 -1000 -1000 -1000 -10 -0.860845
Car -1 -1 0.00 236 167 262 199 -1 -1 -1 -1000 -1000 -1000 -10 -0.967893
Car -1 -1 0.00 127 45 169 93 -1 -1 -1 -1000 -1000 -1000 -10 -0.98927
Car -1 -1 0.00 256 334 339 367 -1 -1 -1 -1000 -1000 -1000 -10 -0.998145
Car -1 -1 0.00 866 267 890 289 -1 -1 -1 -1000 -1000 -1000 -10 -1.00158
Car -1 -1 0.00 1071 68 1175 107 -1 -1 -1 -1000 -1000 -1000 -10 -1.00238
Car -1 -1 0.00 885 311 911 337 -1 -1 -1 -1000 -1000 -1000 -10 -1.01614
Car -1 -1 0.00 846 117 869 130 -1 -1 -1 -1000 -1000 -1000 -10 -1.01875
Car -1 -1 0.00 380 10 406 40 -1 -1 -1 -1000 -1000 -1000 -10 -1.02274
Car -1 -1 0.00 1138 70 1181 82 -1 -1 -1 -1000 -1000 -1000 -10 -1.02709
