Car -1 -1 0.00 0 194 239 285 -1 -1 -1 -1000 -1000 -1000 -10 1.01471
Car -1 -1 0.00 1034 171 1253 315 -1 -1 -1 -1000 -1000 -1000 -10 -0.185959
Car -1 -1 0.00 894 171 937 188 -1 -1 -1 -1000 -1000 -1000 -10 -0.69987
Car -1 -1 0.00 49 197 252 273 -1 -1 -1 -1000 -1000 -1000 -10 -0.705108
Car -1 -1 0.00 1026 176 1095 221 -1 -1 -1 -1000 -1000 -1000 -10 -0.705172
Car -1 -1 0.00 968 163 1093 216 -1 -1 -1 -1000 -1000 -1000 -10 -0.852375
Car -1 -1 0.00 936 166 978 202 -1 -1 -1 -1000 -1000 -1000 -10 -0.899134
Car -1 -1 0.00 818 172 861 190 -1 -1 -1 -1000 -1000 -1000 -10 -0.90716
Car -1 -1 0.00 531 241 562 268 -1 -1 -1 -1000 -1000 -1000 -10 -0.922321
Car -1 -1 0.00 1161 -2 1237 19 -1 -1 -1 -1000 -1000 -1000 -10 -0.972548
Car -1 -1 0.00 290 219 344 244 -1 -1 -1 -1000 -1000 -1000 -10 -0.993545
Car -1 -1 0.00 480 29 587 77 -1 -1 -1 -1000 -1000 -1000 -10 -0.995255
Car -1 -1 0.00 785 110 822 125 -1 -1 -1 -1000 -1000 -1000 -10 -0.997037
Car -1 -1 0.00 913 171 962 192 -1 -1 -1 -1000 -1000 -1000 -10 -0.998422
Car -1 -1 0.00 1168 -2 1219 11 -1 -1 -1 -1000 -1000 -1000 -10 -1.02682
Car -1 -1 0.00 480 217 514 255 -1 -1 -1 -1000 -1000 -1000 -10 -1.02968
