Car -1 -1 0.00 910 174 1083 228 -1 -1 -1 -1000 -1000 -1000 -10 1.70498
Car -1 -1 0.00 563 175 616 210 -1 -1 -1 -1000 -1000 -1000 -10 1.67674
Car -1 -1 0.00 538 178 563 197 -1 -1 -1 -1000 -1000 -1000 -10 1.1069
Car -1 -1 0.00 653 168 729 200 -1 -1 -1 -1000 -1000 -1000 -10 0.776691
Car -1 -1 0.00 187 183 358 230 -1 -1 -1 -1000 -1000 -1000 -10 0.565079
Car -1 -1 0.00 707 180 912 256 -1 -1 -1 -1000 -1000 -1000 -10 0.0750014
Car -1 -1 0.00 494 178 517 191 -1 -1 -1 -1000 -1000 -1000 -10 -0.692153
Car -1 -1 0.00 495 177 517 191 -1 -1 -1 -1000 -1000 -1000 -10 -0.769182
Car -1 -1 0.00 922 169 1103 225 -1 -1 -1 -1000 -1000 -1000 -10 -0.796148
Car -1 -1 0.00 327 71 355 100 -1 -1 -1 -1000 -1000 -1000 -10 -0.969617
Car -1 -1 0.00 1097 205 1119 233 -1 -1 -1 -1000 -1000 -1000 -10 -0.972973
Car -1 -1 0.00 738 235 765 255 -1 -1 -1 -1000 -1000 -1000 -10 -0.978831
Car -1 -1 0.00 860 176 950 201 -1 -1 -1 -1000 -1000 -1000 -10 -0.999515
Car -1 -1 0.00 1014 244 1042 268 -1 -1 -1 -1000 -1000 -1000 -10 -1.0019
Car -1 -1 0.00 992 298 1016 319 -1 -1 -1 -1000 -1000 -1000 -10 -1.02343
