Car -1 -1 0.00 447 165 485 191 -1 -1 -1 -1000 -1000 -1000 -10 1.54347
Car -1 -1 0.00 548 165 572 185 -1 -1 -1 -1000 -1000 -1000 -10 1.20996
Car -1 -1 0.00 125 156 243 202 -1 -1 -1 -1000 -1000 -1000 -10 1.16578
Car -1 -1 0.00 476 168 500 184 -1 -1 -1 -1000 -1000 -1000 -10 -0.43557
Car -1 -1 0.00 911 120 956 157 -1 -1 -1 -1000 -1000 -1000 -10 -0.881499
Car -1 -1 0.00 824 64 861 102 -1 -1 -1 -1000 -1000 -1000 -10 -0.895137
Car -1 -1 0.00 127 75 182 112 -1 -1 -1 -1000 -1000 -1000 -10 -0.906973
Car -1 -1 0.00 1107 151 1176 177 -1 -1 -1 -1000 -1000 -1000 -10 -0.931698
Car -1 -1 0.00 149 134 173 146 -1 -1 -1 -1000 -1000 -1000 -10 -0.987083
Car -1 -1 0.00 509 250 541 270 -1 -1 -1 -1000 -1000 -1000 -10 -1.00287
Car -1 -1 0.00 120 12 159 42 -1 -1 -1 -1000 -1000 -1000 -10 -1.00556
Car -1 -1 0.00 164 156 239 200 -1 -1 -1 -1000 -1000 -1000 -10 -1.00774
