Car -1 -1 0.00 608 185 658 222 -1 -1 -1 -1000 -1000 -1000 -10 1.10124
Car -1 -1 0.00 831 192 1207 316 -1 -1 -1 -1000 -1000 -1000 -10 -0.030426
Car -1 -1 0.00 475 183 528 225 -1 -1 -1 -1000 -1000 -1000 -10 -0.579856
Car -1 -1 0.00 692 168 865 248 -1 -1 -1 -1000 -1000 -1000 -10 -0.640731
Car -1 -1 0.00 789 182 938 288 -1 -1 -1 -1000 -1000 -1000 -10 -0.701218
Car -1 -1 0.00 453 180 527 215 -1 -1 -1 -1000 -1000 -1000 -10 -0.780117
Car -1 -1 0.00 696 184 786 223 -1 -1 -1 -1000 -1000 -1000 -10 -0.864549
Car -1 -1 0.00 142 195 244 275 -1 -1 -1 -1000 -1000 -1000 -10 -0.922265
Car -1 -1 0.00 913 107 941 122 -1 -1 -1 -1000 -1000 -1000 -10 -0.996986
Car -1 -1 0.00 1168 8 1192 20 -1 -1 -1 -1000 -1000 -1000 -10 -1.01553
Car -1 -1 0.00 472 103 502 116 -1 -1 -1 -1000 -1000 -1000 -10 -1.0191
Car -1 -1 0.00 574 184 604 216 -1 -1 -1 -1000 -1000 -1000 -10 -1.02127
