Car -1 -1 0.00 739 182 859 270 -1 -1 -1 -1000 -1000 -1000 -10 1.47775
Car -1 -1 0.00 689 180 755 224 -1 -1 -1 -1000 -1000 -1000 -10 1.42499
Car -1 -1 0.00 -11 176 400 362 -1 -1 -1 -1000 -1000 -1000 -10 0.910832
Car -1 -1 0.00 456 173 575 221 -1 -1 -1 -1000 -1000 -1000 -10 0.706955
Car -1 -1 0.00 821 196 1109 363 -1 -1 -1 -1000 -1000 -1000 -10 0.607247
Car -1 -1 0.00 722 183 805 245 -1 -1 -1 -1000 -1000 -1000 -10 0.482441
Car -1 -1 0.00 675 180 712 208 -1 -1 -1 -1000 -1000 -1000 -10 -0.153309
Car -1 -1 0.00 319 186 518 273 -1 -1 -1 -1000 -1000 -1000 -10 -0.368589
Car -1 -1 0.00 384 185 452 213 -1 -1 -1 -1000 -1000 -1000 -10 -0.4236
Car -1 -1 0.00 757 179 887 275 -1 -1 -1 -1000 -1000 -1000 -10 -0.576132
Car -1 -1 0.00 314 25 386 89 -1 -1 -1 -1000 -1000 -1000 -10 -0.891179
Car -1 -1 0.00 709 183 759 223 -1 -1 -1 -1000 -1000 -1000 -10 -0.906473
Car -1 -1 0.00 544 177 598 203 -1 -1 -1 -1000 -1000 -1000 -10 -0.925507
Car -1 -1 0.00 141 15 174 57 -1 -1 -1 -1000 -1000 -1000 -10 -0.931073
Car -1 -1 0.00 613 137 643 164 -1 -1 -1 -1000 -1000 -1000 -10 -0.935388
Car -1 -1 0.00 990 285 1203 374 -1 -1 -1 -1000 -1000 -1000 -10 -1.00704
Car -1 -1 0.00 548 15 638 45 -1 -1 -1 -1000 -1000 -1000 -10 -1.01263
Car -1 -1 0.00 810 239 888 308 -1 -1 -1 -1000 -1000 -1000 -10 -1.01276
Car -1 -1 0.00 241 300 292 356 -1 -1 -1 -1000 -1000 -1000 -10 -1.02772
Car -1 -1 0.00 344 347 374 361 -1 -1 -1 -1000 -1000 -1000 -10 -1.0279
