Car -1 -1 0.00 464 166 509 199 -1 -1 -1 -1000 -1000 -1000 -10 1.11047
Car -1 -1 0.00 461 25 495 64 -1 -1 -1 -1000 -1000 -1000 -10 -0.866072
Car -1 -1 0.00 1030 128 1069 145 -1 -1 -1 -1000 -1000 -1000 -10 -0.903922
Car -1 -1 0.00 1174 279 1238 346 -1 -1 -1 -1000 -1000 -1000 -10 -0.962819
Car -1 -1 0.00 1171 322 1202 347 -1 -1 -1 -1000 -1000 -1000 -10 -0.964396
Car -1 -1 0.00 1074 298 1100 321 -1 -1 -1 -1000 -1000 -1000 -10 -0.983963
Car -1 -1 0.00 729 304 752 332 -1 -1 -1 -1000 -1000 -1000 -10 -1.01022
Car -1 -1 0.00 553 97 582 109 -1 -1 -1 -1000 -1000 -1000 -10 -1.02115
Car -1 -1 0.00 84 322 121 333 -1 -1 -1 -1000 -1000 -1000 -10 -1.02359
Car -1 -1 0.00 1002 260 1033 282 -1 -1 -1 -1000 -1000 -1000 -10 -1.02799
