Car -1 -1 0.00 567 182 605 198 -1 -1 -1 -1000 -1000 -1000 -10 0.475999
Car -1 -1 0.00 700 92 939 275 -1 -1 -1 -1000 -1000 -1000 -10 -0.930063
Car -1 -1 0.00 1103 200 1150 217 -1 -1 -1 -1000 -1000 -1000 -10 -0.956298
Car -1 -1 0.00 402 148 450 193 -1 -1 -1 -1000 -1000 -1000 -10 -0.97188
Car -1 -1 0.00 6 89 104 176 -1 -1 -1 -1000 -1000 -1000 -10 -0.980303
Car -1 -1 0.00 1131 124 1163 158 -1 -1 -1 -1000 -1000 -1000 -10 -0.985291
Car -1 -1 0.00 977 206 1029 222 -1 -1 -1 -1000 -1000 -1000 -10 -1.00245
Car -1 -1 0.00 134 285 173 306 -1 -1 -1 -1000 -1000 -1000 -10 -1.0143
Car -1 -1 0.00 366 5 391 30 -1 -1 -1 -1000 -1000 -1000 -10 -1.01802
Car -1 -1 0.00 404 147 448 170 -1 -1 -1 -1000 -1000 -1000 -10 -1.02187
Car -1 -1 0.00 766 240 884 349 -1 -1 -1 -1000 -1000 -1000 -10 -1.02897
Car -1 -1 0.00 545 -2 609 14 -1 -1 -1 -1000 -1000 -1000 -10 -1.02974
