Car -1 -1 0.00 416 187 474 229 -1 -1 -1 -1000 -1000 -1000 -10 1.38538
Car -1 -1 0.00 292 191 420 269 -1 -1 -1 -1000 -1000 -1000 -10 0.671718
Car -1 -1 0.00 687 180 860 244 -1 -1 -1 -1000 -1000 -1000 -10 -0.31285
Car -1 -1 0.00 802 182 1145 317 -1 -1 -1 -1000 -1000 -1000 -10 -0.503947
Car -1 -1 0.00 1082 216 1186 263 -1 -1 -1 -1000 -1000 -1000 -10 -0.652358
Car -1 -1 0.00 -4 196 241 374 -1 -1 -1 -1000 -1000 -1000 -10 -0.75539
Car -1 -1 0.00 253 225 282 247 -1 -1 -1 -1000 -1000 -1000 -10 -0.873572
Car -1 -1 0.00 779 186 935 259 -1 -1 -1 -1000 -1000 -1000 -10 -0.904426
Car -1 -1 0.00 725 169 822 208 -1 -1 -1 -1000 -1000 -1000 -10 -0.950283
Car -1 -1 0.00 663 200 689 212 -1 -1 -1 -1000 -1000 -1000 -10 -0.955132
Car -1 -1 0.00 1163 112 1193 147 -1 -1 -1 -1000 -1000 -1000 -10 -0.977088
Car -1 -1 0.00 609 171 662 194 -1 -1 -1 -1000 -1000 -1000 -10 -1.00484
Car -1 -1 0.00 1164 102 1193 122 -1 -1 -1 -1000 -1000 -1000 -10 -1.00691
Car -1 -1 0.00 465 290 548 312 -1 -1 -1 -1000 -1000 -1000 -10 -1.00793
Car -1 -1 0.00 499 38 557 69 -1 -1 -1 -1000 -1000 -1000 -10 -1.01786
Car -1 -1 0.00 483 184 514 209 -1 -1 -1 -1000 -1000 -1000 -10 -1.01951
