Car -1 -1 0.00 119 159 219 186 -1 -1 -1 -1000 -1000 -1000 -10 1.74862
Car -1 -1 0.00 705 184 1053 305 -1 -1 -1 -1000 -1000 -1000 -10 0.743382
Car -1 -1 0.00 586 174 783 254 -1 -1 -1 -1000 -1000 -1000 -10 0.56411
Car -1 -1 0.00 409 169 539 219 -1 -1 -1 -1000 -1000 -1000 -10 0.236298
Car -1 -1 0.00 517 199 606 233 -1 -1 -1 -1000 -1000 -1000 -10 -0.154681
Car -1 -1 0.00 1040 209 1115 290 -1 -1 -1 -1000 -1000 -1000 -10 -0.906885
Car -1 -1 0.00 519 156 620 189 -1 -1 -1 -1000 -1000 -1000 -10 -0.967626
Car -1 -1 0.00 129 172 153 187 -1 -1 -1 -1000 -1000 -1000 -10 -0.990053
Car -1 -1 0.00 757 357 787 379 -1 -1 -1 -1000 -1000 -1000 -10 -0.991907
Car -1 -1 0.00 245 189 319 211 -1 -1 -1 -1000 -1000 -1000 -10 -1.01757
Car -1 -1 0.00 510 235 536 264 -1 -1 -1 -1000 -1000 -1000 -10 -1.02887
Car -1 -1 0.00 658 277 684 296 -1 -1 -1 -1000 -1000 -1000 -10 -1.02988
