Car -1 -1 0.00 436 175 492 211 -1 -1 -1 -1000 -1000 -1000 -10 1.54268
Car -1 -1 0.00 187 177 361 251 -1 -1 -1 -1000 -1000 -1000 -10 1.04417
Car -1 -1 0.00 554 175 582 192 -1 -1 -1 -1000 -1000 -1000 -10 0.900245
Car -1 -1 0.00 325 169 411 219 -1 -1 -1 -1000 -1000 -1000 -10 -0.0284138
Car -1 -1 0.00 421 182 463 205 -1 -1 -1 -1000 -1000 -1000 -10 -0.498889
Car -1 -1 0.00 526 174 557 195 -1 -1 -1 -1000 -1000 -1000 -10 -0.567994
Car -1 -1 0.00 554 175 599 192 -1 -1 -1 -1000 -1000 -1000 -10 -0.730609
Car -1 -1 0.00 570 174 598 189 -1 -1 -1 -1000 -1000 -1000 -10 -0.753043
Car -1 -1 0.00 326 169 378 213 -1 -1 -1 -1000 -1000 -1000 -10 -0.87488
Car -1 -1 0.00 229 79 281 117 -1 -1 -1 -1000 -1000 -1000 -10 -0.932626
Car -1 -1 0.00 170 174 218 197 -1 -1 -1 -1000 -1000 -1000 -10 -0.938971
Car -1 -1 0.00 827 102 854 130 -1 -1 -1 -1000 -1000 -1000 -10 -0.988868
Car -1 -1 0.00 277 -2 321 14 -1 -1 -1 -1000 -1000 -1000 -10 -0.997496
Car -1 -1 0.00 1184 32 1232 70 -1 -1 -1 -1000 -1000 -1000 -10 -1.012
