Car -1 -1 0.00 555 173 586 195 -1 -1 -1 -1000 -1000 -1000 -10 1.01903
Car -1 -1 0.00 795 162 843 194 -1 -1 -1 -1000 -1000 -1000 -10 -0.289701
Car -1 -1 0.00 819 177 865 194 -1 -1 -1 -1000 -1000 -1000 -10 -0.314122
Car -1 -1 0.00 850 157 918 199 -1 -1 -1 -1000 -1000 -1000 -10 -0.47133
Car -1 -1 0.00 1040 144 1216 222 -1 -1 -1 -1000 -1000 -1000 -10 -0.773963
Car -1 -1 0.00 598 166 634 182 -1 -1 -1 -1000 -1000 -1000 -10 -0.823398
Car -1 -1 0.00 755 167 782 186 -1 -1 -1 -1000 -1000 -1000 -10 -0.900705
Car -1 -1 0.00 980 98 1005 118 -1 -1 -1 -1000 -1000 -1000 -10 -0.906658
Car -1 -1 0.00 159 176 185 214 -1 -1 -1 -1000 -1000 -1000 -10 -0.913212
Car -1 -1 0.00 159 159 186 196 -1 -1 -1 -1000 -1000 -1000 -10 -0.916534
Car -1 -1 0.00 770 170 805 188 -1 -1 -1 -1000 -1000 -1000 -10 -0.916581
Car -1 -1 0.00 481 153 515 178 -1 -1 -1 -1000 -1000 -1000 -10 -0.936481
Car -1 -1 0.00 502 152 527 175 -1 -1 -1 -1000 -1000 -1000 -10 -0.940689
Car -1 -1 0.00 140 47 182 87 -1 -1 -1 -1000 -1000 -1000 -10 -0.941988
Car -1 -1 0.00 769 170 796 188 -1 -1 -1 -1000 -1000 -1000 -10 -0.966661
Car -1 -1 0.00 440 183 463 196 -1 -1 -1 -1000 -1000 -1000 -10 -0.974077
Car -1 -1 0.00 1141 113 1181 134 -1 -1 -1 -1000 -1000 -1000 -10 -0.976404
Car -1 -1 0.00 124 91 176 116 -1 -1 -1 -1000 -1000 -1000 -10 -0.986931
Car -1 -1 0.00 746 302 811 332 -1 -1 -1 -1000 -1000 -1000 -10 -1.00283
Car -1 -1 0.00 1166 9 1225 54 -1 -1 -1 -1000 -1000 -1000 -10 -1.00918
Car -1 -1 0.00 136 271 208 340 -1 -1 -1 -1000 -1000 -1000 -10 -1.01827
Car -1 -1 0.00 384 305 442 347 -1 -1 -1 -1000 -1000 -1000 -10 -1.02515
Car -1 -1 0.00 791 248 837 263 -1 -1 -1 -1000 -1000 -1000 -10 -1.02827
