Car -1 -1 0.00 402 183 520 261 -1 -1 -1 -1000 -1000 -1000 -10 1.19264
Car -1 -1 0.00 165 202 426 373 -1 -1 -1 -1000 -1000 -1000 -10 0.570164
Car -1 -1 0.00 476 186 540 238 -1 -1 -1 -1000 -1000 -1000 -10 0.289305
Car -1 -1 0.00 534 181 570 207 -1 -1 -1 -1000 -1000 -1000 -10 -0.230043
Car -1 -1 0.00 1010 147 1069 199 -1 -1 -1 -1000 -1000 -1000 -10 -0.763764
Car -1 -1 0.00 640 354 675 369 -1 -1 -1 -1000 -1000 -1000 -10 -0.907657
Car -1 -1 0.00 530 183 561 207 -1 -1 -1 -1000 -1000 -1000 -10 -0.911454
Car -1 -1 0.00 870 205 999 290 -1 -1 -1 -1000 -1000 -1000 -10 -0.930065
Car -1 -1 0.00 576 175 616 214 -1 -1 -1 -1000 -1000 -1000 -10 -0.940043
Car -1 -1 0.00 1076 73 1108 89 -1 -1 -1 -1000 -1000 -1000 -10 -0.973302
Car -1 -1 0.00 989 189 1017 210 -1 -1 -1 -1000 -1000 -1000 -10 -0.975206
Car -1 -1 0.00 726 182 758 222 -1 -1 -1 -1000 -1000 -1000 -10 -0.979973
Car -1 -1 0.00 1124 274 1150 296 -1 -1 -1 -1000 -1000 -1000 -10 -0.993987
Car -1 -1 0.00 694 237 731 247 -1 -1 -1 -1000 -1000 -1000 -10 -0.994448
Car -1 -1 0.00 1014 92 1066 141 -1 -1 -1 -1000 -1000 -1000 -10 -0.99649
Car -1 -1 0.00 721 166 759 208 -1 -1 -1 -1000 -1000 -1000 -10 -1.0087
Car -1 -1 0.00 645 99 671 111 -1 -1 -1 -1000 -1000 -1000 -10 -1.01552
Car -1 -1 0.00 403 -20 489 55 -1 -1 -1 -1000 -1000 -1000 -10 -1.01662
