Car -1 -1 0.00 580 179 617 210 -1 -1 -1 -1000 -1000 -1000 -10 1.29397
Car -1 -1 0.00 445 174 470 189 -1 -1 -1 -1000 -1000 -1000 -10 0.494708
Car -1 -1 0.00 413 143 474 159 -1 -1 -1 -1000 -1000 -1000 -10 -1.00754
Car -1 -1 0.00 1004 32 1034 67 -1 -1 -1 -1000 -1000 -1000 -10 -1.00773
Car -1 -1 0.00 557 361 585 387 -1 -1 -1 -1000 -1000 -1000 -10 -1.01051
Car -1 -1 0.00 490 337 526 364 -1 -1 -1 -1000 -1000 -1000 -10 -1.01219
Car -1 -1 0.00 1025 145 1082 161 -1 -1 -1 -1000 -1000 -1000 -10 -1.01436
Car -1 -1 0.00 653 230 693 269 -1 -1 -1 -1000 -1000 -1000 -10 -1.01691
Car -1 -1 0.00 658 188 692 200 -1 -1 -1 -1000 -1000 -1000 -10 -1.02171
Car -1 -1 0.00 1227 169 1252 189 -1 -1 -1 -1000 -1000 -1000 -10 -1.02811
