Car -1 -1 0.00 810 182 1033 325 -1 -1 -1 -1000 -1000 -1000 -10 2.20115
Car -1 -1 0.00 726 177 810 239 -1 -1 -1 -1000 -1000 -1000 -10 0.939901
Car -1 -1 0.00 691 184 725 204 -1 -1 -1 -1000 -1000 -1000 -10 0.568487
Car -1 -1 0.00 434 126 549 170 -1 -1 -1 -1000 -1000 -1000 -10 -0.840453
Car -1 -1 0.00 255 259 286 274 -1 -1 -1 -1000 -1000 -1000 -10 -0.86311
Car -1 -1 0.00 538 170 570 193 -1 -1 -1 -1000 -1000 -1000 -10 -0.91163
Car -1 -1 0.00 772 244 800 268 -1 -1 -1 -1000 -1000 -1000 -10 -0.982058
Car -1 -1 0.00 343 77 367 105 -1 -1 -1 -1000 -1000 -1000 -10 -0.998271
Car -1 -1 0.00 334 55 361 83 -1 -1 -1 -1000 -1000 -1000 -10 -1.00292
Car -1 -1 0.00 421 -3 546 33 -1 -1 -1 -1000 -1000 -1000 -10 -1.00893
Car -1 -1 0.00 516 -2 584 18 -1 -1 -1 -1000 -1000 -1000 -10 -1.01236
Car -1 -1 0.00 471 -3 592 33 -1 -1 -1 -1000 -1000 -1000 -10 -1.01786
Car -1 -1 0.00 1074 139 1099 165 -1 -1 -1 -1000 -1000 -1000 -10 -1.02624
