Car -1 -1 0.00 475 164 524 196 -1 -1 -1 -1000 -1000 -1000 -10 -0.0843789
Car -1 -1 0.00 769 169 862 204 -1 -1 -1 -1000 -1000 -1000 -10 -0.130582
Car -1 -1 0.00 737 168 802 198 -1 -1 -1 -1000 -1000 -1000 -10 -0.349299
Car -1 -1 0.00 183 39 210 67 -1 -1 -1 -1000 -1000 -1000 -10 -0.795012
Car -1 -1 0.00 184 76 209 103 -1 -1 -1 -1000 -1000 -1000 -10 -0.908409
Car -1 -1 0.00 377 177 404 200 -1 -1 -1 -1000 -1000 -1000 -10 -0.909443
Car -1 -1 0.00 38 101 86 118 -1 -1 -1 -1000 -1000 -1000 -10 -0.920694
Car -1 -1 0.00 692 151 716 176 -1 -1 -1 -1000 -1000 -1000 -10 -0.936061
Car -1 -1 0.00 359 196 397 230 -1 -1 -1 -1000 -1000 -1000 -10 -0.945518
Car -1 -1 0.00 211 180 307 211 -1 -1 -1 -1000 -1000 -1000 -10 -0.958804
Car -1 -1 0.00 841 240 879 254 -1 -1 -1 -1000 -1000 -1000 -10 -0.992318
Car -1 -1 0.00 793 130 824 143 -1 -1 -1 -1000 -1000 -1000 -10 -0.998048
Car -1 -1 0.00 566 152 592 163 -1 -1 -1 -1000 -1000 -1000 -10 -1.00917
Car -1 -1 0.00 1236 192 1279 251 -1 -1 -1 -1000 -1000 -1000 -10 -1.01761
Car -1 -1 0.00 838 171 889 205 -1 -1 -1 -1000 -1000 -1000 -10 -1.02608
