Car -1 -1 0.00 606 177 635 208 -1 -1 -1 -1000 -1000 -1000 -10 0.692964
Car -1 -1 0.00 296 25 333 62 -1 -1 -1 -1000 -1000 -1000 -10 -0.961431
Car -1 -1 0.00 856 177 898 191 -1 -1 -1 -1000 -1000 -1000 -10 -0.981785
Car -1 -1 0.00 667 189 754 217 -1 -1 -1 -1000 -1000 -1000 -10 -1.00342
Car -1 -1 0.00 672 357 698 382 -1 -1 -1 -1000 -1000 -1000 -10 -1.00551
Car -1 -1 0.00 691 291 724 321 -1 -1 -1 -1000 -1000 -1000 -10 -1.00594
Car -1 -1 0.00 1027 21 1065 44 -1 -1 -1 -1000 -1000 -1000 -10 -1.00672
Car -1 -1 0.00 750 217 808 236 -1 -1 -1 -1000 -1000 -1000 -10 -1.008
Car -1 -1 0.00 659 139 699 178 -1 -1 -1 -1000 -1000 -1000 -10 -1.02374
Car -1 -1 0.00 490 158 525 169 -1 -1 -1 -1000 -1000 -1000 -10 -1.02379
Car -1 -1 0.00 441 110 485 124 -1 -1 -1 -1000 -1000 -1000 -10 -1.02775
