Car -1 -1 0.00 472 173 526 213 -1 -1 -1 -1000 -1000 -1000 -10 0.995208
Car -1 -1 0.00 -3 174 308 275 -1 -1 -1 -1000 -1000 -1000 -10 0.302931
Car -1 -1 0.00 407 163 438 189 -1 -1 -1 -1000 -1000 -1000 -10 0.160847
Car -1 -1 0.00 454 171 503 207 -1 -1 -1 -1000 -1000 -1000 -10 -0.701681
Car -1 -1 0.00 536 131 654 219 -1 -1 -1 -1000 -1000 -1000 -10 -0.750967
Car -1 -1 0.00 203 164 333 219 -1 -1 -1 -1000 -1000 -1000 -10 -0.89193
Car -1 -1 0.00 -94 178 257 280 -1 -1 -1 -1000 -1000 -1000 -10 -0.932198
Car -1 -1 0.00 592 365 625 378 -1 -1 -1 -1000 -1000 -1000 -10 -0.978694
Car -1 -1 0.00 857 141 925 194 -1 -1 -1 -1000 -1000 -1000 -10 -0.979587
Car -1 -1 0.00 547 106 574 131 -1 -1 -1 -1000 -1000 -1000 -10 -0.991134
Car -1 -1 0.00 663 303 834 400 -1 -1 -1 -1000 -1000 -1000 -10 -1.01146
Car -1 -1 0.00 553 297 619 316 -1 -1 -1 -1000 -1000 -1000 -10 -1.01596
Car -1 -1 0.00 337 145 383 162 -1 -1 -1 -1000 -1000 -1000 -10 -1.02071
Car -1 -1 0.00 559 351 587 374 -1 -1 -1 -1000 -1000 -1000 -10 -1.02209
