Car -1 -1 0.00 578 178 602 199 -1 -1 -1 -1000 -1000 -1000 -10 0.710344
Car -1 -1 0.00 354 188 403 215 -1 -1 -1 -1000 -1000 -1000 -10 0.0955433
Car -1 -1 0.00 654 175 678 196 -1 -1 -1 -1000 -1000 -1000 -10 0.0131466
Car -1 -1 0.00 577 174 614 198 -1 -1 -1 -1000 -1000 -1000 -10 -0.639681
Car -1 -1 0.00 489 332 524 350 -1 -1 -1 -1000 -1000 -1000 -10 -0.892058
Car -1 -1 0.00 968 208 1008 239 -1 -1 -1 -1000 -1000 -1000 -10 -0.945235
Car -1 -1 0.00 650 145 679 173 -1 -1 -1 -1000 -1000 -1000 -10 -0.96821
Car -1 -1 0.00 784 171 820 181 -1 -1 -1 -1000 -1000 -1000 -10 -0.976469
Car -1 -1 0.00 750 188 780 214 -1 -1 -1 -1000 -1000 -1000 -10 -0.991534
Car -1 -1 0.00 1118 216 1183 266 -1 -1 -1 -1000 -1000 -1000 -10 -0.998941
Car -1 -1 0.00 195 87 226 120 -1 -1 -1 -1000 -1000 -1000 -10 -1.00056
Car -1 -1 0.00 661 352 706 373 -1 -1 -1 -1000 -1000 -1000 -10 -1.00375
Car -1 -1 0.00 470 355 525 372 -1 -1 -1 -1000 -1000 -1000 -10 -1.00783
Car -1 -1 0.00 301 92 363 113 -1 -1 -1 -1000 -1000 -1000 -10 -1.01952
