Car -1 -1 0.00 508 179 579 229 -1 -1 -1 -1000 -1000 -1000 -10 1.12883
Car -1 -1 0.00 661 175 695 193 -1 -1 -1 -1000 -1000 -1000 -10 -0.100805
Car -1 -1 0.00 753 166 818 194 -1 -1 -1 -1000 -1000 -1000 -10 -0.629015
Car -1 -1 0.00 622 218 689 244 -1 -1 -1 -1000 -1000 -1000 -10 -0.903752
Car -1 -1 0.00 250 33 286 59 -1 -1 -1 -1000 -1000 -1000 -10 -0.934715
Car -1 -1 0.00 883 31 909 48 -1 -1 -1 -1000 -1000 -1000 -10 -0.998225
Car -1 -1 0.00 281 135 307 170 -1 -1 -1 -1000 -1000 -1000 -10 -1.00789
Car -1 -1 0.00 977 225 1023 239 -1 -1 -1 -1000 -1000 -1000 -10 -1.01291
Car -1 -1 0.00 765 156 826 175 -1 -1 -1 -1000 -1000 -1000 -10 -1.01464
Car -1 -1 0.00 557 111 582 130 -1 -1 -1 -1000 -1000 -1000 -10 -1.0211
Car -1 -1 0.00 265 104 307 157 -1 -1 -1 -1000 -1000 -1000 -10 -1.02622
