Car -1 -1 0.00 306 157 488 297 -1 -1 -1 -1000 -1000 -1000 -10 0.920692
Car -1 -1 0.00 5 206 272 342 -1 -1 -1 -1000 -1000 -1000 -10 0.811115
Car -1 -1 0.00 630 171 682 190 -1 -1 -1 -1000 -1000 -1000 -10 -0.829709
Car -1 -1 0.00 968 166 1013 184 -1 -1 -1 -1000 -1000 -1000 -10 -0.878625
Car -1 -1 0.00 686 34 717 67 -1 -1 -1 -1000 -1000 -1000 -10 -0.886242
Car -1 -1 0.00 76 181 294 323 -1 -1 -1 -1000 -1000 -1000 -10 -0.917469
Car -1 -1 0.00 973 263 1006 294 -1 -1 -1 -1000 -1000 -1000 -10 -0.955651
Car -1 -1 0.00 1096 146 1273 206 -1 -1 -1 -1000 -1000 -1000 -10 -0.980942
Car -1 -1 0.00 459 323 484 335 -1 -1 -1 -1000 -1000 -1000 -10 -0.984452
Car -1 -1 0.00 105 10 170 30 -1 -1 -1 -1000 -1000 -1000 -10 -0.986704
Car -1 -1 0.00 920 311 952 334 -1 -1 -1 -1000 -1000 -1000 -10 -1.0032
Car -1 -1 0.00 901 107 981 131 -1 -1 -1 -1000 -1000 -1000 -10 -1.02264
