Car -1 -1 0.00 103 187 345 307 -1 -1 -1 -1000 -1000 -1000 -10 2.17426
Car -1 -1 0.00 588 178 655 241 -1 -1 -1 -1000 -1000 -1000 -10 1.33407
Car -1 -1 0.00 514 183 562 216 -1 -1 -1 -1000 -1000 -1000 -10 0.515422
Car -1 -1 0.00 558 182 588 207 -1 -1 -1 -1000 -1000 -1000 -10 0.222263
Car -1 -1 0.00 186 260 256 304 -1 -1 -1 -1000 -1000 -1000 -10 -0.137674
Car -1 -1 0.00 104 186 352 303 -1 -1 -1 -1000 -1000 -1000 -10 -0.358446
Car -1 -1 0.00 452 157 545 229 -1 -1 -1 -1000 -1000 -1000 -10 -0.669815
Car -1 -1 0.00 584 178 649 241 -1 -1 -1 -1000 -1000 -1000 -10 -0.827861
Car -1 -1 0.00 236 111 263 132 -1 -1 -1 -1000 -1000 -1000 -10 -0.927001
Car -1 -1 0.00 874 113 897 141 -1 -1 -1 -1000 -1000 -1000 -10 -0.964223
Car -1 -1 0.00 277 77 302 96 -1 -1 -1 -1000 -1000 -1000 -10 -0.964924
Car -1 -1 0.00 675 185 700 202 -1 -1 -1 -1000 -1000 -1000 -10 -0.96856
Car -1 -1 0.00 363 105 405 119 -1 -1 -1 -1000 -1000 -1000 -10 -1.00153
Car -1 -1 0.00 851 210 1072 286 -1 -1 -1 -1000 -1000 -1000 -10 -1.01746
Car -1 -1 0.00 742 119 772 152 -1 -1 -1 -1000 -1000 -1000 -10 -1.02925
