Car -1 -1 0.00 464 166 497 188 -1 -1 -1 -1000 -1000 -1000 -10 1.58346
Car -1 -1 0.00 470 168 623 245 -1 -1 -1 -1000 -1000 -1000 -10 0.311941
Car -1 -1 0.00 819 51 862 103 -1 -1 -1 -1000 -1000 -1000 -10 -0.889692
Car -1 -1 0.00 956 79 986 111 -1 -1 -1 -1000 -1000 -1000 -10 -0.927701
Car -1 -1 0.00 911 120 956 157 -1 -1 -1 -1000 -1000 -1000 -10 -0.931264
Car -1 -1 0.00 1113 -2 1142 26 -1 -1 -1 -1000 -1000 -1000 -10 -0.980669
Car -1 -1 0.00 473 336 514 369 -1 -1 -1 -1000 -1000 -1000 -10 -1.01931
Car -1 -1 0.00 494 332 532 343 -1 -1 -1 -1000 -1000 -1000 -10 -1.0194
Car -1 -1 0.00 1124 -31 1245 95 -1 -1 -1 -1000 -1000 -1000 -10 -1.01941
Car -1 -1 0.00 1062 61 1087 74 -1 -1 -1 -1000 -1000 -1000 -10 -1.02196
Car -1 -1 0.00 660 17 687 48 -1 -1 -1 -1000 -1000 -1000 -10 -1.02318
Car -1 -1 0.00 349 86 375 114 -1 -1 -1 -1000 -1000 -1000 -10 -1.0255
