Car -1 -1 0.00 438 175 470 193 -1 -1 -1 -1000 -1000 -1000 -10 1.57401
Car -1 -1 0.00 615 171 667 215 -1 -1 -1 -1000 -1000 -1000 -10 1.00206
Car -1 -1 0.00 675 174 728 195 -1 -1 -1 -1000 -1000 -1000 -10 -0.286057
Car -1 -1 0.00 475 174 499 189 -1 -1 -1 -1000 -1000 -1000 -10 -0.626041
Car -1 -1 0.00 867 180 900 198 -1 -1 -1 -1000 -1000 -1000 -10 -0.699299
Car -1 -1 0.00 664 172 734 192 -1 -1 -1 -1000 -1000 -1000 -10 -0.846812
Car -1 -1 0.00 30 145 56 165 -1 -1 -1 -1000 -1000 -1000 -10 -0.869371
Car -1 -1 0.00 1146 181 1172 211 -1 -1 -1 -1000 -1000 -1000 -10 -0.911939
Car -1 -1 0.00 1071 168 1126 223 -1 -1 -1 -1000 -1000 -1000 -10 -0.953015
Car -1 -1 0.00 729 188 798 239 -1 -1 -1 -1000 -1000 -1000 -10 -0.974664
Car -1 -1 0.00 701 194 743 221 -1 -1 -1 -1000 -1000 -1000 -10 -0.976695
Car -1 -1 0.00 669 224 746 262 -1 -1 -1 -1000 -1000 -1000 -10 -0.986983
Car -1 -1 0.00 907 92 953 147 -1 -1 -1 -1000 -1000 -1000 -10 -1.00064
Car -1 -1 0.00 840 110 864 123 -1 -1 -1 -1000 -1000 -1000 -10 -1.00384
Car -1 -1 0.00 55 182 84 202 -1 -1 -1 -1000 -1000 -1000 -10 -1.00536
Car -1 -1 0.00 704 90 741 134 -1 -1 -1 -1000 -1000 -1000 -10 -1.01926
