Car -1 -1 0.00 765 180 947 293 -1 -1 -1 -1000 -1000 -1000 -10 1.39508
Car -1 -1 0.00 726 188 788 232 -1 -1 -1 -1000 -1000 -1000 -10 0.951922
Car -1 -1 0.00 676 185 714 208 -1 -1 -1 -1000 -1000 -1000 -10 0.720542
Car -1 -1 0.00 632 271 688 309 -1 -1 -1 -1000 -1000 -1000 -10 -0.852966
Car -1 -1 0.00 1139 28 1180 58 -1 -1 -1 -1000 -1000 -1000 -10 -0.930065
Car -1 -1 0.00 676 186 718 208 -1 -1 -1 -1000 -1000 -1000 -10 -0.941913
Car -1 -1 0.00 1027 327 1054 348 -1 -1 -1 -1000 -1000 -1000 -10 -0.946169
Car -1 -1 0.00 106 342 149 386 -1 -1 -1 -1000 -1000 -1000 -10 -0.974034
Car -1 -1 0.00 516 -3 642 34 -1 -1 -1 -1000 -1000 -1000 -10 -0.988743
Car -1 -1 0.00 402 232 427 249 -1 -1 -1 -1000 -1000 -1000 -10 -1.00005
Car -1 -1 0.00 44 217 71 244 -1 -1 -1 -1000 -1000 -1000 -10 -1.00349
