Car -1 -1 0.00 692 174 816 268 -1 -1 -1 -1000 -1000 -1000 -10 0.973588
Car -1 -1 0.00 643 164 709 213 -1 -1 -1 -1000 -1000 -1000 -10 0.688386
Car -1 -1 0.00 755 170 1000 361 -1 -1 -1 -1000 -1000 -1000 -10 0.410249
Car -1 -1 0.00 224 192 452 291 -1 -1 -1 -1000 -1000 -1000 -10 -0.378013
Car -1 -1 0.00 454 180 513 226 -1 -1 -1 -1000 -1000 -1000 -10 -0.469658
Car -1 -1 0.00 627 175 659 201 -1 -1 -1 -1000 -1000 -1000 -10 -0.573494
Car -1 -1 0.00 943 354 975 375 -1 -1 -1 -1000 -1000 -1000 -10 -0.674
Car -1 -1 0.00 298 186 478 269 -1 -1 -1 -1000 -1000 -1000 -10 -0.692851
Car -1 -1 0.00 1023 283 1101 344 -1 -1 -1 -1000 -1000 -1000 -10 -0.880514
Car -1 -1 0.00 667 170 1122 361 -1 -1 -1 -1000 -1000 -1000 -10 -0.896025
Car -1 -1 0.00 490 178 561 221 -1 -1 -1 -1000 -1000 -1000 -10 -0.967775
Car -1 -1 0.00 675 179 736 241 -1 -1 -1 -1000 -1000 -1000 -10 -0.993393
Car -1 -1 0.00 654 71 692 125 -1 -1 -1 -1000 -1000 -1000 -10 -0.994152
Car -1 -1 0.00 793 345 824 370 -1 -1 -1 -1000 -1000 -1000 -10 -1.00676
Car -1 -1 0.00 764 142 801 177 -1 -1 -1 -1000 -1000 -1000 -10 -1.01569
Car -1 -1 0.00 36 275 73 306 -1 -1 -1 -1000 -1000 -1000 -10 -1.01599
Car -1 -1 0.00 983 65 1012 102 -1 -1 -1 -1000 -1000 -1000 -10 -1.02512
Car -1 -1 0.00 1068 84 1119 101 -1 -1 -1 -1000 -1000 -1000 -10 -1.02953
Car -1 -1 0.00 1072 96 1127 113 -1 -1 -1 -1000 -1000 -1000 -10 -1.02959
