Car -1 -1 0.00 491 183 514 197 -1 -1 -1 -1000 -1000 -1000 -10 -0.284262
Car -1 -1 0.00 26 195 327 374 -1 -1 -1 -1000 -1000 -1000 -10 -0.302593
Car -1 -1 0.00 1066 232 1101 243 -1 -1 -1 -1000 -1000 -1000 -10 -0.953897
Car -1 -1 0.00 500 304 529 323 -1 -1 -1 -1000 -1000 -1000 -10 -1.00623
Car -1 -1 0.00 5 93 83 169 -1 -1 -1 -1000 -1000 -1000 -10 -1.01234
Car -1 -1 0.00 838 84 863 95 -1 -1 -1 -1000 -1000 -1000 -10 -1.01274
Car -1 -1 0.00 1018 241 1045 270 -1 -1 -1 -1000 -1000 -1000 -10 -1.01285
Car -1 -1 0.00 1182 285 1212 318 -1 -1 -1 -1000 -1000 -1000 -10 -1.01669
Car -1 -1 0.00 844 259 886 272 -1 -1 -1 -1000 -1000 -1000 -10 -1.02616
Car -1 -1 0.00 677 108 723 122 -1 -1 -1 -1000 -1000 -1000 -10 -1.02873
Car -1 -1 0.00 1044 289 1080 304 -1 -1 -1 -1000 -1000 -1000 -10 -1.02918
