Car -1 -1 0.00 490 175 591 214 -1 -1 -1 -1000 -1000 -1000 -10 1.38686
Car -1 -1 0.00 421 177 483 205 -1 -1 -1 -1000 -1000 -1000 -10 1.229
Car -1 -1 0.00 680 175 741 199 -1 -1 -1 -1000 -1000 -1000 -10 0.791341
Car -1 -1 0.00 118 176 252 220 -1 -1 -1 -1000 -1000 -1000 -10 0.267359
Car -1 -1 0.00 1 183 116 223 -1 -1 -1 -1000 -1000 -1000 -10 -0.0626839
Car -1 -1 0.00 852 171 941 204 -1 -1 -1 -1000 -1000 -1000 -10 -0.119593
Car -1 -1 0.00 346 176 394 201 -1 -1 -1 -1000 -1000 -1000 -10 -0.256744
Car -1 -1 0.00 259 177 334 208 -1 -1 -1 -1000 -1000 -1000 -10 -0.587151
Car -1 -1 0.00 650 183 697 226 -1 -1 -1 -1000 -1000 -1000 -10 -0.930278
Car -1 -1 0.00 990 205 1071 268 -1 -1 -1 -1000 -1000 -1000 -10 -1.00263
Car -1 -1 0.00 327 71 355 100 -1 -1 -1 -1000 -1000 -1000 -10 -1.00266
Car -1 -1 0.00 992 297 1017 319 -1 -1 -1 -1000 -1000 -1000 -10 -1.01749
Car -1 -1 0.00 857 152 899 183 -1 -1 -1 -1000 -1000 -1000 -10 -1.02934
