Car -1 -1 0.00 91 99 145 130 -1 -1 -1 -1000 -1000 -1000 -10 -0.810014
Car -1 -1 0.00 702 50 748 69 -1 -1 -1 -1000 -1000 -1000 -10 -0.861317
Car -1 -1 0.00 1023 47 1071 64 -1 -1 -1 -1000 -1000 -1000 -10 -0.918243
Car -1 -1 0.00 470 266 529 289 -1 -1 -1 -1000 -1000 -1000 -10 -0.934394
Car -1 -1 0.00 1139 205 1183 246 -1 -1 -1 -1000 -1000 -1000 -10 -0.975484
Car -1 -1 0.00 230 193 424 274 -1 -1 -1 -1000 -1000 -1000 -10 -0.985529
Car -1 -1 0.00 431 265 482 287 -1 -1 -1 -1000 -1000 -1000 -10 -1.00331
Car -1 -1 0.00 1165 102 1200 142 -1 -1 -1 -1000 -1000 -1000 -10 -1.01101
Car -1 -1 0.00 489 286 523 316 -1 -1 -1 -1000 -1000 -1000 -10 -1.01798
Car -1 -1 0.00 545 304 599 362 -1 -1 -1 -1000 -1000 -1000 -10 -1.01981
