Car -1 -1 0.00 125 189 333 259 -1 -1 -1 -1000 -1000 -1000 -10 -0.190131
Car -1 -1 0.00 935 284 961 303 -1 -1 -1 -1000 -1000 -1000 -10 -0.760363
Car -1 -1 0.00 593 155 645 170 -1 -1 -1 -1000 -1000 -1000 -10 -0.869112
Car -1 -1 0.00 1093 57 1147 108 -1 -1 -1 -1000 -1000 -1000 -10 -0.935906
Car -1 -1 0.00 322 265 351 290 -1 -1 -1 -1000 -1000 -1000 -10 -0.973177
Car -1 -1 0.00 188 89 454 242 -1 -1 -1 -1000 -1000 -1000 -10 -0.982333
Car -1 -1 0.00 1043 109 1091 129 -1 -1 -1 -1000 -1000 -1000 -10 -1.00556
Car -1 -1 0.00 865 1 926 22 -1 -1 -1 -1000 -1000 -1000 -10 -1.00562
Car -1 -1 0.00 991 340 1023 364 -1 -1 -1 -1000 -1000 -1000 -10 -1.01169
Car -1 -1 0.00 973 315 1002 343 -1 -1 -1 -1000 -1000 -1000 -10 -1.02007
Car -1 -1 0.00 1142 287 1191 340 -1 -1 -1 -1000 -1000 -1000 -10 -1.02192
