Car -1 -1 0.00 596 178 655 223 -1 -1 -1 -1000 -1000 -1000 -10 1.56983
Car -1 -1 0.00 755 166 817 212 -1 -1 -1 -1000 -1000 -1000 -10 0.602813
Car -1 -1 0.00 628 169 683 208 -1 -1 -1 -1000 -1000 -1000 -10 0.213844
Car -1 -1 0.00 -42 221 128 288 -1 -1 -1 -1000 -1000 -1000 -10 -0.631782
Car -1 -1 0.00 744 167 791 202 -1 -1 -1 -1000 -1000 -1000 -10 -0.791354
Car -1 -1 0.00 9 61 62 111 -1 -1 -1 -1000 -1000 -1000 -10 -0.81251
Car -1 -1 0.00 80 20 133 56 -1 -1 -1 -1000 -1000 -1000 -10 -0.890891
Car -1 -1 0.00 959 162 1014 217 -1 -1 -1 -1000 -1000 -1000 -10 -0.926611
Car -1 -1 0.00 242 96 333 167 -1 -1 -1 -1000 -1000 -1000 -10 -0.988703
Car -1 -1 0.00 553 108 593 120 -1 -1 -1 -1000 -1000 -1000 -10 -1.00438
Car -1 -1 0.00 184 194 213 226 -1 -1 -1 -1000 -1000 -1000 -10 -1.00444
