Car -1 -1 0.00 818 172 892 227 -1 -1 -1 -1000 -1000 -1000 -10 1.54561
Car -1 -1 0.00 1049 163 1129 224 -1 -1 -1 -1000 -1000 -1000 -10 0.886815
Car -1 -1 0.00 83 204 305 278 -1 -1 -1 -1000 -1000 -1000 -10 0.880347
Car -1 -1 0.00 855 161 917 208 -1 -1 -1 -1000 -1000 -1000 -10 -0.325032
Car -1 -1 0.00 874 183 908 208 -1 -1 -1 -1000 -1000 -1000 -10 -0.402629
Car -1 -1 0.00 1005 168 1033 187 -1 -1 -1 -1000 -1000 -1000 -10 -0.504459
Car -1 -1 0.00 -2 200 162 268 -1 -1 -1 -1000 -1000 -1000 -10 -0.865465
Car -1 -1 0.00 1045 163 1131 226 -1 -1 -1 -1000 -1000 -1000 -10 -0.901328
Car -1 -1 0.00 329 46 366 84 -1 -1 -1 -1000 -1000 -1000 -10 -0.91247
Car -1 -1 0.00 126 205 333 273 -1 -1 -1 -1000 -1000 -1000 -10 -0.937768
Car -1 -1 0.00 948 158 985 184 -1 -1 -1 -1000 -1000 -1000 -10 -0.94479
Car -1 -1 0.00 337 157 367 190 -1 -1 -1 -1000 -1000 -1000 -10 -0.970576
Car -1 -1 0.00 243 21 305 40 -1 -1 -1 -1000 -1000 -1000 -10 -0.99645
Car -1 -1 0.00 863 101 891 115 -1 -1 -1 -1000 -1000 -1000 -10 -1.01256
