Car -1 -1 0.00 410 170 507 235 -1 -1 -1 -1000 -1000 -1000 -10 1.44772
Car -1 -1 0.00 507 175 545 202 -1 -1 -1 -1000 -1000 -1000 -10 -0.180013
Car -1 -1 0.00 116 235 196 292 -1 -1 -1 -1000 -1000 -1000 -10 -0.548434
Car -1 -1 0.00 556 167 576 186 -1 -1 -1 -1000 -1000 -1000 -10 -0.65167
Car -1 -1 0.00 96 174 350 280 -1 -1 -1 -1000 -1000 -1000 -10 -0.811589
Car -1 -1 0.00 280 185 405 233 -1 -1 -1 -1000 -1000 -1000 -10 -0.89297
Car -1 -1 0.00 -15 212 15 228 -1 -1 -1 -1000 -1000 -1000 -10 -0.954716
Car -1 -1 0.00 -12 210 11 241 -1 -1 -1 -1000 -1000 -1000 -10 -0.954829
Car -1 -1 0.00 478 172 544 205 -1 -1 -1 -1000 -1000 -1000 -10 -0.957464
Car -1 -1 0.00 -18 217 17 230 -1 -1 -1 -1000 -1000 -1000 -10 -0.987183
Car -1 -1 0.00 1142 140 1186 159 -1 -1 -1 -1000 -1000 -1000 -10 -0.998217
Car -1 -1 0.00 -13 219 12 232 -1 -1 -1 -1000 -1000 -1000 -10 -0.999876
Car -1 -1 0.00 -11 204 13 235 -1 -1 -1 -1000 -1000 -1000 -10 -1.00432
Car -1 -1 0.00 74 256 108 274 -1 -1 -1 -1000 -1000 -1000 -10 -1.00683
Car -1 -1 0.00 -18 211 16 224 -1 -1 -1 -1000 -1000 -1000 -10 -1.0125
Car -1 -1 0.00 280 73 303 103 -1 -1 -1 -1000 -1000 -1000 -10 -1.01443
Car -1 -1 0.00 1000 81 1029 114 -1 -1 -1 -1000 -1000 -1000 -10 -1.01567
Car -1 -1 0.00 1134 50 1164 83 -1 -1 -1 -1000 -1000 -1000 -10 -1.01861
Car -1 -1 0.00 787 264 819 296 -1 -1 -1 -1000 -1000 -1000 -10 -1.02289
Car -1 -1 0.00 -18 221 17 234 -1 -1 -1 -1000 -1000 -1000 -10 -1.0257
