Car -1 -1 0.00 467 182 513 214 -1 -1 -1 -1000 -1000 -1000 -10 2.01399
Car -1 -1 0.00 4 188 184 271 -1 -1 -1 -1000 -1000 -1000 -10 1.74285
Car -1 -1 0.00 326 182 422 239 -1 -1 -1 -1000 -1000 -1000 -10 1.24173
Car -1 -1 0.00 566 181 591 197 -1 -1 -1 -1000 -1000 -1000 -10 0.541443
Car -1 -1 0.00 273 190 369 231 -1 -1 -1 -1000 -1000 -1000 -10 0.294952
Car -1 -1 0.00 448 185 484 207 -1 -1 -1 -1000 -1000 -1000 -10 0.178778
Car -1 -1 0.00 561 179 609 196 -1 -1 -1 -1000 -1000 -1000 -10 -0.593135
Car -1 -1 0.00 327 187 424 237 -1 -1 -1 -1000 -1000 -1000 -10 -0.653639
Car -1 -1 0.00 540 181 567 199 -1 -1 -1 -1000 -1000 -1000 -10 -0.773163
Car -1 -1 0.00 386 175 442 216 -1 -1 -1 -1000 -1000 -1000 -10 -0.81763
Car -1 -1 0.00 219 162 249 177 -1 -1 -1 -1000 -1000 -1000 -10 -0.839798
Car -1 -1 0.00 865 339 1061 395 -1 -1 -1 -1000 -1000 -1000 -10 -0.922946
Car -1 -1 0.00 245 173 303 197 -1 -1 -1 -1000 -1000 -1000 -10 -0.951879
Car -1 -1 0.00 477 85 505 113 -1 -1 -1 -1000 -1000 -1000 -10 -1.01698
Car -1 -1 0.00 852 33 878 55 -1 -1 -1 -1000 -1000 -1000 -10 -1.0177
Car -1 -1 0.00 879 122 905 151 -1 -1 -1 -1000 -1000 -1000 -10 -1.01981
Car -1 -1 0.00 544 291 580 314 -1 -1 -1 -1000 -1000 -1000 -10 -1.02417
