Car -1 -1 0.00 358 182 447 235 -1 -1 -1 -1000 -1000 -1000 -10 0.728438
Car -1 -1 0.00 458 176 508 215 -1 -1 -1 -1000 -1000 -1000 -10 0.256245
Car -1 -1 0.00 652 172 754 209 -1 -1 -1 -1000 -1000 -1000 -10 -0.101933
Car -1 -1 0.00 460 178 500 215 -1 -1 -1 -1000 -1000 -1000 -10 -0.743012
Car -1 -1 0.00 498 174 528 198 -1 -1 -1 -1000 -1000 -1000 -10 -0.753951
Car -1 -1 0.00 635 173 680 199 -1 -1 -1 -1000 -1000 -1000 -10 -0.856484
Car -1 -1 0.00 544 165 627 228 -1 -1 -1 -1000 -1000 -1000 -10 -0.899785
Car -1 -1 0.00 141 137 175 161 -1 -1 -1 -1000 -1000 -1000 -10 -0.928414
Car -1 -1 0.00 115 105 141 127 -1 -1 -1 -1000 -1000 -1000 -10 -0.957087
Car -1 -1 0.00 1010 300 1046 341 -1 -1 -1 -1000 -1000 -1000 -10 -0.980813
Car -1 -1 0.00 671 122 797 164 -1 -1 -1 -1000 -1000 -1000 -10 -0.987401
Car -1 -1 0.00 509 197 555 236 -1 -1 -1 -1000 -1000 -1000 -10 -0.997703
Car -1 -1 0.00 720 210 765 248 -1 -1 -1 -1000 -1000 -1000 -10 -1.01215
Car -1 -1 0.00 457 0 489 36 -1 -1 -1 -1000 -1000 -1000 -10 -1.01859
