Car -1 -1 0.00 698 175 853 286 -1 -1 -1 -1000 -1000 -1000 -10 1.77081
Car -1 -1 0.00 2 188 368 316 -1 -1 -1 -1000 -1000 -1000 -10 1.12977
Car -1 -1 0.00 661 174 721 225 -1 -1 -1 -1000 -1000 -1000 -10 1.01557
Car -1 -1 0.00 643 173 688 205 -1 -1 -1 -1000 -1000 -1000 -10 0.941423
Car -1 -1 0.00 435 179 533 215 -1 -1 -1 -1000 -1000 -1000 -10 0.529158
Car -1 -1 0.00 285 180 443 249 -1 -1 -1 -1000 -1000 -1000 -10 0.175543
Car -1 -1 0.00 606 171 628 182 -1 -1 -1 -1000 -1000 -1000 -10 -0.766145
Car -1 -1 0.00 222 179 427 273 -1 -1 -1 -1000 -1000 -1000 -10 -0.796279
Car -1 -1 0.00 276 -2 317 31 -1 -1 -1 -1000 -1000 -1000 -10 -0.929712
Car -1 -1 0.00 401 32 448 55 -1 -1 -1 -1000 -1000 -1000 -10 -1.0051
Car -1 -1 0.00 945 351 990 370 -1 -1 -1 -1000 -1000 -1000 -10 -1.01208
Car -1 -1 0.00 230 -8 284 41 -1 -1 -1 -1000 -1000 -1000 -10 -1.02046
Car -1 -1 0.00 169 6 216 27 -1 -1 -1 -1000 -1000 -1000 -10 -1.02498
