Car -1 -1 0.00 527 176 670 245 -1 -1 -1 -1000 -1000 -1000 -10 0.752425
Car -1 -1 0.00 477 182 569 226 -1 -1 -1 -1000 -1000 -1000 -10 -0.502044
Car -1 -1 0.00 479 201 510 224 -1 -1 -1 -1000 -1000 -1000 -10 -0.693513
Car -1 -1 0.00 756 40 795 59 -1 -1 -1 -1000 -1000 -1000 -10 -0.84092
Car -1 -1 0.00 771 102 800 120 -1 -1 -1 -1000 -1000 -1000 -10 -0.895581
Car -1 -1 0.00 603 32 628 50 -1 -1 -1 -1000 -1000 -1000 -10 -0.979203
Car -1 -1 0.00 959 42 983 67 -1 -1 -1 -1000 -1000 -1000 -10 -0.983451
Car -1 -1 0.00 687 55 715 77 -1 -1 -1 -1000 -1000 -1000 -10 -0.99288
Car -1 -1 0.00 191 10 214 22 -1 -1 -1 -1000 -1000 -1000 -10 -0.992898
Car -1 -1 0.00 -57 38 70 100 -1 -1 -1 -1000 -1000 -1000 -10 -1.0181
Car -1 -1 0.00 696 83 739 101 -1 -1 -1 -1000 -1000 -1000 -10 -1.01872
Car -1 -1 0.00 21 243 51 269 -1 -1 -1 -1000 -1000 -1000 -10 -1.0205
Car -1 -1 0.00 673 208 701 234 -1 -1 -1 -1000 -1000 -1000 -10 -1.02817
Car -1 -1 0.00 500 28 536 40 -1 -1 -1 -1000 -1000 -1000 -10 -1.02967
