Car -1 -1 0.00 447 174 489 211 -1 -1 -1 -1000 -1000 -1000 -10 1.5095
Car -1 -1 0.00 0 158 97 197 -1 -1 -1 -1000 -1000 -1000 -10 1.27161
Car -1 -1 0.00 543 170 570 197 -1 -1 -1 -1000 -1000 -1000 -10 0.672338
Car -1 -1 0.00 585 171 608 190 -1 -1 -1 -1000 -1000 -1000 -10 0.292866
Car -1 -1 0.00 446 173 486 212 -1 -1 -1 -1000 -1000 -1000 -10 -0.705612
Car -1 -1 0.00 1112 87 1150 98 -1 -1 -1 -1000 -1000 -1000 -10 -0.893147
Car -1 -1 0.00 638 149 666 174 -1 -1 -1 -1000 -1000 -1000 -10 -0.939633
Car -1 -1 0.00 642 196 676 211 -1 -1 -1 -1000 -1000 -1000 -10 -0.988883
Car -1 -1 0.00 730 162 753 182 -1 -1 -1 -1000 -1000 -1000 -10 -0.991651
Car -1 -1 0.00 41 302 69 332 -1 -1 -1 -1000 -1000 -1000 -10 -1.01019
Car -1 -1 0.00 1123 64 1165 82 -1 -1 -1 -1000 -1000 -1000 -10 -1.0156
