Car -1 -1 0.00 680 50 706 70 -1 -1 -1 -1000 -1000 -1000 -10 -0.542839
Car -1 -1 0.00 105 86 183 121 -1 -1 -1 -1000 -1000 -1000 -10 -0.841647
Car -1 -1 0.00 234 21 274 43 -1 -1 -1 -1000 -1000 -1000 -10 -0.907073
Car -1 -1 0.00 248 200 425 274 -1 -1 -1 -1000 -1000 -1000 -10 -0.950166
Car -1 -1 0.00 89 99 145 130 -1 -1 -1 -1000 -1000 -1000 -10 -0.964485
Car -1 -1 0.00 975 51 1000 66 -1 -1 -1 -1000 -1000 -1000 -10 -0.967638
Car -1 -1 0.00 1168 109 1197 141 -1 -1 -1 -1000 -1000 -1000 -10 -0.994967
Car -1 -1 0.00 106 49 160 72 -1 -1 -1 -1000 -1000 -1000 -10 -0.995088
Car -1 -1 0.00 837 208 862 230 -1 -1 -1 -1000 -1000 -1000 -10 -0.996591
Car -1 -1 0.00 545 302 599 360 -1 -1 -1 -1000 -1000 -1000 -10 -1.00935
Car -1 -1 0.00 461 33 488 53 -1 -1 -1 -1000 -1000 -1000 -10 -1.01381
Car -1 -1 0.00 969 254 1002 279 -1 -1 -1 -1000 -1000 -1000 -10 -1.01663
Car -1 -1 0.00 584 283 623 322 -1 -1 -1 -1000 -1000 -1000 -10 -1.01866
Car -1 -1 0.00 603 343 639 380 -1 -1 -1 -1000 -1000 -1000 -10 -1.01914
Car -1 -1 0.00 960 -3 1060 29 -1 -1 -1 -1000 -1000 -1000 -10 -1.02078
Car -1 -1 0.00 1022 13 1093 35 -1 -1 -1 -1000 -1000 -1000 -10 -1.02929
