Car -1 -1 0.00 699 191 867 304 -1 -1 -1 -1000 -1000 -1000 -10 1.07478
Car -1 -1 0.00 577 175 636 232 -1 -1 -1 -1000 -1000 -1000 -10 0.874625
Car -1 -1 0.00 638 178 674 209 -1 -1 -1 -1000 -1000 -1000 -10 0.856405
Car -1 -1 0.00 424 178 459 200 -1 -1 -1 -1000 -1000 -1000 -10 0.555952
Car -1 -1 0.00 665 184 729 231 -1 -1 -1 -1000 -1000 -1000 -10 -0.0877024
Car -1 -1 0.00 689 192 753 242 -1 -1 -1 -1000 -1000 -1000 -10 -0.535865
Car -1 -1 0.00 265 189 321 221 -1 -1 -1 -1000 -1000 -1000 -10 -0.560139
Car -1 -1 0.00 672 202 703 234 -1 -1 -1 -1000 -1000 -1000 -10 -0.621665
Car -1 -1 0.00 795 214 1127 375 -1 -1 -1 -1000 -1000 -1000 -10 -0.79578
Car -1 -1 0.00 832 165 871 185 -1 -1 -1 -1000 -1000 -1000 -10 -0.95416
Car -1 -1 0.00 1202 209 1228 230 -1 -1 -1 -1000 -1000 -1000 -10 -0.978254
Car -1 -1 0.00 331 2 385 23 -1 -1 -1 -1000 -1000 -1000 -10 -0.990762
Car -1 -1 0.00 222 61 259 74 -1 -1 -1 -1000 -1000 -1000 -10 -1.02288
Car -1 -1 0.00 688 260 737 309 -1 -1 -1 -1000 -1000 -1000 -10 -1.02404
