Car -1 -1 0.00 388 179 429 196 -1 -1 -1 -1000 -1000 -1000 -10 0.172258
Car -1 -1 0.00 546 176 599 194 -1 -1 -1 -1000 -1000 -1000 -10 0.169781
Car -1 -1 0.00 610 176 657 193 -1 -1 -1 -1000 -1000 -1000 -10 0.161236
Car -1 -1 0.00 506 176 546 192 -1 -1 -1 -1000 -1000 -1000 -10 -0.0710105
Car -1 -1 0.00 852 226 886 256 -1 -1 -1 -1000 -1000 -1000 -10 -0.947452
Car -1 -1 0.00 661 174 716 191 -1 -1 -1 -1000 -1000 -1000 -10 -0.953339
Car -1 -1 0.00 775 154 824 192 -1 -1 -1 -1000 -1000 -1000 -10 -0.963673
Car -1 -1 0.00 1031 110 1086 127 -1 -1 -1 -1000 -1000 -1000 -10 -0.97779
Car -1 -1 0.00 1031 321 1059 332 -1 -1 -1 -1000 -1000 -1000 -10 -1.00511
Car -1 -1 0.00 265 243 297 263 -1 -1 -1 -1000 -1000 -1000 -10 -1.02915
