Car -1 -1 0.00 726 188 856 260 -1 -1 -1 -1000 -1000 -1000 -10 1.79666
Car -1 -1 0.00 219 175 438 314 -1 -1 -1 -1000 -1000 -1000 -10 1.68046
Car -1 -1 0.00 443 161 529 228 -1 -1 -1 -1000 -1000 -1000 -10 0.267471
Car -1 -1 0.00 539 172 602 191 -1 -1 -1 -1000 -1000 -1000 -10 -0.0524487
Car -1 -1 0.00 1016 221 1058 247 -1 -1 -1 -1000 -1000 -1000 -10 -0.745749
Car -1 -1 0.00 1076 52 1102 79 -1 -1 -1 -1000 -1000 -1000 -10 -0.959411
Car -1 -1 0.00 717 171 860 257 -1 -1 -1 -1000 -1000 -1000 -10 -0.962476
Car -1 -1 0.00 1194 76 1231 107 -1 -1 -1 -1000 -1000 -1000 -10 -0.990868
Car -1 -1 0.00 247 137 282 176 -1 -1 -1 -1000 -1000 -1000 -10 -1.00964
Car -1 -1 0.00 853 67 989 109 -1 -1 -1 -1000 -1000 -1000 -10 -1.02132
