Car -1 -1 0.00 829 185 919 230 -1 -1 -1 -1000 -1000 -1000 -10 1.03329
Car -1 -1 0.00 192 190 447 254 -1 -1 -1 -1000 -1000 -1000 -10 0.716597
Car -1 -1 0.00 607 181 739 241 -1 -1 -1 -1000 -1000 -1000 -10 0.282994
Car -1 -1 0.00 1021 189 1083 214 -1 -1 -1 -1000 -1000 -1000 -10 0.280745
Car -1 -1 0.00 1065 185 1121 212 -1 -1 -1 -1000 -1000 -1000 -10 0.0778723
Car -1 -1 0.00 892 175 979 215 -1 -1 -1 -1000 -1000 -1000 -10 0.0210837
Car -1 -1 0.00 224 176 463 247 -1 -1 -1 -1000 -1000 -1000 -10 -0.363603
Car -1 -1 0.00 830 185 919 221 -1 -1 -1 -1000 -1000 -1000 -10 -0.710482
Car -1 -1 0.00 497 30 531 59 -1 -1 -1 -1000 -1000 -1000 -10 -0.869718
Car -1 -1 0.00 169 105 194 132 -1 -1 -1 -1000 -1000 -1000 -10 -1.00658
Car -1 -1 0.00 262 124 292 161 -1 -1 -1 -1000 -1000 -1000 -10 -1.00763
Car -1 -1 0.00 551 285 596 300 -1 -1 -1 -1000 -1000 -1000 -10 -1.02607
