Car -1 -1 0.00 680 50 707 70 -1 -1 -1 -1000 -1000 -1000 -10 -0.875046
Car -1 -1 0.00 92 99 145 129 -1 -1 -1 -1000 -1000 -1000 -10 -0.921528
Car -1 -1 0.00 1168 107 1197 139 -1 -1 -1 -1000 -1000 -1000 -10 -0.93789
Car -1 -1 0.00 544 303 599 361 -1 -1 -1 -1000 -1000 -1000 -10 -0.972923
Car -1 -1 0.00 584 284 623 322 -1 -1 -1 -1000 -1000 -1000 -10 -0.986663
Car -1 -1 0.00 170 10 229 38 -1 -1 -1 -1000 -1000 -1000 -10 -1.00327
Car -1 -1 0.00 428 208 459 240 -1 -1 -1 -1000 -1000 -1000 -10 -1.00641
Car -1 -1 0.00 382 100 541 173 -1 -1 -1 -1000 -1000 -1000 -10 -1.00863
Car -1 -1 0.00 933 327 980 342 -1 -1 -1 -1000 -1000 -1000 -10 -1.0088
Car -1 -1 0.00 644 361 677 375 -1 -1 -1 -1000 -1000 -1000 -10 -1.0163
Car -1 -1 0.00 796 198 840 218 -1 -1 -1 -1000 -1000 -1000 -10 -1.01953
Car -1 -1 0.00 957 -3 1052 29 -1 -1 -1 -1000 -1000 -1000 -10 -1.02042
Car -1 -1 0.00 56 294 82 322 -1 -1 -1 -1000 -1000 -1000 -10 -1.02141
Car -1 -1 0.00 120 90 183 121 -1 -1 -1 -1000 -1000 -1000 -10 -1.02357
Car -1 -1 0.00 996 183 1021 204 -1 -1 -1 -1000 -1000 -1000 -10 -1.02396
