Car -1 -1 0.00 497 169 625 209 -1 -1 -1 -1000 -1000 -1000 -10 2.44076
Car -1 -1 0.00 161 182 298 223 -1 -1 -1 -1000 -1000 -1000 -10 0.964724
Car -1 -1 0.00 476 164 525 199 -1 -1 -1 -1000 -1000 -1000 -10 -0.744894
Car -1 -1 0.00 824 168 916 208 -1 -1 -1 -1000 -1000 -1000 -10 -0.841255
Car -1 -1 0.00 183 39 210 67 -1 -1 -1 -1000 -1000 -1000 -10 -0.905318
Car -1 -1 0.00 67 227 92 254 -1 -1 -1 -1000 -1000 -1000 -10 -0.911596
Car -1 -1 0.00 354 196 396 231 -1 -1 -1 -1000 -1000 -1000 -10 -0.916627
Car -1 -1 0.00 38 101 85 118 -1 -1 -1 -1000 -1000 -1000 -10 -0.928606
Car -1 -1 0.00 566 152 592 163 -1 -1 -1 -1000 -1000 -1000 -10 -0.975844
Car -1 -1 0.00 692 150 716 177 -1 -1 -1 -1000 -1000 -1000 -10 -0.984905
Car -1 -1 0.00 388 240 446 254 -1 -1 -1 -1000 -1000 -1000 -10 -0.986654
Car -1 -1 0.00 377 177 404 200 -1 -1 -1 -1000 -1000 -1000 -10 -0.990919
Car -1 -1 0.00 179 207 211 224 -1 -1 -1 -1000 -1000 -1000 -10 -0.996287
Car -1 -1 0.00 840 240 878 254 -1 -1 -1 -1000 -1000 -1000 -10 -1.01005
Car -1 -1 0.00 941 57 1153 123 -1 -1 -1 -1000 -1000 -1000 -10 -1.01017
Car -1 -1 0.00 1236 192 1279 251 -1 -1 -1 -1000 -1000 -1000 -10 -1.02538
Car -1 -1 0.00 902 162 1016 202 -1 -1 -1 -1000 -1000 -1000 -10 -1.02981
