Car -1 -1 0.00 397 185 483 239 -1 -1 -1 -1000 -1000 -1000 -10 2.2026
Car -1 -1 0.00 639 177 671 197 -1 -1 -1 -1000 -1000 -1000 -10 0.953345
Car -1 -1 0.00 957 194 987 218 -1 -1 -1 -1000 -1000 -1000 -10 -0.411823
Car -1 -1 0.00 -19 197 250 383 -1 -1 -1 -1000 -1000 -1000 -10 -0.607687
Car -1 -1 0.00 461 167 571 201 -1 -1 -1 -1000 -1000 -1000 -10 -0.760714
Car -1 -1 0.00 825 183 852 199 -1 -1 -1 -1000 -1000 -1000 -10 -0.845938
Car -1 -1 0.00 1143 29 1175 52 -1 -1 -1 -1000 -1000 -1000 -10 -0.872271
Car -1 -1 0.00 1105 59 1155 91 -1 -1 -1 -1000 -1000 -1000 -10 -0.89043
Car -1 -1 0.00 736 172 764 185 -1 -1 -1 -1000 -1000 -1000 -10 -0.923279
Car -1 -1 0.00 655 80 678 107 -1 -1 -1 -1000 -1000 -1000 -10 -0.953828
Car -1 -1 0.00 487 173 562 203 -1 -1 -1 -1000 -1000 -1000 -10 -0.983761
Car -1 -1 0.00 368 -3 393 26 -1 -1 -1 -1000 -1000 -1000 -10 -1.01541
Car -1 -1 0.00 1172 105 1211 154 -1 -1 -1 -1000 -1000 -1000 -10 -1.01547
Car -1 -1 0.00 141 174 166 200 -1 -1 -1 -1000 -1000 -1000 -10 -1.0171
Car -1 -1 0.00 714 92 741 104 -1 -1 -1 -1000 -1000 -1000 -10 -1.02845
