Car -1 -1 0.00 183 177 371 281 -1 -1 -1 -1000 -1000 -1000 -10 1.49864
Car -1 -1 0.00 548 173 576 192 -1 -1 -1 -1000 -1000 -1000 -10 1.05078
Car -1 -1 0.00 1010 155 1179 218 -1 -1 -1 -1000 -1000 -1000 -10 0.585579
Car -1 -1 0.00 657 168 700 184 -1 -1 -1 -1000 -1000 -1000 -10 -0.116358
Car -1 -1 0.00 569 171 596 187 -1 -1 -1 -1000 -1000 -1000 -10 -0.143591
Car -1 -1 0.00 111 204 199 231 -1 -1 -1 -1000 -1000 -1000 -10 -0.173042
Car -1 -1 0.00 703 165 769 191 -1 -1 -1 -1000 -1000 -1000 -10 -0.197158
Car -1 -1 0.00 358 182 423 205 -1 -1 -1 -1000 -1000 -1000 -10 -0.512559
Car -1 -1 0.00 19 214 95 239 -1 -1 -1 -1000 -1000 -1000 -10 -0.792304
Car -1 -1 0.00 1015 180 1072 209 -1 -1 -1 -1000 -1000 -1000 -10 -0.866032
Car -1 -1 0.00 153 210 193 230 -1 -1 -1 -1000 -1000 -1000 -10 -0.876808
Car -1 -1 0.00 63 199 121 236 -1 -1 -1 -1000 -1000 -1000 -10 -0.972617
Car -1 -1 0.00 275 176 365 275 -1 -1 -1 -1000 -1000 -1000 -10 -0.998679
Car -1 -1 0.00 439 180 463 206 -1 -1 -1 -1000 -1000 -1000 -10 -1.02627
