Car -1 -1 0.00 569 183 616 215 -1 -1 -1 -1000 -1000 -1000 -10 1.38337
Car -1 -1 0.00 503 182 536 204 -1 -1 -1 -1000 -1000 -1000 -10 1.3077
Car -1 -1 0.00 551 185 586 211 -1 -1 -1 -1000 -1000 -1000 -10 0.0715197
Car -1 -1 0.00 555 362 583 382 -1 -1 -1 -1000 -1000 -1000 -10 -0.970035
Car -1 -1 0.00 959 320 1068 358 -1 -1 -1 -1000 -1000 -1000 -10 -0.975695
Car -1 -1 0.00 768 221 795 247 -1 -1 -1 -1000 -1000 -1000 -10 -0.975989
Car -1 -1 0.00 911 267 940 296 -1 -1 -1 -1000 -1000 -1000 -10 -0.988569
Car -1 -1 0.00 62 195 90 208 -1 -1 -1 -1000 -1000 -1000 -10 -0.991026
Car -1 -1 0.00 1172 182 1206 193 -1 -1 -1 -1000 -1000 -1000 -10 -0.999673
Car -1 -1 0.00 942 299 1053 335 -1 -1 -1 -1000 -1000 -1000 -10 -1.00634
Car -1 -1 0.00 1041 366 1074 377 -1 -1 -1 -1000 -1000 -1000 -10 -1.0115
Car -1 -1 0.00 1171 190 1206 202 -1 -1 -1 -1000 -1000 -1000 -10 -1.01332
Car -1 -1 0.00 1178 176 1213 187 -1 -1 -1 -1000 -1000 -1000 -10 -1.01805
Car -1 -1 0.00 1177 168 1201 195 -1 -1 -1 -1000 -1000 -1000 -10 -1.01919
Car -1 -1 0.00 1171 184 1213 198 -1 -1 -1 -1000 -1000 -1000 -10 -1.02114
Car -1 -1 0.00 1048 34 1075 56 -1 -1 -1 -1000 -1000 -1000 -10 -1.02296
Car -1 -1 0.00 1174 174 1208 186 -1 -1 -1 -1000 -1000 -1000 -10 -1.02345
Car -1 -1 0.00 1177 176 1201 203 -1 -1 -1 -1000 -1000 -1000 -10 -1.02572
Car -1 -1 0.00 1169 177 1210 191 -1 -1 -1 -1000 -1000 -1000 -10 -1.02862
