Car -1 -1 0.00 622 171 680 212 -1 -1 -1 -1000 -1000 -1000 -10 0.980349
Car -1 -1 0.00 187 185 384 258 -1 -1 -1 -1000 -1000 -1000 -10 0.619025
Car -1 -1 0.00 41 196 297 292 -1 -1 -1 -1000 -1000 -1000 -10 0.323536
Car -1 -1 0.00 554 165 590 203 -1 -1 -1 -1000 -1000 -1000 -10 -0.048551
Car -1 -1 0.00 324 172 457 228 -1 -1 -1 -1000 -1000 -1000 -10 -0.108071
Car -1 -1 0.00 450 174 506 197 -1 -1 -1 -1000 -1000 -1000 -10 -0.509581
Car -1 -1 0.00 13 203 308 294 -1 -1 -1 -1000 -1000 -1000 -10 -0.658369
Car -1 -1 0.00 39 174 65 186 -1 -1 -1 -1000 -1000 -1000 -10 -0.779583
Car -1 -1 0.00 172 296 209 307 -1 -1 -1 -1000 -1000 -1000 -10 -0.997312
Car -1 -1 0.00 422 145 454 175 -1 -1 -1 -1000 -1000 -1000 -10 -1.00627
Car -1 -1 0.00 427 235 463 247 -1 -1 -1 -1000 -1000 -1000 -10 -1.02236
