Car -1 -1 0.00 415 185 484 233 -1 -1 -1 -1000 -1000 -1000 -10 1.87457
Car -1 -1 0.00 539 180 599 237 -1 -1 -1 -1000 -1000 -1000 -10 1.63406
Car -1 -1 0.00 487 181 523 210 -1 -1 -1 -1000 -1000 -1000 -10 1.42662
Car -1 -1 0.00 132 188 390 328 -1 -1 -1 -1000 -1000 -1000 -10 1.29427
Car -1 -1 0.00 765 162 929 239 -1 -1 -1 -1000 -1000 -1000 -10 0.674527
Car -1 -1 0.00 615 175 671 211 -1 -1 -1 -1000 -1000 -1000 -10 0.561174
Car -1 -1 0.00 512 171 547 200 -1 -1 -1 -1000 -1000 -1000 -10 0.217238
Car -1 -1 0.00 1147 127 1242 169 -1 -1 -1 -1000 -1000 -1000 -10 0.0120506
Car -1 -1 0.00 144 28 169 49 -1 -1 -1 -1000 -1000 -1000 -10 -0.672594
Car -1 -1 0.00 770 161 904 243 -1 -1 -1 -1000 -1000 -1000 -10 -0.852882
Car -1 -1 0.00 183 145 219 176 -1 -1 -1 -1000 -1000 -1000 -10 -0.896622
Car -1 -1 0.00 353 159 413 188 -1 -1 -1 -1000 -1000 -1000 -10 -0.904432
Car -1 -1 0.00 1128 168 1168 195 -1 -1 -1 -1000 -1000 -1000 -10 -0.973506
Car -1 -1 0.00 1107 135 1179 172 -1 -1 -1 -1000 -1000 -1000 -10 -1.00205
Car -1 -1 0.00 888 86 925 115 -1 -1 -1 -1000 -1000 -1000 -10 -1.01489
Car -1 -1 0.00 1186 53 1217 67 -1 -1 -1 -1000 -1000 -1000 -10 -1.02308
Car -1 -1 0.00 1178 55 1204 77 -1 -1 -1 -1000 -1000 -1000 -10 -1.02321
