Car -1 -1 0.00 543 175 711 242 -1 -1 -1 -1000 -1000 -1000 -10 1.49723
Car -1 -1 0.00 402 168 512 216 -1 -1 -1 -1000 -1000 -1000 -10 -0.0145332
Car -1 -1 0.00 219 150 331 197 -1 -1 -1 -1000 -1000 -1000 -10 -0.316521
Car -1 -1 0.00 477 174 613 228 -1 -1 -1 -1000 -1000 -1000 -10 -0.356246
Car -1 -1 0.00 395 187 435 215 -1 -1 -1 -1000 -1000 -1000 -10 -0.565552
Car -1 -1 0.00 341 181 403 204 -1 -1 -1 -1000 -1000 -1000 -10 -0.60037
Car -1 -1 0.00 470 173 555 228 -1 -1 -1 -1000 -1000 -1000 -10 -0.84313
Car -1 -1 0.00 74 73 95 86 -1 -1 -1 -1000 -1000 -1000 -10 -0.89147
Car -1 -1 0.00 689 157 761 180 -1 -1 -1 -1000 -1000 -1000 -10 -0.925024
Car -1 -1 0.00 416 14 448 26 -1 -1 -1 -1000 -1000 -1000 -10 -0.965062
Car -1 -1 0.00 9 98 34 115 -1 -1 -1 -1000 -1000 -1000 -10 -0.980296
Car -1 -1 0.00 995 243 1024 264 -1 -1 -1 -1000 -1000 -1000 -10 -0.99911
Car -1 -1 0.00 1059 255 1090 288 -1 -1 -1 -1000 -1000 -1000 -10 -1.02328
Car -1 -1 0.00 115 309 169 364 -1 -1 -1 -1000 -1000 -1000 -10 -1.02838
