Car -1 -1 0.00 791 253 827 280 -1 -1 -1 -1000 -1000 -1000 -10 -0.916744
Car -1 -1 0.00 593 361 636 370 -1 -1 -1 -1000 -1000 -1000 -10 -0.951574
Car -1 -1 0.00 628 220 728 311 -1 -1 -1 -1000 -1000 -1000 -10 -0.958487
Car -1 -1 0.00 632 312 667 337 -1 -1 -1 -1000 -1000 -1000 -10 -0.971279
Car -1 -1 0.00 16 -3 49 26 -1 -1 -1 -1000 -1000 -1000 -10 -1.00389
Car -1 -1 0.00 956 43 1138 102 -1 -1 -1 -1000 -1000 -1000 -10 -1.01811
Car -1 -1 0.00 329 89 360 124 -1 -1 -1 -1000 -1000 -1000 -10 -1.02269
Car -1 -1 0.00 765 313 808 345 -1 -1 -1 -1000 -1000 -1000 -10 -1.02535
Car -1 -1 0.00 661 128 834 186 -1 -1 -1 -1000 -1000 -1000 -10 -1.02901
Car -1 -1 0.00 618 316 648 337 -1 -1 -1 -1000 -1000 -1000 -10 -1.02982
