Car -1 -1 0.00 753 176 941 312 -1 -1 -1 -1000 -1000 -1000 -10 0.977997
Car -1 -1 0.00 56 216 134 249 -1 -1 -1 -1000 -1000 -1000 -10 -0.122784
Car -1 -1 0.00 243 184 327 214 -1 -1 -1 -1000 -1000 -1000 -10 -0.716481
Car -1 -1 0.00 1004 285 1054 326 -1 -1 -1 -1000 -1000 -1000 -10 -0.872471
Car -1 -1 0.00 384 151 406 170 -1 -1 -1 -1000 -1000 -1000 -10 -0.91922
Car -1 -1 0.00 394 183 474 218 -1 -1 -1 -1000 -1000 -1000 -10 -0.935372
Car -1 -1 0.00 428 184 463 215 -1 -1 -1 -1000 -1000 -1000 -10 -0.959172
Car -1 -1 0.00 512 271 679 318 -1 -1 -1 -1000 -1000 -1000 -10 -1.00204
Car -1 -1 0.00 257 -2 303 14 -1 -1 -1 -1000 -1000 -1000 -10 -1.00544
Car -1 -1 0.00 1000 213 1071 270 -1 -1 -1 -1000 -1000 -1000 -10 -1.01228
