Car -1 -1 0.00 202 184 293 229 -1 -1 -1 -1000 -1000 -1000 -10 0.543651
Car -1 -1 0.00 567 180 668 272 -1 -1 -1 -1000 -1000 -1000 -10 0.460809
Car -1 -1 0.00 553 171 578 194 -1 -1 -1 -1000 -1000 -1000 -10 -0.463249
Car -1 -1 0.00 19 202 79 234 -1 -1 -1 -1000 -1000 -1000 -10 -0.726198
Car -1 -1 0.00 852 157 934 190 -1 -1 -1 -1000 -1000 -1000 -10 -0.777082
Car -1 -1 0.00 928 157 985 200 -1 -1 -1 -1000 -1000 -1000 -10 -0.87956
Car -1 -1 0.00 502 155 529 187 -1 -1 -1 -1000 -1000 -1000 -10 -0.895987
Car -1 -1 0.00 874 160 901 191 -1 -1 -1 -1000 -1000 -1000 -10 -0.904139
Car -1 -1 0.00 477 217 517 231 -1 -1 -1 -1000 -1000 -1000 -10 -0.941527
Car -1 -1 0.00 265 157 288 171 -1 -1 -1 -1000 -1000 -1000 -10 -0.968825
Car -1 -1 0.00 400 95 438 112 -1 -1 -1 -1000 -1000 -1000 -10 -0.972014
Car -1 -1 0.00 927 157 1053 200 -1 -1 -1 -1000 -1000 -1000 -10 -1.00186
Car -1 -1 0.00 1129 159 1167 187 -1 -1 -1 -1000 -1000 -1000 -10 -1.00312
Car -1 -1 0.00 659 18 690 32 -1 -1 -1 -1000 -1000 -1000 -10 -1.01142
Car -1 -1 0.00 771 160 794 172 -1 -1 -1 -1000 -1000 -1000 -10 -1.01701
Car -1 -1 0.00 1010 270 1058 288 -1 -1 -1 -1000 -1000 -1000 -10 -1.0188
