Car -1 -1 0.00 492 181 553 222 -1 -1 -1 -1000 -1000 -1000 -10 1.63004
Car -1 -1 0.00 685 179 785 253 -1 -1 -1 -1000 -1000 -1000 -10 1.544
Car -1 -1 0.00 384 185 501 266 -1 -1 -1 -1000 -1000 -1000 -10 1.07799
Car -1 -1 0.00 247 187 452 330 -1 -1 -1 -1000 -1000 -1000 -10 0.435243
Car -1 -1 0.00 635 176 667 200 -1 -1 -1 -1000 -1000 -1000 -10 0.409608
Car -1 -1 0.00 797 180 1237 371 -1 -1 -1 -1000 -1000 -1000 -10 0.277842
Car -1 -1 0.00 537 177 568 204 -1 -1 -1 -1000 -1000 -1000 -10 0.120475
Car -1 -1 0.00 679 174 707 194 -1 -1 -1 -1000 -1000 -1000 -10 -0.581389
Car -1 -1 0.00 112 116 149 153 -1 -1 -1 -1000 -1000 -1000 -10 -0.845035
Car -1 -1 0.00 185 249 212 271 -1 -1 -1 -1000 -1000 -1000 -10 -0.924022
Car -1 -1 0.00 674 174 721 195 -1 -1 -1 -1000 -1000 -1000 -10 -0.962288
Car -1 -1 0.00 740 164 819 219 -1 -1 -1 -1000 -1000 -1000 -10 -0.963803
Car -1 -1 0.00 571 1 597 29 -1 -1 -1 -1000 -1000 -1000 -10 -0.985463
Car -1 -1 0.00 182 133 215 165 -1 -1 -1 -1000 -1000 -1000 -10 -0.986933
Car -1 -1 0.00 209 132 240 168 -1 -1 -1 -1000 -1000 -1000 -10 -1.00142
Car -1 -1 0.00 67 46 110 60 -1 -1 -1 -1000 -1000 -1000 -10 -1.00581
Car -1 -1 0.00 624 296 655 308 -1 -1 -1 -1000 -1000 -1000 -10 -1.01583
Car -1 -1 0.00 21 -4 48 27 -1 -1 -1 -1000 -1000 -1000 -10 -1.02462
Car -1 -1 0.00 301 349 336 378 -1 -1 -1 -1000 -1000 -1000 -10 -1.02827
