Car -1 -1 0.00 492 178 536 212 -1 -1 -1 -1000 -1000 -1000 -10 1.42135
Car -1 -1 0.00 181 188 449 354 -1 -1 -1 -1000 -1000 -1000 -10 1.31297
Car -1 -1 0.00 709 184 878 293 -1 -1 -1 -1000 -1000 -1000 -10 1.29165
Car -1 -1 0.00 666 171 766 241 -1 -1 -1 -1000 -1000 -1000 -10 0.9185
Car -1 -1 0.00 597 174 620 192 -1 -1 -1 -1000 -1000 -1000 -10 0.120185
Car -1 -1 0.00 626 174 674 209 -1 -1 -1 -1000 -1000 -1000 -10 0.053656
Car -1 -1 0.00 645 173 712 220 -1 -1 -1 -1000 -1000 -1000 -10 0.0455682
Car -1 -1 0.00 797 182 1260 372 -1 -1 -1 -1000 -1000 -1000 -10 -0.351704
Car -1 -1 0.00 525 176 551 196 -1 -1 -1 -1000 -1000 -1000 -10 -0.4735
Car -1 -1 0.00 672 168 784 240 -1 -1 -1 -1000 -1000 -1000 -10 -0.556762
Car -1 -1 0.00 513 175 548 200 -1 -1 -1 -1000 -1000 -1000 -10 -0.701211
Car -1 -1 0.00 630 173 687 213 -1 -1 -1 -1000 -1000 -1000 -10 -0.788932
Car -1 -1 0.00 137 48 202 100 -1 -1 -1 -1000 -1000 -1000 -10 -0.9461
Car -1 -1 0.00 114 177 261 289 -1 -1 -1 -1000 -1000 -1000 -10 -0.963057
Car -1 -1 0.00 536 8 601 33 -1 -1 -1 -1000 -1000 -1000 -10 -1.02199
Car -1 -1 0.00 692 252 724 286 -1 -1 -1 -1000 -1000 -1000 -10 -1.02963
