Car -1 -1 0.00 287 168 504 304 -1 -1 -1 -1000 -1000 -1000 -10 0.54102
Car -1 -1 0.00 514 167 540 183 -1 -1 -1 -1000 -1000 -1000 -10 -0.667169
Car -1 -1 0.00 873 44 910 76 -1 -1 -1 -1000 -1000 -1000 -10 -0.933079
Car -1 -1 0.00 349 86 375 112 -1 -1 -1 -1000 -1000 -1000 -10 -0.977523
Car -1 -1 0.00 911 120 956 157 -1 -1 -1 -1000 -1000 -1000 -10 -0.992408
Car -1 -1 0.00 473 336 514 369 -1 -1 -1 -1000 -1000 -1000 -10 -0.999222
Car -1 -1 0.00 813 261 837 287 -1 -1 -1 -1000 -1000 -1000 -10 -1.00161
Car -1 -1 0.00 819 48 856 95 -1 -1 -1 -1000 -1000 -1000 -10 -1.00319
Car -1 -1 0.00 494 332 532 343 -1 -1 -1 -1000 -1000 -1000 -10 -1.00996
Car -1 -1 0.00 1123 -32 1245 94 -1 -1 -1 -1000 -1000 -1000 -10 -1.02783
