Car -1 -1 0.00 698 181 779 243 -1 -1 -1 -1000 -1000 -1000 -10 1.41772
Car -1 -1 0.00 345 181 431 221 -1 -1 -1 -1000 -1000 -1000 -10 0.99795
Car -1 -1 0.00 675 173 714 196 -1 -1 -1 -1000 -1000 -1000 -10 0.926195
Car -1 -1 0.00 538 173 587 200 -1 -1 -1 -1000 -1000 -1000 -10 0.477471
Car -1 -1 0.00 675 172 700 196 -1 -1 -1 -1000 -1000 -1000 -10 -0.94625
Car -1 -1 0.00 1189 226 1215 238 -1 -1 -1 -1000 -1000 -1000 -10 -0.978057
Car -1 -1 0.00 253 147 289 176 -1 -1 -1 -1000 -1000 -1000 -10 -0.982045
Car -1 -1 0.00 863 186 892 209 -1 -1 -1 -1000 -1000 -1000 -10 -1.00108
Car -1 -1 0.00 698 270 732 281 -1 -1 -1 -1000 -1000 -1000 -10 -1.01541
Car -1 -1 0.00 27 115 53 136 -1 -1 -1 -1000 -1000 -1000 -10 -1.01753
Car -1 -1 0.00 839 38 874 54 -1 -1 -1 -1000 -1000 -1000 -10 -1.02047
Car -1 -1 0.00 698 274 732 285 -1 -1 -1 -1000 -1000 -1000 -10 -1.02577
