Car -1 -1 0.00 442 169 470 183 -1 -1 -1 -1000 -1000 -1000 -10 -0.946207
Car -1 -1 0.00 551 277 589 315 -1 -1 -1 -1000 -1000 -1000 -10 -0.956455
Car -1 -1 0.00 603 344 638 380 -1 -1 -1 -1000 -1000 -1000 -10 -0.971616
Car -1 -1 0.00 1178 229 1205 248 -1 -1 -1 -1000 -1000 -1000 -10 -0.97498
Car -1 -1 0.00 1145 318 1202 342 -1 -1 -1 -1000 -1000 -1000 -10 -0.988325
Car -1 -1 0.00 808 -5 869 50 -1 -1 -1 -1000 -1000 -1000 -10 -0.993375
Car -1 -1 0.00 106 91 182 127 -1 -1 -1 -1000 -1000 -1000 -10 -0.99922
Car -1 -1 0.00 632 333 683 369 -1 -1 -1 -1000 -1000 -1000 -10 -1.01917
Car -1 -1 0.00 1042 48 1069 66 -1 -1 -1 -1000 -1000 -1000 -10 -1.02567
Car -1 -1 0.00 430 265 483 288 -1 -1 -1 -1000 -1000 -1000 -10 -1.02808
