Car -1 -1 0.00 708 184 873 291 -1 -1 -1 -1000 -1000 -1000 -10 1.83413
Car -1 -1 0.00 671 178 747 230 -1 -1 -1 -1000 -1000 -1000 -10 1.83143
Car -1 -1 0.00 290 172 490 315 -1 -1 -1 -1000 -1000 -1000 -10 0.95923
Car -1 -1 0.00 392 85 427 107 -1 -1 -1 -1000 -1000 -1000 -10 -0.843537
Car -1 -1 0.00 1087 165 1161 231 -1 -1 -1 -1000 -1000 -1000 -10 -0.923491
Car -1 -1 0.00 567 176 604 200 -1 -1 -1 -1000 -1000 -1000 -10 -0.977875
Car -1 -1 0.00 143 159 418 245 -1 -1 -1 -1000 -1000 -1000 -10 -0.99487
Car -1 -1 0.00 125 292 152 316 -1 -1 -1 -1000 -1000 -1000 -10 -1.00162
Car -1 -1 0.00 482 251 509 271 -1 -1 -1 -1000 -1000 -1000 -10 -1.00685
Car -1 -1 0.00 587 168 633 188 -1 -1 -1 -1000 -1000 -1000 -10 -1.01693
Car -1 -1 0.00 242 -5 294 50 -1 -1 -1 -1000 -1000 -1000 -10 -1.01729
