Car -1 -1 0.00 240 192 420 278 -1 -1 -1 -1000 -1000 -1000 -10 -0.532526
Car -1 -1 0.00 973 254 1015 285 -1 -1 -1 -1000 -1000 -1000 -10 -0.903801
Car -1 -1 0.00 838 208 862 231 -1 -1 -1 -1000 -1000 -1000 -10 -0.908338
Car -1 -1 0.00 1010 151 1077 179 -1 -1 -1 -1000 -1000 -1000 -10 -0.913495
Car -1 -1 0.00 603 344 638 380 -1 -1 -1 -1000 -1000 -1000 -10 -0.917849
Car -1 -1 0.00 88 102 135 127 -1 -1 -1 -1000 -1000 -1000 -10 -0.966148
Car -1 -1 0.00 633 333 683 369 -1 -1 -1 -1000 -1000 -1000 -10 -0.970149
Car -1 -1 0.00 405 250 458 286 -1 -1 -1 -1000 -1000 -1000 -10 -0.970667
Car -1 -1 0.00 440 169 466 183 -1 -1 -1 -1000 -1000 -1000 -10 -0.989332
Car -1 -1 0.00 553 279 587 318 -1 -1 -1 -1000 -1000 -1000 -10 -1.00281
Car -1 -1 0.00 1139 205 1183 246 -1 -1 -1 -1000 -1000 -1000 -10 -1.01179
Car -1 -1 0.00 584 284 623 323 -1 -1 -1 -1000 -1000 -1000 -10 -1.02871
