Car -1 -1 0.00 471 165 506 190 -1 -1 -1 -1000 -1000 -1000 -10 1.58446
Car -1 -1 0.00 512 166 541 184 -1 -1 -1 -1000 -1000 -1000 -10 -0.33542
Car -1 -1 0.00 154 198 182 223 -1 -1 -1 -1000 -1000 -1000 -10 -0.721873
Car -1 -1 0.00 813 261 837 288 -1 -1 -1 -1000 -1000 -1000 -10 -0.966049
Car -1 -1 0.00 120 229 151 254 -1 -1 -1 -1000 -1000 -1000 -10 -0.986813
Car -1 -1 0.00 526 171 605 194 -1 -1 -1 -1000 -1000 -1000 -10 -0.990406
Car -1 -1 0.00 14 236 41 249 -1 -1 -1 -1000 -1000 -1000 -10 -0.990486
Car -1 -1 0.00 126 75 182 112 -1 -1 -1 -1000 -1000 -1000 -10 -0.993813
Car -1 -1 0.00 474 336 514 369 -1 -1 -1 -1000 -1000 -1000 -10 -1.00132
Car -1 -1 0.00 1171 63 1197 85 -1 -1 -1 -1000 -1000 -1000 -10 -1.01226
Car -1 -1 0.00 326 111 351 132 -1 -1 -1 -1000 -1000 -1000 -10 -1.02153
Car -1 -1 0.00 824 64 862 101 -1 -1 -1 -1000 -1000 -1000 -10 -1.02929
