Car -1 -1 0.00 709 182 898 310 -1 -1 -1 -1000 -1000 -1000 -10 1.65875
Car -1 -1 0.00 646 177 691 213 -1 -1 -1 -1000 -1000 -1000 -10 1.20165
Car -1 -1 0.00 -11 195 304 339 -1 -1 -1 -1000 -1000 -1000 -10 0.960675
Car -1 -1 0.00 669 181 731 236 -1 -1 -1 -1000 -1000 -1000 -10 0.878742
Car -1 -1 0.00 428 184 526 221 -1 -1 -1 -1000 -1000 -1000 -10 0.495412
Car -1 -1 0.00 148 183 391 289 -1 -1 -1 -1000 -1000 -1000 -10 0.105631
Car -1 -1 0.00 245 186 434 271 -1 -1 -1 -1000 -1000 -1000 -10 0.0329676
Car -1 -1 0.00 424 180 483 218 -1 -1 -1 -1000 -1000 -1000 -10 -0.792991
Car -1 -1 0.00 1162 194 1224 238 -1 -1 -1 -1000 -1000 -1000 -10 -0.827609
Car -1 -1 0.00 306 183 426 265 -1 -1 -1 -1000 -1000 -1000 -10 -0.855914
Car -1 -1 0.00 606 175 629 187 -1 -1 -1 -1000 -1000 -1000 -10 -0.867673
Car -1 -1 0.00 693 185 793 259 -1 -1 -1 -1000 -1000 -1000 -10 -0.867688
Car -1 -1 0.00 874 263 902 284 -1 -1 -1 -1000 -1000 -1000 -10 -0.909169
Car -1 -1 0.00 325 261 357 286 -1 -1 -1 -1000 -1000 -1000 -10 -0.982711
Car -1 -1 0.00 279 349 308 372 -1 -1 -1 -1000 -1000 -1000 -10 -1.00006
Car -1 -1 0.00 1209 116 1233 138 -1 -1 -1 -1000 -1000 -1000 -10 -1.01463
