Car -1 -1 0.00 546 195 655 262 -1 -1 -1 -1000 -1000 -1000 -10 1.71322
Car -1 -1 0.00 413 192 595 297 -1 -1 -1 -1000 -1000 -1000 -10 0.730804
Car -1 -1 0.00 819 187 1088 373 -1 -1 -1 -1000 -1000 -1000 -10 0.561918
Car -1 -1 0.00 659 189 713 229 -1 -1 -1 -1000 -1000 -1000 -10 0.55108
Car -1 -1 0.00 809 180 872 235 -1 -1 -1 -1000 -1000 -1000 -10 0.135914
Car -1 -1 0.00 60 222 437 373 -1 -1 -1 -1000 -1000 -1000 -10 -0.220989
Car -1 -1 0.00 432 199 597 295 -1 -1 -1 -1000 -1000 -1000 -10 -0.252194
Car -1 -1 0.00 532 200 655 264 -1 -1 -1 -1000 -1000 -1000 -10 -0.454074
Car -1 -1 0.00 740 283 769 305 -1 -1 -1 -1000 -1000 -1000 -10 -0.925415
Car -1 -1 0.00 772 270 816 300 -1 -1 -1 -1000 -1000 -1000 -10 -0.966555
Car -1 -1 0.00 614 201 654 233 -1 -1 -1 -1000 -1000 -1000 -10 -0.982875
Car -1 -1 0.00 1183 103 1207 115 -1 -1 -1 -1000 -1000 -1000 -10 -1.02575
