Car -1 -1 0.00 440 198 528 252 -1 -1 -1 -1000 -1000 -1000 -10 1.17864
Car -1 -1 0.00 567 184 601 213 -1 -1 -1 -1000 -1000 -1000 -10 0.142902
Car -1 -1 0.00 496 194 547 235 -1 -1 -1 -1000 -1000 -1000 -10 -0.0304183
Car -1 -1 0.00 661 157 691 170 -1 -1 -1 -1000 -1000 -1000 -10 -0.737891
Car -1 -1 0.00 550 194 573 223 -1 -1 -1 -1000 -1000 -1000 -10 -0.895465
Car -1 -1 0.00 195 18 223 40 -1 -1 -1 -1000 -1000 -1000 -10 -0.954957
Car -1 -1 0.00 1005 61 1037 86 -1 -1 -1 -1000 -1000 -1000 -10 -0.995296
Car -1 -1 0.00 800 104 829 123 -1 -1 -1 -1000 -1000 -1000 -10 -0.999922
Car -1 -1 0.00 301 49 372 75 -1 -1 -1 -1000 -1000 -1000 -10 -1.00872
Car -1 -1 0.00 1139 314 1164 342 -1 -1 -1 -1000 -1000 -1000 -10 -1.01675
Car -1 -1 0.00 561 300 599 338 -1 -1 -1 -1000 -1000 -1000 -10 -1.02104
Car -1 -1 0.00 46 179 72 200 -1 -1 -1 -1000 -1000 -1000 -10 -1.02506
Car -1 -1 0.00 1081 56 1112 90 -1 -1 -1 -1000 -1000 -1000 -10 -1.02572
Car -1 -1 0.00 695 342 728 374 -1 -1 -1 -1000 -1000 -1000 -10 -1.02637
Car -1 -1 0.00 62 157 84 170 -1 -1 -1 -1000 -1000 -1000 -10 -1.027
