Car -1 -1 0.00 725 162 839 261 -1 -1 -1 -1000 -1000 -1000 -10 0.906323
Car -1 -1 0.00 944 175 1073 228 -1 -1 -1 -1000 -1000 -1000 -10 0.783106
Car -1 -1 0.00 353 169 410 193 -1 -1 -1 -1000 -1000 -1000 -10 0.155967
Car -1 -1 0.00 630 171 661 192 -1 -1 -1 -1000 -1000 -1000 -10 -0.27512
Car -1 -1 0.00 522 168 559 194 -1 -1 -1 -1000 -1000 -1000 -10 -0.349371
Car -1 -1 0.00 307 172 362 196 -1 -1 -1 -1000 -1000 -1000 -10 -0.395709
Car -1 -1 0.00 471 170 500 181 -1 -1 -1 -1000 -1000 -1000 -10 -0.525185
Car -1 -1 0.00 309 171 336 195 -1 -1 -1 -1000 -1000 -1000 -10 -0.610272
Car -1 -1 0.00 406 171 433 189 -1 -1 -1 -1000 -1000 -1000 -10 -0.660531
Car -1 -1 0.00 311 170 357 196 -1 -1 -1 -1000 -1000 -1000 -10 -0.842081
Car -1 -1 0.00 415 170 456 186 -1 -1 -1 -1000 -1000 -1000 -10 -0.887634
Car -1 -1 0.00 58 339 140 364 -1 -1 -1 -1000 -1000 -1000 -10 -0.901651
Car -1 -1 0.00 377 169 410 193 -1 -1 -1 -1000 -1000 -1000 -10 -0.99407
Car -1 -1 0.00 418 350 536 385 -1 -1 -1 -1000 -1000 -1000 -10 -1.01183
Car -1 -1 0.00 1105 279 1156 300 -1 -1 -1 -1000 -1000 -1000 -10 -1.02635
