Car -1 -1 0.00 607 177 770 243 -1 -1 -1 -1000 -1000 -1000 -10 1.03888
Car -1 -1 0.00 520 174 550 197 -1 -1 -1 -1000 -1000 -1000 -10 0.541363
Car -1 -1 0.00 1067 168 1231 234 -1 -1 -1 -1000 -1000 -1000 -10 -0.187913
Car -1 -1 0.00 605 160 657 181 -1 -1 -1 -1000 -1000 -1000 -10 -0.243577
Car -1 -1 0.00 237 252 277 269 -1 -1 -1 -1000 -1000 -1000 -10 -0.389228
Car -1 -1 0.00 232 216 317 240 -1 -1 -1 -1000 -1000 -1000 -10 -0.982919
Car -1 -1 0.00 1121 73 1169 139 -1 -1 -1 -1000 -1000 -1000 -10 -0.998174
Car -1 -1 0.00 159 226 215 259 -1 -1 -1 -1000 -1000 -1000 -10 -0.998292
Car -1 -1 0.00 777 265 816 276 -1 -1 -1 -1000 -1000 -1000 -10 -1.00309
Car -1 -1 0.00 100 234 205 291 -1 -1 -1 -1000 -1000 -1000 -10 -1.01781
Car -1 -1 0.00 1146 21 1199 38 -1 -1 -1 -1000 -1000 -1000 -10 -1.02294
Car -1 -1 0.00 1196 101 1221 118 -1 -1 -1 -1000 -1000 -1000 -10 -1.02813
Car -1 -1 0.00 708 80 823 131 -1 -1 -1 -1000 -1000 -1000 -10 -1.02887
