Car -1 -1 0.00 64 191 256 268 -1 -1 -1 -1000 -1000 -1000 -10 1.69934
Car -1 -1 0.00 460 174 564 207 -1 -1 -1 -1000 -1000 -1000 -10 0.196137
Car -1 -1 0.00 450 180 558 212 -1 -1 -1 -1000 -1000 -1000 -10 -0.778417
Car -1 -1 0.00 837 171 892 206 -1 -1 -1 -1000 -1000 -1000 -10 -0.800376
Car -1 -1 0.00 39 100 86 118 -1 -1 -1 -1000 -1000 -1000 -10 -0.878463
Car -1 -1 0.00 183 41 210 70 -1 -1 -1 -1000 -1000 -1000 -10 -0.88233
Car -1 -1 0.00 919 130 964 166 -1 -1 -1 -1000 -1000 -1000 -10 -0.947524
Car -1 -1 0.00 842 241 881 254 -1 -1 -1 -1000 -1000 -1000 -10 -0.951442
Car -1 -1 0.00 566 152 592 163 -1 -1 -1 -1000 -1000 -1000 -10 -0.97369
Car -1 -1 0.00 377 177 404 200 -1 -1 -1 -1000 -1000 -1000 -10 -0.976172
Car -1 -1 0.00 368 241 455 266 -1 -1 -1 -1000 -1000 -1000 -10 -1.00174
Car -1 -1 0.00 963 76 993 107 -1 -1 -1 -1000 -1000 -1000 -10 -1.01056
Car -1 -1 0.00 793 130 824 143 -1 -1 -1 -1000 -1000 -1000 -10 -1.0157
Car -1 -1 0.00 60 94 88 122 -1 -1 -1 -1000 -1000 -1000 -10 -1.02104
Car -1 -1 0.00 692 150 717 177 -1 -1 -1 -1000 -1000 -1000 -10 -1.02708
Car -1 -1 0.00 1237 192 1279 251 -1 -1 -1 -1000 -1000 -1000 -10 -1.02757
Car -1 -1 0.00 928 240 983 267 -1 -1 -1 -1000 -1000 -1000 -10 -1.02924
