Car -1 -1 0.00 730 177 833 248 -1 -1 -1 -1000 -1000 -1000 -10 1.15427
Car -1 -1 0.00 846 180 1198 372 -1 -1 -1 -1000 -1000 -1000 -10 0.878548
Car -1 -1 0.00 688 184 725 205 -1 -1 -1 -1000 -1000 -1000 -10 0.543068
Car -1 -1 0.00 719 185 777 223 -1 -1 -1 -1000 -1000 -1000 -10 -0.764942
Car -1 -1 0.00 384 226 460 288 -1 -1 -1 -1000 -1000 -1000 -10 -0.964858
Car -1 -1 0.00 525 -2 620 26 -1 -1 -1 -1000 -1000 -1000 -10 -1.00776
Car -1 -1 0.00 165 280 203 297 -1 -1 -1 -1000 -1000 -1000 -10 -1.012
Car -1 -1 0.00 109 131 139 162 -1 -1 -1 -1000 -1000 -1000 -10 -1.01293
Car -1 -1 0.00 513 171 546 200 -1 -1 -1 -1000 -1000 -1000 -10 -1.01827
Car -1 -1 0.00 639 242 668 256 -1 -1 -1 -1000 -1000 -1000 -10 -1.01862
Car -1 -1 0.00 506 -2 571 18 -1 -1 -1 -1000 -1000 -1000 -10 -1.02528
