Car -1 -1 0.00 471 181 534 211 -1 -1 -1 -1000 -1000 -1000 -10 2.07778
Car -1 -1 0.00 704 181 789 245 -1 -1 -1 -1000 -1000 -1000 -10 2.05195
Car -1 -1 0.00 676 175 721 201 -1 -1 -1 -1000 -1000 -1000 -10 1.32507
Car -1 -1 0.00 611 172 652 197 -1 -1 -1 -1000 -1000 -1000 -10 0.131392
Car -1 -1 0.00 651 170 686 191 -1 -1 -1 -1000 -1000 -1000 -10 -0.780208
Car -1 -1 0.00 700 -19 1563 645 -1 -1 -1 -1000 -1000 -1000 -10 -0.95197
Car -1 -1 0.00 197 302 272 368 -1 -1 -1 -1000 -1000 -1000 -10 -0.958395
Car -1 -1 0.00 610 173 651 198 -1 -1 -1 -1000 -1000 -1000 -10 -0.981606
Car -1 -1 0.00 80 171 105 192 -1 -1 -1 -1000 -1000 -1000 -10 -0.982078
Car -1 -1 0.00 980 15 1025 53 -1 -1 -1 -1000 -1000 -1000 -10 -0.988455
Car -1 -1 0.00 41 151 90 168 -1 -1 -1 -1000 -1000 -1000 -10 -1.02819
