Car -1 -1 0.00 503 162 597 205 -1 -1 -1 -1000 -1000 -1000 -10 1.68413
Car -1 -1 0.00 87 163 152 189 -1 -1 -1 -1000 -1000 -1000 -10 -0.82722
Car -1 -1 0.00 522 92 730 158 -1 -1 -1 -1000 -1000 -1000 -10 -0.894865
Car -1 -1 0.00 454 149 505 173 -1 -1 -1 -1000 -1000 -1000 -10 -0.894983
Car -1 -1 0.00 503 173 596 206 -1 -1 -1 -1000 -1000 -1000 -10 -0.924428
Car -1 -1 0.00 61 158 153 188 -1 -1 -1 -1000 -1000 -1000 -10 -0.94704
Car -1 -1 0.00 986 220 1023 245 -1 -1 -1 -1000 -1000 -1000 -10 -0.958478
Car -1 -1 0.00 1228 226 1261 252 -1 -1 -1 -1000 -1000 -1000 -10 -0.988169
Car -1 -1 0.00 32 109 59 137 -1 -1 -1 -1000 -1000 -1000 -10 -1.0049
Car -1 -1 0.00 470 297 512 314 -1 -1 -1 -1000 -1000 -1000 -10 -1.01693
Car -1 -1 0.00 4 43 47 57 -1 -1 -1 -1000 -1000 -1000 -10 -1.02186
Car -1 -1 0.00 1085 161 1134 179 -1 -1 -1 -1000 -1000 -1000 -10 -1.02421
