Car -1 -1 0.00 696 173 829 258 -1 -1 -1 -1000 -1000 -1000 -10 2.42078
Car -1 -1 0.00 650 174 719 223 -1 -1 -1 -1000 -1000 -1000 -10 2.31515
Car -1 -1 0.00 192 193 272 227 -1 -1 -1 -1000 -1000 -1000 -10 1.7607
Car -1 -1 0.00 87 201 202 244 -1 -1 -1 -1000 -1000 -1000 -10 0.771176
Car -1 -1 0.00 319 188 372 210 -1 -1 -1 -1000 -1000 -1000 -10 0.712868
Car -1 -1 0.00 622 177 655 203 -1 -1 -1 -1000 -1000 -1000 -10 0.657225
Car -1 -1 0.00 264 190 323 218 -1 -1 -1 -1000 -1000 -1000 -10 0.557341
Car -1 -1 0.00 808 176 1239 375 -1 -1 -1 -1000 -1000 -1000 -10 0.267925
Car -1 -1 0.00 565 175 599 187 -1 -1 -1 -1000 -1000 -1000 -10 0.20268
Car -1 -1 0.00 357 175 402 210 -1 -1 -1 -1000 -1000 -1000 -10 -0.0141608
Car -1 -1 0.00 443 180 480 191 -1 -1 -1 -1000 -1000 -1000 -10 -0.0210433
Car -1 -1 0.00 636 174 688 215 -1 -1 -1 -1000 -1000 -1000 -10 -0.0340396
Car -1 -1 0.00 564 174 604 186 -1 -1 -1 -1000 -1000 -1000 -10 -0.472764
Car -1 -1 0.00 602 175 630 195 -1 -1 -1 -1000 -1000 -1000 -10 -0.792524
Car -1 -1 0.00 235 194 271 222 -1 -1 -1 -1000 -1000 -1000 -10 -0.896512
Car -1 -1 0.00 284 262 319 274 -1 -1 -1 -1000 -1000 -1000 -10 -0.985341
Car -1 -1 0.00 1071 125 1121 144 -1 -1 -1 -1000 -1000 -1000 -10 -0.990575
Car -1 -1 0.00 80 193 231 240 -1 -1 -1 -1000 -1000 -1000 -10 -0.993244
Car -1 -1 0.00 1095 334 1123 352 -1 -1 -1 -1000 -1000 -1000 -10 -1.00794
Car -1 -1 0.00 1043 156 1071 179 -1 -1 -1 -1000 -1000 -1000 -10 -1.01301
Car -1 -1 0.00 553 348 692 387 -1 -1 -1 -1000 -1000 -1000 -10 -1.02243
