Car -1 -1 0.00 661 173 741 227 -1 -1 -1 -1000 -1000 -1000 -10 2.59819
Car -1 -1 0.00 775 179 1049 360 -1 -1 -1 -1000 -1000 -1000 -10 2.18801
Car -1 -1 0.00 102 198 224 252 -1 -1 -1 -1000 -1000 -1000 -10 2.0524
Car -1 -1 0.00 701 174 832 266 -1 -1 -1 -1000 -1000 -1000 -10 1.88375
Car -1 -1 0.00 267 192 324 218 -1 -1 -1 -1000 -1000 -1000 -10 1.33555
Car -1 -1 0.00 633 174 687 210 -1 -1 -1 -1000 -1000 -1000 -10 1.11605
Car -1 -1 0.00 353 187 393 206 -1 -1 -1 -1000 -1000 -1000 -10 0.648719
Car -1 -1 0.00 408 176 441 201 -1 -1 -1 -1000 -1000 -1000 -10 0.100543
Car -1 -1 0.00 2 202 121 261 -1 -1 -1 -1000 -1000 -1000 -10 0.044066
Car -1 -1 0.00 611 175 642 198 -1 -1 -1 -1000 -1000 -1000 -10 -0.0202458
Car -1 -1 0.00 454 180 486 191 -1 -1 -1 -1000 -1000 -1000 -10 -0.0821343
Car -1 -1 0.00 207 197 281 230 -1 -1 -1 -1000 -1000 -1000 -10 -0.102024
Car -1 -1 0.00 380 184 412 204 -1 -1 -1 -1000 -1000 -1000 -10 -0.227335
Car -1 -1 0.00 565 174 598 186 -1 -1 -1 -1000 -1000 -1000 -10 -0.348699
Car -1 -1 0.00 314 188 359 211 -1 -1 -1 -1000 -1000 -1000 -10 -0.487567
Car -1 -1 0.00 597 175 620 192 -1 -1 -1 -1000 -1000 -1000 -10 -0.843101
Car -1 -1 0.00 776 176 1049 373 -1 -1 -1 -1000 -1000 -1000 -10 -0.848153
Car -1 -1 0.00 207 194 301 223 -1 -1 -1 -1000 -1000 -1000 -10 -0.880706
Car -1 -1 0.00 958 136 987 147 -1 -1 -1 -1000 -1000 -1000 -10 -0.908959
Car -1 -1 0.00 235 328 261 364 -1 -1 -1 -1000 -1000 -1000 -10 -0.935949
Car -1 -1 0.00 572 31 603 50 -1 -1 -1 -1000 -1000 -1000 -10 -0.947021
Car -1 -1 0.00 782 94 808 115 -1 -1 -1 -1000 -1000 -1000 -10 -0.954886
Car -1 -1 0.00 1048 226 1075 246 -1 -1 -1 -1000 -1000 -1000 -10 -0.967523
Car -1 -1 0.00 1205 111 1240 125 -1 -1 -1 -1000 -1000 -1000 -10 -0.97085
Car -1 -1 0.00 920 157 952 179 -1 -1 -1 -1000 -1000 -1000 -10 -0.989335
Car -1 -1 0.00 73 296 158 327 -1 -1 -1 -1000 -1000 -1000 -10 -1.0016
Car -1 -1 0.00 1117 235 1148 258 -1 -1 -1 -1000 -1000 -1000 -10 -1.01269
Car -1 -1 0.00 215 342 257 374 -1 -1 -1 -1000 -1000 -1000 -10 -1.02321
Car -1 -1 0.00 574 7 606 38 -1 -1 -1 -1000 -1000 -1000 -10 -1.02559
Car -1 -1 0.00 563 177 597 208 -1 -1 -1 -1000 -1000 -1000 -10 -1.02863
Car -1 -1 0.00 1103 181 1130 198 -1 -1 -1 -1000 -1000 -1000 -10 -1.02877
Car -1 -1 0.00 961 1 1030 23 -1 -1 -1 -1000 -1000 -1000 -10 -1.02941
