Car -1 -1 0.00 797 140 846 165 -1 -1 -1 -1000 -1000 -1000 -10 1.73889
Car -1 -1 0.00 703 151 762 180 -1 -1 -1 -1000 -1000 -1000 -10 0.858458
Car -1 -1 0.00 979 145 1093 233 -1 -1 -1 -1000 -1000 -1000 -10 0.599682
Car -1 -1 0.00 739 144 803 174 -1 -1 -1 -1000 -1000 -1000 -10 0.275761
Car -1 -1 0.00 -44 173 245 376 -1 -1 -1 -1000 -1000 -1000 -10 -0.158543
Car -1 -1 0.00 704 146 763 181 -1 -1 -1 -1000 -1000 -1000 -10 -0.357695
Car -1 -1 0.00 576 144 649 188 -1 -1 -1 -1000 -1000 -1000 -10 -0.562516
Car -1 -1 0.00 548 10 568 35 -1 -1 -1 -1000 -1000 -1000 -10 -0.64431
Car -1 -1 0.00 535 142 648 189 -1 -1 -1 -1000 -1000 -1000 -10 -0.762952
Car -1 -1 0.00 879 133 939 165 -1 -1 -1 -1000 -1000 -1000 -10 -0.800841
Car -1 -1 0.00 1113 58 1150 90 -1 -1 -1 -1000 -1000 -1000 -10 -0.955594
Car -1 -1 0.00 668 148 709 167 -1 -1 -1 -1000 -1000 -1000 -10 -0.971008
Car -1 -1 0.00 942 124 965 141 -1 -1 -1 -1000 -1000 -1000 -10 -0.982425
Car -1 -1 0.00 1120 86 1145 98 -1 -1 -1 -1000 -1000 -1000 -10 -0.986658
Car -1 -1 0.00 1056 61 1081 89 -1 -1 -1 -1000 -1000 -1000 -10 -0.995347
Car -1 -1 0.00 1115 103 1167 122 -1 -1 -1 -1000 -1000 -1000 -10 -1.00901
Car -1 -1 0.00 867 286 918 302 -1 -1 -1 -1000 -1000 -1000 -10 -1.01194
Car -1 -1 0.00 1003 294 1039 305 -1 -1 -1 -1000 -1000 -1000 -10 -1.01509
Car -1 -1 0.00 1052 45 1082 74 -1 -1 -1 -1000 -1000 -1000 -10 -1.0153
Car -1 -1 0.00 950 259 992 273 -1 -1 -1 -1000 -1000 -1000 -10 -1.01582
Car -1 -1 0.00 1065 300 1107 313 -1 -1 -1 -1000 -1000 -1000 -10 -1.0173
Car -1 -1 0.00 980 264 1015 275 -1 -1 -1 -1000 -1000 -1000 -10 -1.01858
Car -1 -1 0.00 909 338 952 352 -1 -1 -1 -1000 -1000 -1000 -10 -1.01962
Car -1 -1 0.00 729 137 759 161 -1 -1 -1 -1000 -1000 -1000 -10 -1.01987
Car -1 -1 0.00 981 312 1017 323 -1 -1 -1 -1000 -1000 -1000 -10 -1.02237
Car -1 -1 0.00 1056 288 1098 301 -1 -1 -1 -1000 -1000 -1000 -10 -1.02563
Car -1 -1 0.00 1009 282 1045 293 -1 -1 -1 -1000 -1000 -1000 -10 -1.02572
Car -1 -1 0.00 379 354 416 366 -1 -1 -1 -1000 -1000 -1000 -10 -1.02831
Car -1 -1 0.00 1068 284 1102 295 -1 -1 -1 -1000 -1000 -1000 -10 -1.02982
