Car -1 -1 0.00 1023 91 1134 123 -1 -1 -1 -1000 -1000 -1000 -10 -0.571348
Car -1 -1 0.00 120 90 185 121 -1 -1 -1 -1000 -1000 -1000 -10 -0.812646
Car -1 -1 0.00 949 333 1048 369 -1 -1 -1 -1000 -1000 -1000 -10 -0.827134
Car -1 -1 0.00 123 82 155 98 -1 -1 -1 -1000 -1000 -1000 -10 -0.841139
Car -1 -1 0.00 688 189 731 217 -1 -1 -1 -1000 -1000 -1000 -10 -0.852283
Car -1 -1 0.00 870 92 910 108 -1 -1 -1 -1000 -1000 -1000 -10 -0.956832
Car -1 -1 0.00 440 64 473 78 -1 -1 -1 -1000 -1000 -1000 -10 -0.98279
Car -1 -1 0.00 552 278 588 314 -1 -1 -1 -1000 -1000 -1000 -10 -1.008
Car -1 -1 0.00 425 266 497 287 -1 -1 -1 -1000 -1000 -1000 -10 -1.01838
Car -1 -1 0.00 545 303 599 362 -1 -1 -1 -1000 -1000 -1000 -10 -1.0286
