Car -1 -1 0.00 50 214 351 341 -1 -1 -1 -1000 -1000 -1000 -10 0.776316
Car -1 -1 0.00 256 254 352 320 -1 -1 -1 -1000 -1000 -1000 -10 -0.807772
Car -1 -1 0.00 691 118 716 145 -1 -1 -1 -1000 -1000 -1000 -10 -0.916752
Car -1 -1 0.00 832 157 864 171 -1 -1 -1 -1000 -1000 -1000 -10 -0.961858
Car -1 -1 0.00 801 195 842 218 -1 -1 -1 -1000 -1000 -1000 -10 -0.967591
Car -1 -1 0.00 1025 216 1165 286 -1 -1 -1 -1000 -1000 -1000 -10 -0.976552
Car -1 -1 0.00 1142 173 1165 193 -1 -1 -1 -1000 -1000 -1000 -10 -0.978645
Car -1 -1 0.00 542 237 570 251 -1 -1 -1 -1000 -1000 -1000 -10 -0.97975
Car -1 -1 0.00 835 163 867 177 -1 -1 -1 -1000 -1000 -1000 -10 -0.990256
Car -1 -1 0.00 835 169 866 183 -1 -1 -1 -1000 -1000 -1000 -10 -0.991509
Car -1 -1 0.00 623 191 650 205 -1 -1 -1 -1000 -1000 -1000 -10 -1.00465
Car -1 -1 0.00 906 334 985 374 -1 -1 -1 -1000 -1000 -1000 -10 -1.0085
Car -1 -1 0.00 835 173 866 186 -1 -1 -1 -1000 -1000 -1000 -10 -1.01192
Car -1 -1 0.00 879 36 943 67 -1 -1 -1 -1000 -1000 -1000 -10 -1.01716
Car -1 -1 0.00 621 59 649 78 -1 -1 -1 -1000 -1000 -1000 -10 -1.01877
Car -1 -1 0.00 441 90 463 118 -1 -1 -1 -1000 -1000 -1000 -10 -1.02443
Car -1 -1 0.00 454 79 475 106 -1 -1 -1 -1000 -1000 -1000 -10 -1.02524
