Car -1 -1 0.00 465 179 511 213 -1 -1 -1 -1000 -1000 -1000 -10 1.57169
Car -1 -1 0.00 593 169 632 204 -1 -1 -1 -1000 -1000 -1000 -10 0.0955921
Car -1 -1 0.00 -48 204 84 260 -1 -1 -1 -1000 -1000 -1000 -10 -0.131967
Car -1 -1 0.00 491 171 532 203 -1 -1 -1 -1000 -1000 -1000 -10 -0.391712
Car -1 -1 0.00 621 86 673 111 -1 -1 -1 -1000 -1000 -1000 -10 -0.931772
Car -1 -1 0.00 792 175 817 187 -1 -1 -1 -1000 -1000 -1000 -10 -0.955596
Car -1 -1 0.00 580 172 608 198 -1 -1 -1 -1000 -1000 -1000 -10 -0.963311
Car -1 -1 0.00 -26 65 29 91 -1 -1 -1 -1000 -1000 -1000 -10 -0.977141
Car -1 -1 0.00 724 178 750 205 -1 -1 -1 -1000 -1000 -1000 -10 -1.01128
Car -1 -1 0.00 800 119 826 140 -1 -1 -1 -1000 -1000 -1000 -10 -1.02412
