Car -1 -1 0.00 912 174 1084 229 -1 -1 -1 -1000 -1000 -1000 -10 1.80852
Car -1 -1 0.00 543 176 595 209 -1 -1 -1 -1000 -1000 -1000 -10 1.31732
Car -1 -1 0.00 784 174 848 201 -1 -1 -1 -1000 -1000 -1000 -10 1.29944
Car -1 -1 0.00 447 178 481 198 -1 -1 -1 -1000 -1000 -1000 -10 1.21597
Car -1 -1 0.00 649 168 722 200 -1 -1 -1 -1000 -1000 -1000 -10 0.724913
Car -1 -1 0.00 282 178 427 225 -1 -1 -1 -1000 -1000 -1000 -10 0.53206
Car -1 -1 0.00 587 177 611 197 -1 -1 -1 -1000 -1000 -1000 -10 0.161745
Car -1 -1 0.00 919 166 1110 226 -1 -1 -1 -1000 -1000 -1000 -10 -0.776123
Car -1 -1 0.00 327 71 355 100 -1 -1 -1 -1000 -1000 -1000 -10 -0.981681
Car -1 -1 0.00 1116 -3 1152 22 -1 -1 -1 -1000 -1000 -1000 -10 -0.984504
Car -1 -1 0.00 992 297 1017 319 -1 -1 -1 -1000 -1000 -1000 -10 -1.02149
