Car -1 -1 0.00 319 174 504 253 -1 -1 -1 -1000 -1000 -1000 -10 1.0032
Car -1 -1 0.00 64 179 188 229 -1 -1 -1 -1000 -1000 -1000 -10 0.587922
Car -1 -1 0.00 169 168 261 224 -1 -1 -1 -1000 -1000 -1000 -10 0.164274
Car -1 -1 0.00 558 170 598 194 -1 -1 -1 -1000 -1000 -1000 -10 -0.454032
Car -1 -1 0.00 1162 112 1210 145 -1 -1 -1 -1000 -1000 -1000 -10 -0.457054
Car -1 -1 0.00 696 165 774 189 -1 -1 -1 -1000 -1000 -1000 -10 -0.615071
Car -1 -1 0.00 593 167 619 189 -1 -1 -1 -1000 -1000 -1000 -10 -0.787679
Car -1 -1 0.00 718 165 750 198 -1 -1 -1 -1000 -1000 -1000 -10 -0.797938
Car -1 -1 0.00 61 156 175 232 -1 -1 -1 -1000 -1000 -1000 -10 -0.812837
Car -1 -1 0.00 705 165 766 183 -1 -1 -1 -1000 -1000 -1000 -10 -0.881474
Car -1 -1 0.00 780 170 804 199 -1 -1 -1 -1000 -1000 -1000 -10 -0.901631
Car -1 -1 0.00 166 173 239 224 -1 -1 -1 -1000 -1000 -1000 -10 -0.907749
Car -1 -1 0.00 536 119 562 141 -1 -1 -1 -1000 -1000 -1000 -10 -0.92333
Car -1 -1 0.00 404 173 498 245 -1 -1 -1 -1000 -1000 -1000 -10 -0.93139
Car -1 -1 0.00 627 161 694 205 -1 -1 -1 -1000 -1000 -1000 -10 -0.988757
Car -1 -1 0.00 141 170 225 224 -1 -1 -1 -1000 -1000 -1000 -10 -1.0079
Car -1 -1 0.00 305 193 335 221 -1 -1 -1 -1000 -1000 -1000 -10 -1.0097
Car -1 -1 0.00 928 145 953 162 -1 -1 -1 -1000 -1000 -1000 -10 -1.02691
