Car -1 -1 0.00 871 173 1024 238 -1 -1 -1 -1000 -1000 -1000 -10 1.1436
Car -1 -1 0.00 383 175 449 223 -1 -1 -1 -1000 -1000 -1000 -10 0.89397
Car -1 -1 0.00 272 175 308 206 -1 -1 -1 -1000 -1000 -1000 -10 0.446992
Car -1 -1 0.00 121 182 235 213 -1 -1 -1 -1000 -1000 -1000 -10 -0.300835
Car -1 -1 0.00 1099 174 1219 221 -1 -1 -1 -1000 -1000 -1000 -10 -0.417639
Car -1 -1 0.00 630 177 705 214 -1 -1 -1 -1000 -1000 -1000 -10 -0.421731
Car -1 -1 0.00 106 181 240 222 -1 -1 -1 -1000 -1000 -1000 -10 -0.427204
Car -1 -1 0.00 393 174 447 223 -1 -1 -1 -1000 -1000 -1000 -10 -0.749615
Car -1 -1 0.00 362 168 426 219 -1 -1 -1 -1000 -1000 -1000 -10 -0.765991
Car -1 -1 0.00 1175 201 1199 223 -1 -1 -1 -1000 -1000 -1000 -10 -0.812652
Car -1 -1 0.00 944 175 1094 233 -1 -1 -1 -1000 -1000 -1000 -10 -0.81444
Car -1 -1 0.00 489 177 546 214 -1 -1 -1 -1000 -1000 -1000 -10 -0.831965
Car -1 -1 0.00 771 87 822 105 -1 -1 -1 -1000 -1000 -1000 -10 -0.846388
Car -1 -1 0.00 1014 177 1093 231 -1 -1 -1 -1000 -1000 -1000 -10 -0.848828
Car -1 -1 0.00 734 182 766 212 -1 -1 -1 -1000 -1000 -1000 -10 -0.921738
Car -1 -1 0.00 107 61 134 82 -1 -1 -1 -1000 -1000 -1000 -10 -0.943799
Car -1 -1 0.00 632 99 667 120 -1 -1 -1 -1000 -1000 -1000 -10 -0.953073
Car -1 -1 0.00 824 70 858 95 -1 -1 -1 -1000 -1000 -1000 -10 -0.990037
Car -1 -1 0.00 165 366 193 376 -1 -1 -1 -1000 -1000 -1000 -10 -0.991191
Car -1 -1 0.00 238 228 273 239 -1 -1 -1 -1000 -1000 -1000 -10 -1.01188
Car -1 -1 0.00 566 113 592 141 -1 -1 -1 -1000 -1000 -1000 -10 -1.01798
Car -1 -1 0.00 1160 358 1189 370 -1 -1 -1 -1000 -1000 -1000 -10 -1.02833
