Car -1 -1 0.00 167 191 353 282 -1 -1 -1 -1000 -1000 -1000 -10 1.49942
Car -1 -1 0.00 354 178 441 240 -1 -1 -1 -1000 -1000 -1000 -10 1.46077
Car -1 -1 0.00 509 167 566 210 -1 -1 -1 -1000 -1000 -1000 -10 0.955909
Car -1 -1 0.00 426 178 485 219 -1 -1 -1 -1000 -1000 -1000 -10 0.416768
Car -1 -1 0.00 1017 90 1041 102 -1 -1 -1 -1000 -1000 -1000 -10 -0.897068
Car -1 -1 0.00 824 344 853 357 -1 -1 -1 -1000 -1000 -1000 -10 -0.957352
Car -1 -1 0.00 456 179 554 208 -1 -1 -1 -1000 -1000 -1000 -10 -0.980554
Car -1 -1 0.00 1064 -2 1209 41 -1 -1 -1 -1000 -1000 -1000 -10 -0.981366
Car -1 -1 0.00 805 173 836 197 -1 -1 -1 -1000 -1000 -1000 -10 -0.986416
Car -1 -1 0.00 328 266 354 289 -1 -1 -1 -1000 -1000 -1000 -10 -1.00447
Car -1 -1 0.00 1093 95 1125 133 -1 -1 -1 -1000 -1000 -1000 -10 -1.01432
Car -1 -1 0.00 901 33 925 43 -1 -1 -1 -1000 -1000 -1000 -10 -1.02082
Car -1 -1 0.00 382 245 456 266 -1 -1 -1 -1000 -1000 -1000 -10 -1.02175
