Car -1 -1 0.00 621 164 677 212 -1 -1 -1 -1000 -1000 -1000 -10 0.926638
Car -1 -1 0.00 406 167 445 189 -1 -1 -1 -1000 -1000 -1000 -10 0.870844
Car -1 -1 0.00 680 165 740 188 -1 -1 -1 -1000 -1000 -1000 -10 0.270817
Car -1 -1 0.00 458 166 484 184 -1 -1 -1 -1000 -1000 -1000 -10 -0.0551021
Car -1 -1 0.00 892 174 929 195 -1 -1 -1 -1000 -1000 -1000 -10 -0.181547
Car -1 -1 0.00 1128 163 1173 199 -1 -1 -1 -1000 -1000 -1000 -10 -0.439241
Car -1 -1 0.00 560 163 586 182 -1 -1 -1 -1000 -1000 -1000 -10 -0.707865
Car -1 -1 0.00 889 175 967 196 -1 -1 -1 -1000 -1000 -1000 -10 -0.73808
Car -1 -1 0.00 695 253 722 278 -1 -1 -1 -1000 -1000 -1000 -10 -0.914579
Car -1 -1 0.00 94 136 121 156 -1 -1 -1 -1000 -1000 -1000 -10 -0.923927
Car -1 -1 0.00 1150 229 1176 251 -1 -1 -1 -1000 -1000 -1000 -10 -0.961168
Car -1 -1 0.00 950 166 1043 210 -1 -1 -1 -1000 -1000 -1000 -10 -0.978926
Car -1 -1 0.00 125 -5 165 8 -1 -1 -1 -1000 -1000 -1000 -10 -0.983519
Car -1 -1 0.00 713 188 753 216 -1 -1 -1 -1000 -1000 -1000 -10 -1.01662
