Car -1 -1 0.00 501 183 555 220 -1 -1 -1 -1000 -1000 -1000 -10 1.65315
Car -1 -1 0.00 677 177 765 244 -1 -1 -1 -1000 -1000 -1000 -10 1.60054
Car -1 -1 0.00 758 174 1069 372 -1 -1 -1 -1000 -1000 -1000 -10 1.51613
Car -1 -1 0.00 419 188 512 256 -1 -1 -1 -1000 -1000 -1000 -10 1.14192
Car -1 -1 0.00 300 190 474 307 -1 -1 -1 -1000 -1000 -1000 -10 0.880953
Car -1 -1 0.00 60 201 394 373 -1 -1 -1 -1000 -1000 -1000 -10 0.483584
Car -1 -1 0.00 634 177 665 200 -1 -1 -1 -1000 -1000 -1000 -10 0.469896
Car -1 -1 0.00 538 178 571 204 -1 -1 -1 -1000 -1000 -1000 -10 -0.099761
Car -1 -1 0.00 345 166 372 187 -1 -1 -1 -1000 -1000 -1000 -10 -0.778468
Car -1 -1 0.00 402 187 464 250 -1 -1 -1 -1000 -1000 -1000 -10 -0.920227
Car -1 -1 0.00 669 175 721 194 -1 -1 -1 -1000 -1000 -1000 -10 -0.94299
Car -1 -1 0.00 252 43 275 70 -1 -1 -1 -1000 -1000 -1000 -10 -0.946333
Car -1 -1 0.00 271 77 305 91 -1 -1 -1 -1000 -1000 -1000 -10 -0.997858
Car -1 -1 0.00 347 76 376 109 -1 -1 -1 -1000 -1000 -1000 -10 -0.998944
Car -1 -1 0.00 1190 184 1233 215 -1 -1 -1 -1000 -1000 -1000 -10 -1.02235
