Car -1 -1 0.00 660 181 717 222 -1 -1 -1 -1000 -1000 -1000 -10 1.7145
Car -1 -1 0.00 692 179 780 247 -1 -1 -1 -1000 -1000 -1000 -10 1.34747
Car -1 -1 0.00 -6 185 393 329 -1 -1 -1 -1000 -1000 -1000 -10 -0.175706
Car -1 -1 0.00 -12 189 387 331 -1 -1 -1 -1000 -1000 -1000 -10 -0.596719
Car -1 -1 0.00 491 169 565 209 -1 -1 -1 -1000 -1000 -1000 -10 -0.634713
Car -1 -1 0.00 641 176 671 203 -1 -1 -1 -1000 -1000 -1000 -10 -0.683786
Car -1 -1 0.00 649 178 706 222 -1 -1 -1 -1000 -1000 -1000 -10 -0.7784
Car -1 -1 0.00 292 158 510 243 -1 -1 -1 -1000 -1000 -1000 -10 -0.823188
Car -1 -1 0.00 848 132 886 176 -1 -1 -1 -1000 -1000 -1000 -10 -0.843094
Car -1 -1 0.00 183 167 429 278 -1 -1 -1 -1000 -1000 -1000 -10 -0.937285
Car -1 -1 0.00 794 187 1260 381 -1 -1 -1 -1000 -1000 -1000 -10 -0.995104
Car -1 -1 0.00 1050 28 1098 53 -1 -1 -1 -1000 -1000 -1000 -10 -1.00843
Car -1 -1 0.00 1042 37 1100 58 -1 -1 -1 -1000 -1000 -1000 -10 -1.01398
Car -1 -1 0.00 613 154 656 189 -1 -1 -1 -1000 -1000 -1000 -10 -1.02938
