Car -1 -1 0.00 738 175 955 243 -1 -1 -1 -1000 -1000 -1000 -10 1.30407
Car -1 -1 0.00 138 202 356 316 -1 -1 -1 -1000 -1000 -1000 -10 0.785284
Car -1 -1 0.00 385 191 464 248 -1 -1 -1 -1000 -1000 -1000 -10 0.272953
Car -1 -1 0.00 684 174 805 227 -1 -1 -1 -1000 -1000 -1000 -10 -0.0850229
Car -1 -1 0.00 596 172 618 191 -1 -1 -1 -1000 -1000 -1000 -10 -0.613113
Car -1 -1 0.00 719 169 966 242 -1 -1 -1 -1000 -1000 -1000 -10 -0.882139
Car -1 -1 0.00 618 176 645 188 -1 -1 -1 -1000 -1000 -1000 -10 -0.91862
Car -1 -1 0.00 943 101 1106 169 -1 -1 -1 -1000 -1000 -1000 -10 -0.969361
Car -1 -1 0.00 1127 190 1161 204 -1 -1 -1 -1000 -1000 -1000 -10 -1.00714
Car -1 -1 0.00 241 -4 285 35 -1 -1 -1 -1000 -1000 -1000 -10 -1.0116
Car -1 -1 0.00 126 59 230 92 -1 -1 -1 -1000 -1000 -1000 -10 -1.02321
