Car -1 -1 0.00 576 173 699 208 -1 -1 -1 -1000 -1000 -1000 -10 1.57392
Car -1 -1 0.00 476 164 524 196 -1 -1 -1 -1000 -1000 -1000 -10 -0.069564
Car -1 -1 0.00 377 177 404 200 -1 -1 -1 -1000 -1000 -1000 -10 -0.888993
Car -1 -1 0.00 183 40 210 68 -1 -1 -1 -1000 -1000 -1000 -10 -0.896231
Car -1 -1 0.00 39 101 86 118 -1 -1 -1 -1000 -1000 -1000 -10 -0.908545
Car -1 -1 0.00 948 154 975 172 -1 -1 -1 -1000 -1000 -1000 -10 -0.934583
Car -1 -1 0.00 841 240 879 253 -1 -1 -1 -1000 -1000 -1000 -10 -0.961793
Car -1 -1 0.00 1101 160 1177 194 -1 -1 -1 -1000 -1000 -1000 -10 -0.996264
Car -1 -1 0.00 963 165 990 186 -1 -1 -1 -1000 -1000 -1000 -10 -1.00093
Car -1 -1 0.00 692 150 717 177 -1 -1 -1 -1000 -1000 -1000 -10 -1.00383
Car -1 -1 0.00 935 57 1161 124 -1 -1 -1 -1000 -1000 -1000 -10 -1.00496
Car -1 -1 0.00 566 152 592 163 -1 -1 -1 -1000 -1000 -1000 -10 -1.0051
Car -1 -1 0.00 359 196 398 230 -1 -1 -1 -1000 -1000 -1000 -10 -1.00854
Car -1 -1 0.00 1236 192 1279 251 -1 -1 -1 -1000 -1000 -1000 -10 -1.02246
