Car -1 -1 0.00 580 172 621 185 -1 -1 -1 -1000 -1000 -1000 -10 0.0761901
Car -1 -1 0.00 457 173 486 187 -1 -1 -1 -1000 -1000 -1000 -10 -0.311648
Car -1 -1 0.00 629 171 670 185 -1 -1 -1 -1000 -1000 -1000 -10 -0.651262
Car -1 -1 0.00 1193 119 1224 144 -1 -1 -1 -1000 -1000 -1000 -10 -0.759809
Car -1 -1 0.00 461 200 490 218 -1 -1 -1 -1000 -1000 -1000 -10 -0.91197
Car -1 -1 0.00 570 175 640 218 -1 -1 -1 -1000 -1000 -1000 -10 -0.91805
Car -1 -1 0.00 749 206 778 226 -1 -1 -1 -1000 -1000 -1000 -10 -0.926136
Car -1 -1 0.00 51 332 80 361 -1 -1 -1 -1000 -1000 -1000 -10 -0.945581
Car -1 -1 0.00 158 125 191 156 -1 -1 -1 -1000 -1000 -1000 -10 -0.965976
Car -1 -1 0.00 68 108 105 119 -1 -1 -1 -1000 -1000 -1000 -10 -1.01712
Car -1 -1 0.00 220 137 284 158 -1 -1 -1 -1000 -1000 -1000 -10 -1.02798
Car -1 -1 0.00 407 112 451 127 -1 -1 -1 -1000 -1000 -1000 -10 -1.02974
