Car -1 -1 0.00 517 187 567 224 -1 -1 -1 -1000 -1000 -1000 -10 1.7296
Car -1 -1 0.00 599 169 675 231 -1 -1 -1 -1000 -1000 -1000 -10 0.187101
Car -1 -1 0.00 97 16 136 47 -1 -1 -1 -1000 -1000 -1000 -10 -0.905077
Car -1 -1 0.00 244 218 270 246 -1 -1 -1 -1000 -1000 -1000 -10 -0.938368
Car -1 -1 0.00 521 185 566 223 -1 -1 -1 -1000 -1000 -1000 -10 -0.961002
Car -1 -1 0.00 552 -2 616 18 -1 -1 -1 -1000 -1000 -1000 -10 -1.00336
Car -1 -1 0.00 933 206 958 232 -1 -1 -1 -1000 -1000 -1000 -10 -1.01482
Car -1 -1 0.00 587 -3 679 26 -1 -1 -1 -1000 -1000 -1000 -10 -1.01942
Car -1 -1 0.00 621 -2 685 18 -1 -1 -1 -1000 -1000 -1000 -10 -1.01998
Car -1 -1 0.00 572 -2 636 18 -1 -1 -1 -1000 -1000 -1000 -10 -1.02096
Car -1 -1 0.00 407 90 437 113 -1 -1 -1 -1000 -1000 -1000 -10 -1.02351
Car -1 -1 0.00 17 325 42 348 -1 -1 -1 -1000 -1000 -1000 -10 -1.02454
Car -1 -1 0.00 459 -3 584 34 -1 -1 -1 -1000 -1000 -1000 -10 -1.02481
Car -1 -1 0.00 530 -2 595 18 -1 -1 -1 -1000 -1000 -1000 -10 -1.025
Car -1 -1 0.00 486 -2 550 18 -1 -1 -1 -1000 -1000 -1000 -10 -1.02638
Car -1 -1 0.00 650 293 688 303 -1 -1 -1 -1000 -1000 -1000 -10 -1.02732
