Car -1 -1 0.00 675 176 765 243 -1 -1 -1 -1000 -1000 -1000 -10 2.29699
Car -1 -1 0.00 728 187 941 328 -1 -1 -1 -1000 -1000 -1000 -10 2.00309
Car -1 -1 0.00 417 176 448 192 -1 -1 -1 -1000 -1000 -1000 -10 1.15056
Car -1 -1 0.00 578 166 649 235 -1 -1 -1 -1000 -1000 -1000 -10 1.04203
Car -1 -1 0.00 446 169 482 191 -1 -1 -1 -1000 -1000 -1000 -10 0.110918
Car -1 -1 0.00 374 175 410 198 -1 -1 -1 -1000 -1000 -1000 -10 -0.0544346
Car -1 -1 0.00 639 175 672 201 -1 -1 -1 -1000 -1000 -1000 -10 -0.124686
Car -1 -1 0.00 -4 169 138 234 -1 -1 -1 -1000 -1000 -1000 -10 -0.260199
Car -1 -1 0.00 431 177 464 191 -1 -1 -1 -1000 -1000 -1000 -10 -0.843558
Car -1 -1 0.00 653 176 723 222 -1 -1 -1 -1000 -1000 -1000 -10 -0.900604
Car -1 -1 0.00 321 38 359 78 -1 -1 -1 -1000 -1000 -1000 -10 -0.986707
Car -1 -1 0.00 1 257 65 281 -1 -1 -1 -1000 -1000 -1000 -10 -0.989855
Car -1 -1 0.00 539 56 569 93 -1 -1 -1 -1000 -1000 -1000 -10 -0.9989
Car -1 -1 0.00 24 339 55 360 -1 -1 -1 -1000 -1000 -1000 -10 -1.01227
Car -1 -1 0.00 229 157 275 186 -1 -1 -1 -1000 -1000 -1000 -10 -1.01684
Car -1 -1 0.00 960 197 984 224 -1 -1 -1 -1000 -1000 -1000 -10 -1.01753
