Car -1 -1 0.00 391 188 515 271 -1 -1 -1 -1000 -1000 -1000 -10 1.98633
Car -1 -1 0.00 976 181 1065 220 -1 -1 -1 -1000 -1000 -1000 -10 0.29908
Car -1 -1 0.00 390 192 516 281 -1 -1 -1 -1000 -1000 -1000 -10 -0.36325
Car -1 -1 0.00 564 182 587 198 -1 -1 -1 -1000 -1000 -1000 -10 -0.407225
Car -1 -1 0.00 769 172 806 199 -1 -1 -1 -1000 -1000 -1000 -10 -0.74692
Car -1 -1 0.00 1056 181 1177 230 -1 -1 -1 -1000 -1000 -1000 -10 -0.773178
Car -1 -1 0.00 465 350 508 374 -1 -1 -1 -1000 -1000 -1000 -10 -0.875366
Car -1 -1 0.00 230 210 262 242 -1 -1 -1 -1000 -1000 -1000 -10 -0.940016
Car -1 -1 0.00 194 140 220 152 -1 -1 -1 -1000 -1000 -1000 -10 -0.969757
Car -1 -1 0.00 85 122 110 134 -1 -1 -1 -1000 -1000 -1000 -10 -0.97173
Car -1 -1 0.00 173 85 230 105 -1 -1 -1 -1000 -1000 -1000 -10 -0.979358
Car -1 -1 0.00 799 290 866 318 -1 -1 -1 -1000 -1000 -1000 -10 -0.98187
Car -1 -1 0.00 353 352 398 367 -1 -1 -1 -1000 -1000 -1000 -10 -0.99201
Car -1 -1 0.00 706 -2 762 44 -1 -1 -1 -1000 -1000 -1000 -10 -0.992861
Car -1 -1 0.00 1036 230 1119 317 -1 -1 -1 -1000 -1000 -1000 -10 -0.997029
Car -1 -1 0.00 89 213 112 243 -1 -1 -1 -1000 -1000 -1000 -10 -0.998541
Car -1 -1 0.00 13 136 42 166 -1 -1 -1 -1000 -1000 -1000 -10 -1.00289
Car -1 -1 0.00 83 202 107 232 -1 -1 -1 -1000 -1000 -1000 -10 -1.00887
Car -1 -1 0.00 239 264 306 307 -1 -1 -1 -1000 -1000 -1000 -10 -1.01648
Car -1 -1 0.00 381 208 406 229 -1 -1 -1 -1000 -1000 -1000 -10 -1.029
