Car -1 -1 0.00 776 170 875 264 -1 -1 -1 -1000 -1000 -1000 -10 1.58979
Car -1 -1 0.00 331 186 522 279 -1 -1 -1 -1000 -1000 -1000 -10 1.52773
Car -1 -1 0.00 709 174 770 213 -1 -1 -1 -1000 -1000 -1000 -10 1.26728
Car -1 -1 0.00 580 166 697 235 -1 -1 -1 -1000 -1000 -1000 -10 0.317961
Car -1 -1 0.00 898 176 927 196 -1 -1 -1 -1000 -1000 -1000 -10 0.222459
Car -1 -1 0.00 861 175 887 193 -1 -1 -1 -1000 -1000 -1000 -10 0.200142
Car -1 -1 0.00 534 199 562 218 -1 -1 -1 -1000 -1000 -1000 -10 -0.767698
Car -1 -1 0.00 978 200 1139 251 -1 -1 -1 -1000 -1000 -1000 -10 -0.855044
Car -1 -1 0.00 1182 171 1219 182 -1 -1 -1 -1000 -1000 -1000 -10 -0.864828
Car -1 -1 0.00 790 348 821 374 -1 -1 -1 -1000 -1000 -1000 -10 -0.927741
Car -1 -1 0.00 813 356 841 377 -1 -1 -1 -1000 -1000 -1000 -10 -0.936335
Car -1 -1 0.00 968 196 1019 223 -1 -1 -1 -1000 -1000 -1000 -10 -0.95657
Car -1 -1 0.00 837 165 905 191 -1 -1 -1 -1000 -1000 -1000 -10 -0.97467
Car -1 -1 0.00 734 212 762 233 -1 -1 -1 -1000 -1000 -1000 -10 -1.01481
Car -1 -1 0.00 793 334 844 364 -1 -1 -1 -1000 -1000 -1000 -10 -1.01855
Car -1 -1 0.00 964 221 1015 236 -1 -1 -1 -1000 -1000 -1000 -10 -1.02045
Car -1 -1 0.00 320 147 343 160 -1 -1 -1 -1000 -1000 -1000 -10 -1.02133
Car -1 -1 0.00 142 38 176 50 -1 -1 -1 -1000 -1000 -1000 -10 -1.02959
