Car -1 -1 0.00 477 186 543 231 -1 -1 -1 -1000 -1000 -1000 -10 1.83778
Car -1 -1 0.00 730 193 905 307 -1 -1 -1 -1000 -1000 -1000 -10 1.82492
Car -1 -1 0.00 664 185 727 230 -1 -1 -1 -1000 -1000 -1000 -10 1.57118
Car -1 -1 0.00 541 185 570 208 -1 -1 -1 -1000 -1000 -1000 -10 0.616563
Car -1 -1 0.00 649 184 692 219 -1 -1 -1 -1000 -1000 -1000 -10 0.300076
Car -1 -1 0.00 474 181 511 202 -1 -1 -1 -1000 -1000 -1000 -10 -0.435779
Car -1 -1 0.00 245 193 313 222 -1 -1 -1 -1000 -1000 -1000 -10 -0.820261
Car -1 -1 0.00 995 346 1021 375 -1 -1 -1 -1000 -1000 -1000 -10 -0.909281
Car -1 -1 0.00 964 282 991 301 -1 -1 -1 -1000 -1000 -1000 -10 -0.92257
Car -1 -1 0.00 775 102 822 137 -1 -1 -1 -1000 -1000 -1000 -10 -0.995474
Car -1 -1 0.00 1124 288 1150 306 -1 -1 -1 -1000 -1000 -1000 -10 -1.00382
Car -1 -1 0.00 291 116 415 202 -1 -1 -1 -1000 -1000 -1000 -10 -1.00828
Car -1 -1 0.00 218 268 242 279 -1 -1 -1 -1000 -1000 -1000 -10 -1.01208
Car -1 -1 0.00 985 281 1015 302 -1 -1 -1 -1000 -1000 -1000 -10 -1.01504
Car -1 -1 0.00 -25 219 33 288 -1 -1 -1 -1000 -1000 -1000 -10 -1.01604
Car -1 -1 0.00 566 34 592 57 -1 -1 -1 -1000 -1000 -1000 -10 -1.02831
