Car -1 -1 0.00 55 205 300 345 -1 -1 -1 -1000 -1000 -1000 -10 1.59101
Car -1 -1 0.00 754 175 1020 254 -1 -1 -1 -1000 -1000 -1000 -10 1.50889
Car -1 -1 0.00 360 192 445 255 -1 -1 -1 -1000 -1000 -1000 -10 0.259305
Car -1 -1 0.00 703 176 845 233 -1 -1 -1 -1000 -1000 -1000 -10 -0.11499
Car -1 -1 0.00 550 169 575 192 -1 -1 -1 -1000 -1000 -1000 -10 -0.785267
Car -1 -1 0.00 599 174 621 190 -1 -1 -1 -1000 -1000 -1000 -10 -0.818769
Car -1 -1 0.00 411 37 443 58 -1 -1 -1 -1000 -1000 -1000 -10 -0.826733
Car -1 -1 0.00 297 290 331 311 -1 -1 -1 -1000 -1000 -1000 -10 -0.834362
Car -1 -1 0.00 16 314 70 362 -1 -1 -1 -1000 -1000 -1000 -10 -0.837955
Car -1 -1 0.00 170 217 195 242 -1 -1 -1 -1000 -1000 -1000 -10 -0.941834
Car -1 -1 0.00 658 175 713 214 -1 -1 -1 -1000 -1000 -1000 -10 -0.954921
Car -1 -1 0.00 687 334 725 349 -1 -1 -1 -1000 -1000 -1000 -10 -0.959331
Car -1 -1 0.00 598 257 645 274 -1 -1 -1 -1000 -1000 -1000 -10 -0.985628
Car -1 -1 0.00 622 175 648 187 -1 -1 -1 -1000 -1000 -1000 -10 -1.00131
Car -1 -1 0.00 1039 353 1154 385 -1 -1 -1 -1000 -1000 -1000 -10 -1.0076
Car -1 -1 0.00 128 46 253 88 -1 -1 -1 -1000 -1000 -1000 -10 -1.01996
Car -1 -1 0.00 0 6 38 18 -1 -1 -1 -1000 -1000 -1000 -10 -1.02156
