Car -1 -1 0.00 774 176 873 239 -1 -1 -1 -1000 -1000 -1000 -10 1.18559
Car -1 -1 0.00 522 179 594 207 -1 -1 -1 -1000 -1000 -1000 -10 1.18472
Car -1 -1 0.00 338 187 430 216 -1 -1 -1 -1000 -1000 -1000 -10 1.13054
Car -1 -1 0.00 621 172 657 196 -1 -1 -1 -1000 -1000 -1000 -10 1.01079
Car -1 -1 0.00 450 183 488 204 -1 -1 -1 -1000 -1000 -1000 -10 -0.266045
Car -1 -1 0.00 496 179 522 196 -1 -1 -1 -1000 -1000 -1000 -10 -0.511284
Car -1 -1 0.00 75 184 239 230 -1 -1 -1 -1000 -1000 -1000 -10 -0.554251
Car -1 -1 0.00 281 184 365 218 -1 -1 -1 -1000 -1000 -1000 -10 -0.689775
Car -1 -1 0.00 213 189 316 229 -1 -1 -1 -1000 -1000 -1000 -10 -0.776676
Car -1 -1 0.00 646 120 699 145 -1 -1 -1 -1000 -1000 -1000 -10 -0.948959
Car -1 -1 0.00 158 189 255 227 -1 -1 -1 -1000 -1000 -1000 -10 -0.964271
Car -1 -1 0.00 628 108 655 135 -1 -1 -1 -1000 -1000 -1000 -10 -1.01323
Car -1 -1 0.00 1100 229 1167 247 -1 -1 -1 -1000 -1000 -1000 -10 -1.01577
Car -1 -1 0.00 955 226 996 254 -1 -1 -1 -1000 -1000 -1000 -10 -1.01662
Car -1 -1 0.00 463 182 497 204 -1 -1 -1 -1000 -1000 -1000 -10 -1.02877
