Car -1 -1 0.00 647 162 699 179 -1 -1 -1 -1000 -1000 -1000 -10 -0.852791
Car -1 -1 0.00 1118 106 1141 134 -1 -1 -1 -1000 -1000 -1000 -10 -0.893927
Car -1 -1 0.00 45 124 77 158 -1 -1 -1 -1000 -1000 -1000 -10 -0.903996
Car -1 -1 0.00 417 356 454 368 -1 -1 -1 -1000 -1000 -1000 -10 -0.966334
Car -1 -1 0.00 961 180 1003 218 -1 -1 -1 -1000 -1000 -1000 -10 -0.988975
Car -1 -1 0.00 1180 305 1220 336 -1 -1 -1 -1000 -1000 -1000 -10 -1.01487
Car -1 -1 0.00 363 57 395 80 -1 -1 -1 -1000 -1000 -1000 -10 -1.01714
Car -1 -1 0.00 783 364 835 379 -1 -1 -1 -1000 -1000 -1000 -10 -1.01813
Car -1 -1 0.00 897 193 929 226 -1 -1 -1 -1000 -1000 -1000 -10 -1.02463
Car -1 -1 0.00 596 346 640 375 -1 -1 -1 -1000 -1000 -1000 -10 -1.02602
