Car -1 -1 0.00 350 189 447 233 -1 -1 -1 -1000 -1000 -1000 -10 1.99452
Car -1 -1 0.00 648 184 690 220 -1 -1 -1 -1000 -1000 -1000 -10 0.882274
Car -1 -1 0.00 731 182 774 221 -1 -1 -1 -1000 -1000 -1000 -10 0.131944
Car -1 -1 0.00 30 225 140 276 -1 -1 -1 -1000 -1000 -1000 -10 -0.0211026
Car -1 -1 0.00 31 200 238 279 -1 -1 -1 -1000 -1000 -1000 -10 -0.424782
Car -1 -1 0.00 495 182 542 216 -1 -1 -1 -1000 -1000 -1000 -10 -0.425634
Car -1 -1 0.00 427 173 459 205 -1 -1 -1 -1000 -1000 -1000 -10 -0.842899
Car -1 -1 0.00 1020 89 1102 133 -1 -1 -1 -1000 -1000 -1000 -10 -0.898567
Car -1 -1 0.00 172 107 200 138 -1 -1 -1 -1000 -1000 -1000 -10 -0.919227
Car -1 -1 0.00 694 202 722 221 -1 -1 -1 -1000 -1000 -1000 -10 -0.924757
Car -1 -1 0.00 1062 8 1087 36 -1 -1 -1 -1000 -1000 -1000 -10 -0.931099
Car -1 -1 0.00 933 236 1020 273 -1 -1 -1 -1000 -1000 -1000 -10 -0.954275
Car -1 -1 0.00 38 169 250 276 -1 -1 -1 -1000 -1000 -1000 -10 -0.97302
Car -1 -1 0.00 1058 76 1090 108 -1 -1 -1 -1000 -1000 -1000 -10 -1.01839
