Car -1 -1 0.00 277 188 411 236 -1 -1 -1 -1000 -1000 -1000 -10 1.67785
Car -1 -1 0.00 764 175 907 225 -1 -1 -1 -1000 -1000 -1000 -10 1.453
Car -1 -1 0.00 525 159 725 246 -1 -1 -1 -1000 -1000 -1000 -10 1.0103
Car -1 -1 0.00 641 157 685 174 -1 -1 -1 -1000 -1000 -1000 -10 -0.732254
Car -1 -1 0.00 392 195 443 206 -1 -1 -1 -1000 -1000 -1000 -10 -0.926239
Car -1 -1 0.00 813 272 846 302 -1 -1 -1 -1000 -1000 -1000 -10 -0.943906
Car -1 -1 0.00 1187 201 1220 223 -1 -1 -1 -1000 -1000 -1000 -10 -0.959042
Car -1 -1 0.00 1040 144 1098 164 -1 -1 -1 -1000 -1000 -1000 -10 -0.994666
Car -1 -1 0.00 1161 211 1194 225 -1 -1 -1 -1000 -1000 -1000 -10 -1.00409
Car -1 -1 0.00 945 128 978 140 -1 -1 -1 -1000 -1000 -1000 -10 -1.01436
