Car -1 -1 0.00 193 179 279 211 -1 -1 -1 -1000 -1000 -1000 -10 0.716394
Car -1 -1 0.00 508 178 585 200 -1 -1 -1 -1000 -1000 -1000 -10 0.580113
Car -1 -1 0.00 1043 290 1232 374 -1 -1 -1 -1000 -1000 -1000 -10 -0.565257
Car -1 -1 0.00 475 164 524 198 -1 -1 -1 -1000 -1000 -1000 -10 -0.766515
Car -1 -1 0.00 38 101 86 118 -1 -1 -1 -1000 -1000 -1000 -10 -0.896014
Car -1 -1 0.00 183 40 210 68 -1 -1 -1 -1000 -1000 -1000 -10 -0.942203
Car -1 -1 0.00 522 175 585 198 -1 -1 -1 -1000 -1000 -1000 -10 -0.948678
Car -1 -1 0.00 184 76 209 103 -1 -1 -1 -1000 -1000 -1000 -10 -0.954495
Car -1 -1 0.00 191 191 225 212 -1 -1 -1 -1000 -1000 -1000 -10 -0.96566
Car -1 -1 0.00 841 240 879 254 -1 -1 -1 -1000 -1000 -1000 -10 -0.979944
Car -1 -1 0.00 359 196 398 230 -1 -1 -1 -1000 -1000 -1000 -10 -0.986581
Car -1 -1 0.00 187 112 215 139 -1 -1 -1 -1000 -1000 -1000 -10 -1.00343
Car -1 -1 0.00 566 151 592 163 -1 -1 -1 -1000 -1000 -1000 -10 -1.00663
Car -1 -1 0.00 793 129 824 143 -1 -1 -1 -1000 -1000 -1000 -10 -1.00852
Car -1 -1 0.00 209 136 261 187 -1 -1 -1 -1000 -1000 -1000 -10 -1.01127
Car -1 -1 0.00 367 241 455 266 -1 -1 -1 -1000 -1000 -1000 -10 -1.01896
Car -1 -1 0.00 377 177 404 200 -1 -1 -1 -1000 -1000 -1000 -10 -1.02142
