Car -1 -1 0.00 863 173 913 195 -1 -1 -1 -1000 -1000 -1000 -10 0.524251
Car -1 -1 0.00 984 170 1065 203 -1 -1 -1 -1000 -1000 -1000 -10 -0.327711
Car -1 -1 0.00 731 171 766 192 -1 -1 -1 -1000 -1000 -1000 -10 -0.868722
Car -1 -1 0.00 802 333 930 374 -1 -1 -1 -1000 -1000 -1000 -10 -0.880827
Car -1 -1 0.00 821 171 867 192 -1 -1 -1 -1000 -1000 -1000 -10 -0.907194
Car -1 -1 0.00 669 163 718 185 -1 -1 -1 -1000 -1000 -1000 -10 -0.967021
Car -1 -1 0.00 706 168 759 189 -1 -1 -1 -1000 -1000 -1000 -10 -0.974307
Car -1 -1 0.00 866 170 915 194 -1 -1 -1 -1000 -1000 -1000 -10 -0.975071
Car -1 -1 0.00 699 169 723 189 -1 -1 -1 -1000 -1000 -1000 -10 -0.975739
Car -1 -1 0.00 1166 119 1239 202 -1 -1 -1 -1000 -1000 -1000 -10 -0.977702
Car -1 -1 0.00 541 -3 575 34 -1 -1 -1 -1000 -1000 -1000 -10 -0.994159
Car -1 -1 0.00 357 180 414 233 -1 -1 -1 -1000 -1000 -1000 -10 -1.01425
Car -1 -1 0.00 1099 244 1141 258 -1 -1 -1 -1000 -1000 -1000 -10 -1.01457
Car -1 -1 0.00 557 32 702 89 -1 -1 -1 -1000 -1000 -1000 -10 -1.01831
Car -1 -1 0.00 1109 290 1144 301 -1 -1 -1 -1000 -1000 -1000 -10 -1.0214
Car -1 -1 0.00 707 170 735 186 -1 -1 -1 -1000 -1000 -1000 -10 -1.02151
Car -1 -1 0.00 777 80 801 106 -1 -1 -1 -1000 -1000 -1000 -10 -1.02358
