Car -1 -1 0.00 615 186 669 225 -1 -1 -1 -1000 -1000 -1000 -10 0.965949
Car -1 -1 0.00 876 180 1248 352 -1 -1 -1 -1000 -1000 -1000 -10 0.367594
Car -1 -1 0.00 478 182 535 226 -1 -1 -1 -1000 -1000 -1000 -10 -0.437793
Car -1 -1 0.00 712 168 878 250 -1 -1 -1 -1000 -1000 -1000 -10 -0.528564
Car -1 -1 0.00 699 177 812 225 -1 -1 -1 -1000 -1000 -1000 -10 -0.568106
Car -1 -1 0.00 834 188 981 304 -1 -1 -1 -1000 -1000 -1000 -10 -0.788089
Car -1 -1 0.00 460 181 529 213 -1 -1 -1 -1000 -1000 -1000 -10 -0.860601
Car -1 -1 0.00 1043 62 1072 76 -1 -1 -1 -1000 -1000 -1000 -10 -0.95016
Car -1 -1 0.00 353 157 381 170 -1 -1 -1 -1000 -1000 -1000 -10 -1.00359
Car -1 -1 0.00 81 288 117 329 -1 -1 -1 -1000 -1000 -1000 -10 -1.00959
Car -1 -1 0.00 285 145 310 167 -1 -1 -1 -1000 -1000 -1000 -10 -1.02432
Car -1 -1 0.00 447 48 499 105 -1 -1 -1 -1000 -1000 -1000 -10 -1.02446
