Car -1 -1 0.00 1027 167 1244 255 -1 -1 -1 -1000 -1000 -1000 -10 0.921512
Car -1 -1 0.00 441 176 513 229 -1 -1 -1 -1000 -1000 -1000 -10 0.681162
Car -1 -1 0.00 342 180 375 209 -1 -1 -1 -1000 -1000 -1000 -10 0.312202
Car -1 -1 0.00 179 185 293 216 -1 -1 -1 -1000 -1000 -1000 -10 0.277747
Car -1 -1 0.00 715 179 804 219 -1 -1 -1 -1000 -1000 -1000 -10 -0.367664
Car -1 -1 0.00 558 176 612 216 -1 -1 -1 -1000 -1000 -1000 -10 -0.408206
Car -1 -1 0.00 375 181 402 197 -1 -1 -1 -1000 -1000 -1000 -10 -0.670078
Car -1 -1 0.00 774 196 807 218 -1 -1 -1 -1000 -1000 -1000 -10 -0.830058
Car -1 -1 0.00 309 -1 333 21 -1 -1 -1 -1000 -1000 -1000 -10 -0.861748
Car -1 -1 0.00 847 67 892 95 -1 -1 -1 -1000 -1000 -1000 -10 -0.911136
Car -1 -1 0.00 1091 100 1136 115 -1 -1 -1 -1000 -1000 -1000 -10 -0.997332
Car -1 -1 0.00 179 308 205 320 -1 -1 -1 -1000 -1000 -1000 -10 -1.00669
Car -1 -1 0.00 507 216 550 228 -1 -1 -1 -1000 -1000 -1000 -10 -1.02801
Car -1 -1 0.00 268 257 311 269 -1 -1 -1 -1000 -1000 -1000 -10 -1.02957
