Car -1 -1 0.00 695 182 796 247 -1 -1 -1 -1000 -1000 -1000 -10 1.72075
Car -1 -1 0.00 598 175 624 200 -1 -1 -1 -1000 -1000 -1000 -10 1.62329
Car -1 -1 0.00 679 179 732 225 -1 -1 -1 -1000 -1000 -1000 -10 1.12571
Car -1 -1 0.00 815 193 1107 364 -1 -1 -1 -1000 -1000 -1000 -10 0.808284
Car -1 -1 0.00 665 176 711 215 -1 -1 -1 -1000 -1000 -1000 -10 -0.201412
Car -1 -1 0.00 655 177 697 214 -1 -1 -1 -1000 -1000 -1000 -10 -0.255216
Car -1 -1 0.00 966 182 1001 197 -1 -1 -1 -1000 -1000 -1000 -10 -0.561651
Car -1 -1 0.00 779 228 1119 366 -1 -1 -1 -1000 -1000 -1000 -10 -0.936221
Car -1 -1 0.00 751 124 780 142 -1 -1 -1 -1000 -1000 -1000 -10 -0.966344
Car -1 -1 0.00 136 -2 274 33 -1 -1 -1 -1000 -1000 -1000 -10 -0.998887
Car -1 -1 0.00 669 187 703 218 -1 -1 -1 -1000 -1000 -1000 -10 -1.00149
Car -1 -1 0.00 224 274 253 287 -1 -1 -1 -1000 -1000 -1000 -10 -1.00502
Car -1 -1 0.00 735 107 775 139 -1 -1 -1 -1000 -1000 -1000 -10 -1.00768
Car -1 -1 0.00 1086 185 1115 199 -1 -1 -1 -1000 -1000 -1000 -10 -1.02189
Car -1 -1 0.00 1019 144 1047 162 -1 -1 -1 -1000 -1000 -1000 -10 -1.02958
