Car -1 -1 0.00 604 176 648 214 -1 -1 -1 -1000 -1000 -1000 -10 1.27111
Car -1 -1 0.00 398 187 508 254 -1 -1 -1 -1000 -1000 -1000 -10 0.66213
Car -1 -1 0.00 571 171 595 193 -1 -1 -1 -1000 -1000 -1000 -10 -0.672072
Car -1 -1 0.00 572 142 603 179 -1 -1 -1 -1000 -1000 -1000 -10 -0.790792
Car -1 -1 0.00 342 167 376 201 -1 -1 -1 -1000 -1000 -1000 -10 -0.802702
Car -1 -1 0.00 851 80 877 116 -1 -1 -1 -1000 -1000 -1000 -10 -0.978714
Car -1 -1 0.00 508 144 531 170 -1 -1 -1 -1000 -1000 -1000 -10 -0.985559
Car -1 -1 0.00 439 167 471 189 -1 -1 -1 -1000 -1000 -1000 -10 -0.995808
Car -1 -1 0.00 528 135 556 165 -1 -1 -1 -1000 -1000 -1000 -10 -1.00986
Car -1 -1 0.00 1161 83 1190 117 -1 -1 -1 -1000 -1000 -1000 -10 -1.01057
Car -1 -1 0.00 850 97 884 142 -1 -1 -1 -1000 -1000 -1000 -10 -1.01739
Car -1 -1 0.00 1137 81 1166 114 -1 -1 -1 -1000 -1000 -1000 -10 -1.02199
Car -1 -1 0.00 131 362 159 387 -1 -1 -1 -1000 -1000 -1000 -10 -1.02724
