Car -1 -1 0.00 273 172 350 205 -1 -1 -1 -1000 -1000 -1000 -10 -0.665185
Car -1 -1 0.00 190 75 216 103 -1 -1 -1 -1000 -1000 -1000 -10 -0.881295
Car -1 -1 0.00 290 204 335 236 -1 -1 -1 -1000 -1000 -1000 -10 -0.883275
Car -1 -1 0.00 339 190 383 228 -1 -1 -1 -1000 -1000 -1000 -10 -0.902345
Car -1 -1 0.00 696 0 968 94 -1 -1 -1 -1000 -1000 -1000 -10 -0.982728
Car -1 -1 0.00 793 -2 829 25 -1 -1 -1 -1000 -1000 -1000 -10 -0.985375
Car -1 -1 0.00 1085 254 1114 277 -1 -1 -1 -1000 -1000 -1000 -10 -0.994324
Car -1 -1 0.00 221 -6 269 6 -1 -1 -1 -1000 -1000 -1000 -10 -1.01627
Car -1 -1 0.00 1228 -12 1251 16 -1 -1 -1 -1000 -1000 -1000 -10 -1.02269
Car -1 -1 0.00 1050 314 1089 344 -1 -1 -1 -1000 -1000 -1000 -10 -1.02339
Car -1 -1 0.00 1178 102 1228 159 -1 -1 -1 -1000 -1000 -1000 -10 -1.02886
