Car -1 -1 0.00 735 174 763 192 -1 -1 -1 -1000 -1000 -1000 -10 0.0417088
Car -1 -1 0.00 754 169 793 192 -1 -1 -1 -1000 -1000 -1000 -10 -0.572155
Car -1 -1 0.00 776 173 829 200 -1 -1 -1 -1000 -1000 -1000 -10 -0.641277
Car -1 -1 0.00 933 167 980 201 -1 -1 -1 -1000 -1000 -1000 -10 -0.743562
Car -1 -1 0.00 906 132 941 162 -1 -1 -1 -1000 -1000 -1000 -10 -0.845991
Car -1 -1 0.00 852 165 941 198 -1 -1 -1 -1000 -1000 -1000 -10 -0.916774
Car -1 -1 0.00 173 236 220 272 -1 -1 -1 -1000 -1000 -1000 -10 -0.973437
Car -1 -1 0.00 989 170 1094 209 -1 -1 -1 -1000 -1000 -1000 -10 -1.01964
Car -1 -1 0.00 966 224 1000 244 -1 -1 -1 -1000 -1000 -1000 -10 -1.02293
Car -1 -1 0.00 879 36 920 50 -1 -1 -1 -1000 -1000 -1000 -10 -1.02901
