Car -1 -1 0.00 758 184 1026 361 -1 -1 -1 -1000 -1000 -1000 -10 1.06061
Car -1 -1 0.00 666 179 749 243 -1 -1 -1 -1000 -1000 -1000 -10 1.02321
Car -1 -1 0.00 333 184 389 222 -1 -1 -1 -1000 -1000 -1000 -10 -0.202767
Car -1 -1 0.00 646 179 748 245 -1 -1 -1 -1000 -1000 -1000 -10 -0.490103
Car -1 -1 0.00 244 250 372 338 -1 -1 -1 -1000 -1000 -1000 -10 -0.719469
Car -1 -1 0.00 556 175 586 201 -1 -1 -1 -1000 -1000 -1000 -10 -0.753457
Car -1 -1 0.00 166 85 234 157 -1 -1 -1 -1000 -1000 -1000 -10 -0.847828
Car -1 -1 0.00 1084 248 1139 288 -1 -1 -1 -1000 -1000 -1000 -10 -0.870426
Car -1 -1 0.00 329 353 355 372 -1 -1 -1 -1000 -1000 -1000 -10 -0.895774
Car -1 -1 0.00 750 168 775 188 -1 -1 -1 -1000 -1000 -1000 -10 -0.897481
Car -1 -1 0.00 1097 280 1122 300 -1 -1 -1 -1000 -1000 -1000 -10 -0.973307
Car -1 -1 0.00 290 159 320 190 -1 -1 -1 -1000 -1000 -1000 -10 -0.977708
Car -1 -1 0.00 1185 232 1223 243 -1 -1 -1 -1000 -1000 -1000 -10 -0.98951
Car -1 -1 0.00 752 323 778 343 -1 -1 -1 -1000 -1000 -1000 -10 -0.996913
Car -1 -1 0.00 645 174 678 203 -1 -1 -1 -1000 -1000 -1000 -10 -0.997156
Car -1 -1 0.00 701 348 736 359 -1 -1 -1 -1000 -1000 -1000 -10 -1.01007
Car -1 -1 0.00 561 90 607 113 -1 -1 -1 -1000 -1000 -1000 -10 -1.02047
Car -1 -1 0.00 683 319 726 333 -1 -1 -1 -1000 -1000 -1000 -10 -1.02922
