Car -1 -1 0.00 639 168 699 218 -1 -1 -1 -1000 -1000 -1000 -10 0.882048
Car -1 -1 0.00 1109 199 1140 229 -1 -1 -1 -1000 -1000 -1000 -10 -0.92375
Car -1 -1 0.00 138 155 169 176 -1 -1 -1 -1000 -1000 -1000 -10 -0.948987
Car -1 -1 0.00 629 173 658 197 -1 -1 -1 -1000 -1000 -1000 -10 -0.97391
Car -1 -1 0.00 1089 225 1127 251 -1 -1 -1 -1000 -1000 -1000 -10 -0.978893
Car -1 -1 0.00 112 121 141 145 -1 -1 -1 -1000 -1000 -1000 -10 -0.994749
Car -1 -1 0.00 507 -2 586 22 -1 -1 -1 -1000 -1000 -1000 -10 -0.995051
Car -1 -1 0.00 251 180 295 209 -1 -1 -1 -1000 -1000 -1000 -10 -1.00343
Car -1 -1 0.00 559 346 596 384 -1 -1 -1 -1000 -1000 -1000 -10 -1.00991
Car -1 -1 0.00 287 75 310 88 -1 -1 -1 -1000 -1000 -1000 -10 -1.01272
Car -1 -1 0.00 981 240 1016 251 -1 -1 -1 -1000 -1000 -1000 -10 -1.01366
Car -1 -1 0.00 245 128 309 159 -1 -1 -1 -1000 -1000 -1000 -10 -1.02239
Car -1 -1 0.00 1038 214 1068 248 -1 -1 -1 -1000 -1000 -1000 -10 -1.02992
