Car -1 -1 0.00 782 172 838 201 -1 -1 -1 -1000 -1000 -1000 -10 1.76297
Car -1 -1 0.00 945 156 975 175 -1 -1 -1 -1000 -1000 -1000 -10 -0.218327
Car -1 -1 0.00 915 344 944 357 -1 -1 -1 -1000 -1000 -1000 -10 -0.823552
Car -1 -1 0.00 617 112 645 139 -1 -1 -1 -1000 -1000 -1000 -10 -0.893627
Car -1 -1 0.00 1180 251 1220 273 -1 -1 -1 -1000 -1000 -1000 -10 -0.909467
Car -1 -1 0.00 854 174 949 250 -1 -1 -1 -1000 -1000 -1000 -10 -0.923964
Car -1 -1 0.00 517 288 540 316 -1 -1 -1 -1000 -1000 -1000 -10 -0.950217
Car -1 -1 0.00 1117 318 1148 347 -1 -1 -1 -1000 -1000 -1000 -10 -0.957492
Car -1 -1 0.00 856 160 919 187 -1 -1 -1 -1000 -1000 -1000 -10 -0.959363
Car -1 -1 0.00 132 113 326 170 -1 -1 -1 -1000 -1000 -1000 -10 -0.970158
Car -1 -1 0.00 1085 6 1157 42 -1 -1 -1 -1000 -1000 -1000 -10 -0.983295
Car -1 -1 0.00 497 -29 590 59 -1 -1 -1 -1000 -1000 -1000 -10 -0.997707
Car -1 -1 0.00 102 277 135 297 -1 -1 -1 -1000 -1000 -1000 -10 -1.00239
