Car -1 -1 0.00 1022 91 1131 123 -1 -1 -1 -1000 -1000 -1000 -10 -0.806813
Car -1 -1 0.00 942 335 1040 369 -1 -1 -1 -1000 -1000 -1000 -10 -0.827171
Car -1 -1 0.00 789 114 828 135 -1 -1 -1 -1000 -1000 -1000 -10 -0.884671
Car -1 -1 0.00 106 89 185 127 -1 -1 -1 -1000 -1000 -1000 -10 -0.925997
Car -1 -1 0.00 442 169 470 183 -1 -1 -1 -1000 -1000 -1000 -10 -1.00056
Car -1 -1 0.00 914 103 967 129 -1 -1 -1 -1000 -1000 -1000 -10 -1.00413
Car -1 -1 0.00 611 347 638 369 -1 -1 -1 -1000 -1000 -1000 -10 -1.01315
Car -1 -1 0.00 553 262 625 342 -1 -1 -1 -1000 -1000 -1000 -10 -1.01804
Car -1 -1 0.00 250 123 305 151 -1 -1 -1 -1000 -1000 -1000 -10 -1.01917
Car -1 -1 0.00 988 50 1014 64 -1 -1 -1 -1000 -1000 -1000 -10 -1.0245
