Car -1 -1 0.00 590 179 621 207 -1 -1 -1 -1000 -1000 -1000 -10 0.854697
Car -1 -1 0.00 766 187 1054 323 -1 -1 -1 -1000 -1000 -1000 -10 0.785536
Car -1 -1 0.00 751 173 882 274 -1 -1 -1 -1000 -1000 -1000 -10 0.0253997
Car -1 -1 0.00 1192 233 1231 267 -1 -1 -1 -1000 -1000 -1000 -10 -0.892039
Car -1 -1 0.00 148 246 174 257 -1 -1 -1 -1000 -1000 -1000 -10 -0.944299
Car -1 -1 0.00 1170 216 1208 242 -1 -1 -1 -1000 -1000 -1000 -10 -0.951538
Car -1 -1 0.00 608 75 654 108 -1 -1 -1 -1000 -1000 -1000 -10 -0.980605
Car -1 -1 0.00 1147 158 1176 172 -1 -1 -1 -1000 -1000 -1000 -10 -0.988151
Car -1 -1 0.00 421 83 458 113 -1 -1 -1 -1000 -1000 -1000 -10 -1.01255
Car -1 -1 0.00 360 58 437 118 -1 -1 -1 -1000 -1000 -1000 -10 -1.02265
