Car -1 -1 0.00 303 177 397 228 -1 -1 -1 -1000 -1000 -1000 -10 1.38747
Car -1 -1 0.00 835 168 898 198 -1 -1 -1 -1000 -1000 -1000 -10 0.866147
Car -1 -1 0.00 380 175 447 203 -1 -1 -1 -1000 -1000 -1000 -10 0.812468
Car -1 -1 0.00 433 172 492 203 -1 -1 -1 -1000 -1000 -1000 -10 0.701611
Car -1 -1 0.00 583 163 631 209 -1 -1 -1 -1000 -1000 -1000 -10 0.644016
Car -1 -1 0.00 915 160 975 183 -1 -1 -1 -1000 -1000 -1000 -10 0.621812
Car -1 -1 0.00 432 175 494 204 -1 -1 -1 -1000 -1000 -1000 -10 0.374371
Car -1 -1 0.00 917 161 980 181 -1 -1 -1 -1000 -1000 -1000 -10 -0.696885
Car -1 -1 0.00 222 116 246 139 -1 -1 -1 -1000 -1000 -1000 -10 -0.794371
Car -1 -1 0.00 214 169 242 191 -1 -1 -1 -1000 -1000 -1000 -10 -0.966524
Car -1 -1 0.00 835 170 876 199 -1 -1 -1 -1000 -1000 -1000 -10 -0.99023
