Car -1 -1 0.00 648 175 714 220 -1 -1 -1 -1000 -1000 -1000 -10 1.23842
Car -1 -1 0.00 202 191 305 248 -1 -1 -1 -1000 -1000 -1000 -10 -0.0505541
Car -1 -1 0.00 632 175 665 199 -1 -1 -1 -1000 -1000 -1000 -10 -0.0749175
Car -1 -1 0.00 258 179 371 235 -1 -1 -1 -1000 -1000 -1000 -10 -0.429553
Car -1 -1 0.00 622 175 660 200 -1 -1 -1 -1000 -1000 -1000 -10 -0.762886
Car -1 -1 0.00 196 186 311 246 -1 -1 -1 -1000 -1000 -1000 -10 -0.922694
Car -1 -1 0.00 553 186 655 261 -1 -1 -1 -1000 -1000 -1000 -10 -0.949799
Car -1 -1 0.00 647 89 707 157 -1 -1 -1 -1000 -1000 -1000 -10 -0.978854
Car -1 -1 0.00 1002 208 1031 223 -1 -1 -1 -1000 -1000 -1000 -10 -0.979568
Car -1 -1 0.00 768 23 791 46 -1 -1 -1 -1000 -1000 -1000 -10 -0.983545
Car -1 -1 0.00 62 298 96 309 -1 -1 -1 -1000 -1000 -1000 -10 -1.00168
Car -1 -1 0.00 958 110 1002 159 -1 -1 -1 -1000 -1000 -1000 -10 -1.00302
Car -1 -1 0.00 703 115 742 162 -1 -1 -1 -1000 -1000 -1000 -10 -1.00818
Car -1 -1 0.00 618 268 653 279 -1 -1 -1 -1000 -1000 -1000 -10 -1.0125
Car -1 -1 0.00 121 302 157 313 -1 -1 -1 -1000 -1000 -1000 -10 -1.01636
Car -1 -1 0.00 1160 226 1183 256 -1 -1 -1 -1000 -1000 -1000 -10 -1.01842
Car -1 -1 0.00 109 292 145 303 -1 -1 -1 -1000 -1000 -1000 -10 -1.02184
Car -1 -1 0.00 96 292 131 303 -1 -1 -1 -1000 -1000 -1000 -10 -1.02447
Car -1 -1 0.00 50 300 84 311 -1 -1 -1 -1000 -1000 -1000 -10 -1.02641
