Car -1 -1 0.00 772 181 923 275 -1 -1 -1 -1000 -1000 -1000 -10 1.68391
Car -1 -1 0.00 736 176 839 245 -1 -1 -1 -1000 -1000 -1000 -10 0.808841
Car -1 -1 0.00 348 163 505 279 -1 -1 -1 -1000 -1000 -1000 -10 0.382205
Car -1 -1 0.00 660 167 701 196 -1 -1 -1 -1000 -1000 -1000 -10 0.367948
Car -1 -1 0.00 442 158 550 240 -1 -1 -1 -1000 -1000 -1000 -10 0.351351
Car -1 -1 0.00 17 181 443 367 -1 -1 -1 -1000 -1000 -1000 -10 0.00525231
Car -1 -1 0.00 687 177 737 213 -1 -1 -1 -1000 -1000 -1000 -10 -0.587269
Car -1 -1 0.00 642 168 671 187 -1 -1 -1 -1000 -1000 -1000 -10 -0.611907
Car -1 -1 0.00 235 149 508 280 -1 -1 -1 -1000 -1000 -1000 -10 -0.65002
Car -1 -1 0.00 108 66 134 93 -1 -1 -1 -1000 -1000 -1000 -10 -0.939037
Car -1 -1 0.00 522 170 573 212 -1 -1 -1 -1000 -1000 -1000 -10 -0.962495
Car -1 -1 0.00 514 63 546 91 -1 -1 -1 -1000 -1000 -1000 -10 -0.979205
Car -1 -1 0.00 1115 58 1180 77 -1 -1 -1 -1000 -1000 -1000 -10 -1.01048
Car -1 -1 0.00 992 2 1017 22 -1 -1 -1 -1000 -1000 -1000 -10 -1.01225
Car -1 -1 0.00 100 141 135 183 -1 -1 -1 -1000 -1000 -1000 -10 -1.02318
Car -1 -1 0.00 71 86 115 100 -1 -1 -1 -1000 -1000 -1000 -10 -1.02516
