Car -1 -1 0.00 544 180 609 232 -1 -1 -1 -1000 -1000 -1000 -10 0.536659
Car -1 -1 0.00 953 151 1099 202 -1 -1 -1 -1000 -1000 -1000 -10 0.263141
Car -1 -1 0.00 362 174 471 233 -1 -1 -1 -1000 -1000 -1000 -10 -0.216794
Car -1 -1 0.00 167 191 283 238 -1 -1 -1 -1000 -1000 -1000 -10 -0.442662
Car -1 -1 0.00 525 175 567 209 -1 -1 -1 -1000 -1000 -1000 -10 -0.497417
Car -1 -1 0.00 464 156 507 189 -1 -1 -1 -1000 -1000 -1000 -10 -0.666562
Car -1 -1 0.00 970 153 1102 198 -1 -1 -1 -1000 -1000 -1000 -10 -0.751065
Car -1 -1 0.00 663 167 712 206 -1 -1 -1 -1000 -1000 -1000 -10 -0.814699
Car -1 -1 0.00 451 166 486 196 -1 -1 -1 -1000 -1000 -1000 -10 -0.853622
Car -1 -1 0.00 690 77 756 111 -1 -1 -1 -1000 -1000 -1000 -10 -0.914086
Car -1 -1 0.00 867 78 974 119 -1 -1 -1 -1000 -1000 -1000 -10 -0.914814
Car -1 -1 0.00 873 187 933 207 -1 -1 -1 -1000 -1000 -1000 -10 -0.954991
Car -1 -1 0.00 743 166 769 177 -1 -1 -1 -1000 -1000 -1000 -10 -0.996071
Car -1 -1 0.00 348 303 394 326 -1 -1 -1 -1000 -1000 -1000 -10 -1.00299
Car -1 -1 0.00 579 341 604 357 -1 -1 -1 -1000 -1000 -1000 -10 -1.00405
Car -1 -1 0.00 772 311 839 332 -1 -1 -1 -1000 -1000 -1000 -10 -1.01405
Car -1 -1 0.00 864 194 890 223 -1 -1 -1 -1000 -1000 -1000 -10 -1.02883
