Car -1 -1 0.00 752 181 881 268 -1 -1 -1 -1000 -1000 -1000 -10 1.34218
Car -1 -1 0.00 573 179 628 218 -1 -1 -1 -1000 -1000 -1000 -10 -0.454463
Car -1 -1 0.00 855 204 1206 374 -1 -1 -1 -1000 -1000 -1000 -10 -0.571143
Car -1 -1 0.00 727 167 832 210 -1 -1 -1 -1000 -1000 -1000 -10 -0.830227
Car -1 -1 0.00 1115 214 1157 232 -1 -1 -1 -1000 -1000 -1000 -10 -0.864066
Car -1 -1 0.00 3 51 434 183 -1 -1 -1 -1000 -1000 -1000 -10 -0.912063
Car -1 -1 0.00 926 197 961 210 -1 -1 -1 -1000 -1000 -1000 -10 -0.941636
Car -1 -1 0.00 623 172 667 193 -1 -1 -1 -1000 -1000 -1000 -10 -0.9448
Car -1 -1 0.00 1020 356 1055 367 -1 -1 -1 -1000 -1000 -1000 -10 -0.948641
Car -1 -1 0.00 109 218 179 246 -1 -1 -1 -1000 -1000 -1000 -10 -0.962484
Car -1 -1 0.00 1122 43 1152 61 -1 -1 -1 -1000 -1000 -1000 -10 -0.976011
Car -1 -1 0.00 359 223 394 238 -1 -1 -1 -1000 -1000 -1000 -10 -0.982967
Car -1 -1 0.00 523 197 577 238 -1 -1 -1 -1000 -1000 -1000 -10 -1.00714
Car -1 -1 0.00 819 38 847 54 -1 -1 -1 -1000 -1000 -1000 -10 -1.01305
Car -1 -1 0.00 1038 -2 1076 11 -1 -1 -1 -1000 -1000 -1000 -10 -1.01406
Car -1 -1 0.00 484 114 558 141 -1 -1 -1 -1000 -1000 -1000 -10 -1.01563
Car -1 -1 0.00 572 242 606 272 -1 -1 -1 -1000 -1000 -1000 -10 -1.02114
