Car -1 -1 0.00 348 108 397 144 -1 -1 -1 -1000 -1000 -1000 -10 -0.607368
Car -1 -1 0.00 668 99 726 123 -1 -1 -1 -1000 -1000 -1000 -10 -0.877202
Car -1 -1 0.00 659 254 701 280 -1 -1 -1 -1000 -1000 -1000 -10 -0.943958
Car -1 -1 0.00 1052 353 1083 366 -1 -1 -1 -1000 -1000 -1000 -10 -0.97154
Car -1 -1 0.00 1181 116 1232 151 -1 -1 -1 -1000 -1000 -1000 -10 -0.982576
Car -1 -1 0.00 815 245 840 274 -1 -1 -1 -1000 -1000 -1000 -10 -0.991605
Car -1 -1 0.00 683 93 780 126 -1 -1 -1 -1000 -1000 -1000 -10 -0.999811
Car -1 -1 0.00 730 354 783 374 -1 -1 -1 -1000 -1000 -1000 -10 -1.00075
Car -1 -1 0.00 11 139 40 157 -1 -1 -1 -1000 -1000 -1000 -10 -1.00241
Car -1 -1 0.00 1200 18 1226 38 -1 -1 -1 -1000 -1000 -1000 -10 -1.00656
Car -1 -1 0.00 733 149 765 175 -1 -1 -1 -1000 -1000 -1000 -10 -1.01437
Car -1 -1 0.00 279 131 314 144 -1 -1 -1 -1000 -1000 -1000 -10 -1.01512
Car -1 -1 0.00 1004 233 1026 261 -1 -1 -1 -1000 -1000 -1000 -10 -1.01957
Car -1 -1 0.00 1006 281 1029 309 -1 -1 -1 -1000 -1000 -1000 -10 -1.02125
Car -1 -1 0.00 813 38 838 66 -1 -1 -1 -1000 -1000 -1000 -10 -1.02716
