Car -1 -1 0.00 490 180 549 220 -1 -1 -1 -1000 -1000 -1000 -10 1.87909
Car -1 -1 0.00 720 170 909 256 -1 -1 -1 -1000 -1000 -1000 -10 -0.590502
Car -1 -1 0.00 711 174 889 237 -1 -1 -1 -1000 -1000 -1000 -10 -0.870721
Car -1 -1 0.00 323 160 455 224 -1 -1 -1 -1000 -1000 -1000 -10 -0.88683
Car -1 -1 0.00 667 182 700 205 -1 -1 -1 -1000 -1000 -1000 -10 -0.918725
Car -1 -1 0.00 783 168 895 200 -1 -1 -1 -1000 -1000 -1000 -10 -0.945196
Car -1 -1 0.00 721 272 780 291 -1 -1 -1 -1000 -1000 -1000 -10 -0.965201
Car -1 -1 0.00 766 355 810 391 -1 -1 -1 -1000 -1000 -1000 -10 -1.00816
Car -1 -1 0.00 755 260 792 292 -1 -1 -1 -1000 -1000 -1000 -10 -1.0105
Car -1 -1 0.00 1140 239 1192 280 -1 -1 -1 -1000 -1000 -1000 -10 -1.01745
Car -1 -1 0.00 1225 44 1255 70 -1 -1 -1 -1000 -1000 -1000 -10 -1.02221
Car -1 -1 0.00 267 215 291 242 -1 -1 -1 -1000 -1000 -1000 -10 -1.02908
