Car -1 -1 0.00 701 191 827 277 -1 -1 -1 -1000 -1000 -1000 -10 1.85585
Car -1 -1 0.00 389 173 458 217 -1 -1 -1 -1000 -1000 -1000 -10 1.63731
Car -1 -1 0.00 651 183 703 222 -1 -1 -1 -1000 -1000 -1000 -10 1.54483
Car -1 -1 0.00 499 183 550 221 -1 -1 -1 -1000 -1000 -1000 -10 0.94589
Car -1 -1 0.00 -10 197 404 374 -1 -1 -1 -1000 -1000 -1000 -10 0.841488
Car -1 -1 0.00 673 187 757 243 -1 -1 -1 -1000 -1000 -1000 -10 0.467758
Car -1 -1 0.00 776 219 1198 374 -1 -1 -1 -1000 -1000 -1000 -10 -0.508993
Car -1 -1 0.00 548 182 574 201 -1 -1 -1 -1000 -1000 -1000 -10 -0.604522
Car -1 -1 0.00 643 185 674 211 -1 -1 -1 -1000 -1000 -1000 -10 -0.641116
Car -1 -1 0.00 1164 295 1192 315 -1 -1 -1 -1000 -1000 -1000 -10 -0.973448
Car -1 -1 0.00 724 126 765 158 -1 -1 -1 -1000 -1000 -1000 -10 -0.982119
Car -1 -1 0.00 645 240 672 260 -1 -1 -1 -1000 -1000 -1000 -10 -0.998052
Car -1 -1 0.00 761 332 790 361 -1 -1 -1 -1000 -1000 -1000 -10 -1.00372
Car -1 -1 0.00 569 105 610 120 -1 -1 -1 -1000 -1000 -1000 -10 -1.01288
Car -1 -1 0.00 1181 285 1222 299 -1 -1 -1 -1000 -1000 -1000 -10 -1.01392
Car -1 -1 0.00 48 154 73 172 -1 -1 -1 -1000 -1000 -1000 -10 -1.0252
Car -1 -1 0.00 620 232 671 268 -1 -1 -1 -1000 -1000 -1000 -10 -1.02599
