Car -1 -1 0.00 417 180 454 201 -1 -1 -1 -1000 -1000 -1000 -10 1.45087
Car -1 -1 0.00 331 180 393 211 -1 -1 -1 -1000 -1000 -1000 -10 1.18354
Car -1 -1 0.00 635 180 699 235 -1 -1 -1 -1000 -1000 -1000 -10 0.941021
Car -1 -1 0.00 694 179 760 206 -1 -1 -1 -1000 -1000 -1000 -10 -0.104679
Car -1 -1 0.00 558 179 585 196 -1 -1 -1 -1000 -1000 -1000 -10 -0.665698
Car -1 -1 0.00 415 179 457 199 -1 -1 -1 -1000 -1000 -1000 -10 -0.732885
Car -1 -1 0.00 940 192 992 216 -1 -1 -1 -1000 -1000 -1000 -10 -0.851531
Car -1 -1 0.00 940 191 1041 216 -1 -1 -1 -1000 -1000 -1000 -10 -0.871445
Car -1 -1 0.00 46 146 72 166 -1 -1 -1 -1000 -1000 -1000 -10 -0.900379
Car -1 -1 0.00 512 78 543 104 -1 -1 -1 -1000 -1000 -1000 -10 -0.920466
Car -1 -1 0.00 673 185 771 209 -1 -1 -1 -1000 -1000 -1000 -10 -0.931259
Car -1 -1 0.00 894 186 963 217 -1 -1 -1 -1000 -1000 -1000 -10 -0.933033
Car -1 -1 0.00 266 357 320 376 -1 -1 -1 -1000 -1000 -1000 -10 -0.982615
Car -1 -1 0.00 681 192 714 216 -1 -1 -1 -1000 -1000 -1000 -10 -0.988072
Car -1 -1 0.00 695 150 721 164 -1 -1 -1 -1000 -1000 -1000 -10 -0.988675
Car -1 -1 0.00 769 201 797 220 -1 -1 -1 -1000 -1000 -1000 -10 -0.992959
Car -1 -1 0.00 150 281 174 291 -1 -1 -1 -1000 -1000 -1000 -10 -0.995927
Car -1 -1 0.00 697 78 729 106 -1 -1 -1 -1000 -1000 -1000 -10 -1.00519
Car -1 -1 0.00 375 185 426 200 -1 -1 -1 -1000 -1000 -1000 -10 -1.02512
Car -1 -1 0.00 135 -4 317 43 -1 -1 -1 -1000 -1000 -1000 -10 -1.02834
Car -1 -1 0.00 928 119 986 157 -1 -1 -1 -1000 -1000 -1000 -10 -1.02898
