Car -1 -1 0.00 512 197 534 219 -1 -1 -1 -1000 -1000 -1000 -10 -0.852914
Car -1 -1 0.00 736 58 766 83 -1 -1 -1 -1000 -1000 -1000 -10 -0.906709
Car -1 -1 0.00 508 232 541 249 -1 -1 -1 -1000 -1000 -1000 -10 -0.961895
Car -1 -1 0.00 586 164 616 189 -1 -1 -1 -1000 -1000 -1000 -10 -0.970905
Car -1 -1 0.00 134 306 168 317 -1 -1 -1 -1000 -1000 -1000 -10 -1.00462
Car -1 -1 0.00 168 270 202 281 -1 -1 -1 -1000 -1000 -1000 -10 -1.00886
Car -1 -1 0.00 214 246 248 257 -1 -1 -1 -1000 -1000 -1000 -10 -1.01548
Car -1 -1 0.00 55 315 97 329 -1 -1 -1 -1000 -1000 -1000 -10 -1.01853
Car -1 -1 0.00 439 141 466 176 -1 -1 -1 -1000 -1000 -1000 -10 -1.02501
Car -1 -1 0.00 128 282 162 293 -1 -1 -1 -1000 -1000 -1000 -10 -1.02604
Car -1 -1 0.00 1084 20 1111 32 -1 -1 -1 -1000 -1000 -1000 -10 -1.02733
Car -1 -1 0.00 96 286 130 297 -1 -1 -1 -1000 -1000 -1000 -10 -1.02827
Car -1 -1 0.00 148 274 171 301 -1 -1 -1 -1000 -1000 -1000 -10 -1.02828
Car -1 -1 0.00 222 242 256 253 -1 -1 -1 -1000 -1000 -1000 -10 -1.02898
Car -1 -1 0.00 776 46 805 61 -1 -1 -1 -1000 -1000 -1000 -10 -1.02902
Car -1 -1 0.00 1097 199 1125 221 -1 -1 -1 -1000 -1000 -1000 -10 -1.02904
Car -1 -1 0.00 106 302 141 313 -1 -1 -1 -1000 -1000 -1000 -10 -1.02935
