Car -1 -1 0.00 743 171 877 255 -1 -1 -1 -1000 -1000 -1000 -10 1.44756
Car -1 -1 0.00 360 186 518 282 -1 -1 -1 -1000 -1000 -1000 -10 1.27275
Car -1 -1 0.00 662 177 705 203 -1 -1 -1 -1000 -1000 -1000 -10 0.939376
Car -1 -1 0.00 518 169 569 209 -1 -1 -1 -1000 -1000 -1000 -10 0.139541
Car -1 -1 0.00 -19 167 421 383 -1 -1 -1 -1000 -1000 -1000 -10 -0.0885282
Car -1 -1 0.00 1021 189 1155 246 -1 -1 -1 -1000 -1000 -1000 -10 -0.113008
Car -1 -1 0.00 452 178 532 237 -1 -1 -1 -1000 -1000 -1000 -10 -0.610858
Car -1 -1 0.00 987 189 1067 237 -1 -1 -1 -1000 -1000 -1000 -10 -0.611233
Car -1 -1 0.00 988 190 1188 250 -1 -1 -1 -1000 -1000 -1000 -10 -0.723746
Car -1 -1 0.00 42 146 74 170 -1 -1 -1 -1000 -1000 -1000 -10 -0.803221
Car -1 -1 0.00 564 170 591 189 -1 -1 -1 -1000 -1000 -1000 -10 -0.810171
Car -1 -1 0.00 523 227 567 246 -1 -1 -1 -1000 -1000 -1000 -10 -0.93466
Car -1 -1 0.00 370 170 417 189 -1 -1 -1 -1000 -1000 -1000 -10 -0.973635
Car -1 -1 0.00 434 162 477 195 -1 -1 -1 -1000 -1000 -1000 -10 -1.00874
Car -1 -1 0.00 603 276 660 291 -1 -1 -1 -1000 -1000 -1000 -10 -1.01752
Car -1 -1 0.00 245 65 291 79 -1 -1 -1 -1000 -1000 -1000 -10 -1.02303
