Car -1 -1 0.00 363 182 489 230 -1 -1 -1 -1000 -1000 -1000 -10 1.31619
Car -1 -1 0.00 663 173 721 213 -1 -1 -1 -1000 -1000 -1000 -10 0.965993
Car -1 -1 0.00 482 177 518 199 -1 -1 -1 -1000 -1000 -1000 -10 0.79094
Car -1 -1 0.00 97 186 301 243 -1 -1 -1 -1000 -1000 -1000 -10 0.636359
Car -1 -1 0.00 681 174 721 213 -1 -1 -1 -1000 -1000 -1000 -10 -0.734037
Car -1 -1 0.00 654 175 688 208 -1 -1 -1 -1000 -1000 -1000 -10 -0.812796
Car -1 -1 0.00 -28 174 171 242 -1 -1 -1 -1000 -1000 -1000 -10 -0.816955
Car -1 -1 0.00 1191 273 1219 293 -1 -1 -1 -1000 -1000 -1000 -10 -0.921817
Car -1 -1 0.00 631 323 657 356 -1 -1 -1 -1000 -1000 -1000 -10 -0.925933
Car -1 -1 0.00 14 126 47 149 -1 -1 -1 -1000 -1000 -1000 -10 -0.962791
Car -1 -1 0.00 1030 63 1077 93 -1 -1 -1 -1000 -1000 -1000 -10 -0.965239
Car -1 -1 0.00 1031 264 1087 280 -1 -1 -1 -1000 -1000 -1000 -10 -1.00358
Car -1 -1 0.00 274 128 348 153 -1 -1 -1 -1000 -1000 -1000 -10 -1.00937
Car -1 -1 0.00 573 68 600 99 -1 -1 -1 -1000 -1000 -1000 -10 -1.02358
Car -1 -1 0.00 627 323 658 369 -1 -1 -1 -1000 -1000 -1000 -10 -1.02424
