Car -1 -1 0.00 465 182 552 239 -1 -1 -1 -1000 -1000 -1000 -10 1.55714
Car -1 -1 0.00 -19 189 325 374 -1 -1 -1 -1000 -1000 -1000 -10 -0.424209
Car -1 -1 0.00 589 185 610 202 -1 -1 -1 -1000 -1000 -1000 -10 -0.646809
Car -1 -1 0.00 593 180 677 207 -1 -1 -1 -1000 -1000 -1000 -10 -0.861139
Car -1 -1 0.00 699 206 767 228 -1 -1 -1 -1000 -1000 -1000 -10 -0.910646
Car -1 -1 0.00 734 108 758 129 -1 -1 -1 -1000 -1000 -1000 -10 -0.913281
Car -1 -1 0.00 962 150 983 172 -1 -1 -1 -1000 -1000 -1000 -10 -0.976166
Car -1 -1 0.00 1194 203 1224 237 -1 -1 -1 -1000 -1000 -1000 -10 -1.01319
Car -1 -1 0.00 1140 29 1175 69 -1 -1 -1 -1000 -1000 -1000 -10 -1.0138
Car -1 -1 0.00 563 325 702 372 -1 -1 -1 -1000 -1000 -1000 -10 -1.02169
Car -1 -1 0.00 1169 127 1203 165 -1 -1 -1 -1000 -1000 -1000 -10 -1.0244
