Car -1 -1 0.00 581 175 607 191 -1 -1 -1 -1000 -1000 -1000 -10 -0.335603
Car -1 -1 0.00 857 167 942 201 -1 -1 -1 -1000 -1000 -1000 -10 -0.405893
Car -1 -1 0.00 456 170 566 205 -1 -1 -1 -1000 -1000 -1000 -10 -0.64956
Car -1 -1 0.00 3 164 197 232 -1 -1 -1 -1000 -1000 -1000 -10 -0.787966
Car -1 -1 0.00 183 39 210 68 -1 -1 -1 -1000 -1000 -1000 -10 -0.822458
Car -1 -1 0.00 38 101 86 118 -1 -1 -1 -1000 -1000 -1000 -10 -0.873826
Car -1 -1 0.00 359 196 397 230 -1 -1 -1 -1000 -1000 -1000 -10 -0.941811
Car -1 -1 0.00 692 151 716 177 -1 -1 -1 -1000 -1000 -1000 -10 -0.948698
Car -1 -1 0.00 184 76 209 103 -1 -1 -1 -1000 -1000 -1000 -10 -0.985712
Car -1 -1 0.00 377 177 404 200 -1 -1 -1 -1000 -1000 -1000 -10 -1.00828
Car -1 -1 0.00 793 130 823 143 -1 -1 -1 -1000 -1000 -1000 -10 -1.01953
Car -1 -1 0.00 1236 192 1279 251 -1 -1 -1 -1000 -1000 -1000 -10 -1.02149
Car -1 -1 0.00 1076 330 1108 342 -1 -1 -1 -1000 -1000 -1000 -10 -1.0267
Car -1 -1 0.00 840 240 879 254 -1 -1 -1 -1000 -1000 -1000 -10 -1.02799
Car -1 -1 0.00 941 57 1152 123 -1 -1 -1 -1000 -1000 -1000 -10 -1.02844
Car -1 -1 0.00 1014 336 1039 354 -1 -1 -1 -1000 -1000 -1000 -10 -1.02896
