Car -1 -1 0.00 657 178 717 220 -1 -1 -1 -1000 -1000 -1000 -10 2.56709
Car -1 -1 0.00 688 181 791 255 -1 -1 -1 -1000 -1000 -1000 -10 1.9662
Car -1 -1 0.00 732 187 899 307 -1 -1 -1 -1000 -1000 -1000 -10 1.28136
Car -1 -1 0.00 393 186 515 226 -1 -1 -1 -1000 -1000 -1000 -10 1.1978
Car -1 -1 0.00 59 187 353 316 -1 -1 -1 -1000 -1000 -1000 -10 0.585951
Car -1 -1 0.00 155 187 346 319 -1 -1 -1 -1000 -1000 -1000 -10 -0.0547178
Car -1 -1 0.00 391 181 462 224 -1 -1 -1 -1000 -1000 -1000 -10 -0.659583
Car -1 -1 0.00 462 182 544 214 -1 -1 -1 -1000 -1000 -1000 -10 -0.747745
Car -1 -1 0.00 889 257 921 276 -1 -1 -1 -1000 -1000 -1000 -10 -0.79808
Car -1 -1 0.00 646 175 682 208 -1 -1 -1 -1000 -1000 -1000 -10 -0.837172
Car -1 -1 0.00 70 336 130 381 -1 -1 -1 -1000 -1000 -1000 -10 -0.870259
Car -1 -1 0.00 610 177 634 189 -1 -1 -1 -1000 -1000 -1000 -10 -0.879097
Car -1 -1 0.00 510 176 563 201 -1 -1 -1 -1000 -1000 -1000 -10 -0.896484
Car -1 -1 0.00 1077 97 1106 113 -1 -1 -1 -1000 -1000 -1000 -10 -0.937206
Car -1 -1 0.00 186 358 220 369 -1 -1 -1 -1000 -1000 -1000 -10 -0.963896
Car -1 -1 0.00 535 177 584 196 -1 -1 -1 -1000 -1000 -1000 -10 -0.975154
Car -1 -1 0.00 1078 105 1102 118 -1 -1 -1 -1000 -1000 -1000 -10 -0.985954
Car -1 -1 0.00 1077 114 1104 129 -1 -1 -1 -1000 -1000 -1000 -10 -0.988794
Car -1 -1 0.00 1075 143 1103 158 -1 -1 -1 -1000 -1000 -1000 -10 -0.99855
Car -1 -1 0.00 1077 92 1106 108 -1 -1 -1 -1000 -1000 -1000 -10 -1.0071
Car -1 -1 0.00 1078 161 1102 178 -1 -1 -1 -1000 -1000 -1000 -10 -1.0099
Car -1 -1 0.00 1078 101 1101 114 -1 -1 -1 -1000 -1000 -1000 -10 -1.01173
Car -1 -1 0.00 1075 155 1104 170 -1 -1 -1 -1000 -1000 -1000 -10 -1.01325
Car -1 -1 0.00 1077 118 1105 134 -1 -1 -1 -1000 -1000 -1000 -10 -1.01342
Car -1 -1 0.00 1076 106 1106 122 -1 -1 -1 -1000 -1000 -1000 -10 -1.01817
Car -1 -1 0.00 645 285 678 299 -1 -1 -1 -1000 -1000 -1000 -10 -1.02344
