Car -1 -1 0.00 669 179 713 210 -1 -1 -1 -1000 -1000 -1000 -10 2.01687
Car -1 -1 0.00 609 175 636 200 -1 -1 -1 -1000 -1000 -1000 -10 1.65445
Car -1 -1 0.00 655 175 679 195 -1 -1 -1 -1000 -1000 -1000 -10 1.04874
Car -1 -1 0.00 503 184 526 194 -1 -1 -1 -1000 -1000 -1000 -10 -0.800323
Car -1 -1 0.00 1061 80 1089 102 -1 -1 -1 -1000 -1000 -1000 -10 -0.800582
Car -1 -1 0.00 1095 338 1134 360 -1 -1 -1 -1000 -1000 -1000 -10 -0.87302
Car -1 -1 0.00 372 178 409 213 -1 -1 -1 -1000 -1000 -1000 -10 -0.926338
Car -1 -1 0.00 871 16 916 37 -1 -1 -1 -1000 -1000 -1000 -10 -0.948736
Car -1 -1 0.00 214 -6 258 6 -1 -1 -1 -1000 -1000 -1000 -10 -0.953191
Car -1 -1 0.00 1069 331 1115 358 -1 -1 -1 -1000 -1000 -1000 -10 -0.979809
Car -1 -1 0.00 178 369 216 381 -1 -1 -1 -1000 -1000 -1000 -10 -0.981482
