Car -1 -1 0.00 503 154 657 252 -1 -1 -1 -1000 -1000 -1000 -10 1.13925
Car -1 -1 0.00 398 177 428 196 -1 -1 -1 -1000 -1000 -1000 -10 0.642054
Car -1 -1 0.00 569 184 790 300 -1 -1 -1 -1000 -1000 -1000 -10 0.531914
Car -1 -1 0.00 469 176 558 231 -1 -1 -1 -1000 -1000 -1000 -10 -0.0102058
Car -1 -1 0.00 452 179 508 221 -1 -1 -1 -1000 -1000 -1000 -10 -0.22104
Car -1 -1 0.00 85 191 131 214 -1 -1 -1 -1000 -1000 -1000 -10 -0.300362
Car -1 -1 0.00 432 173 498 214 -1 -1 -1 -1000 -1000 -1000 -10 -0.369158
Car -1 -1 0.00 130 188 176 208 -1 -1 -1 -1000 -1000 -1000 -10 -0.887476
Car -1 -1 0.00 1114 -9 1148 15 -1 -1 -1 -1000 -1000 -1000 -10 -0.896341
Car -1 -1 0.00 309 247 343 268 -1 -1 -1 -1000 -1000 -1000 -10 -0.976723
Car -1 -1 0.00 736 93 874 138 -1 -1 -1 -1000 -1000 -1000 -10 -0.989693
Car -1 -1 0.00 509 104 542 128 -1 -1 -1 -1000 -1000 -1000 -10 -0.998254
