Car -1 -1 0.00 375 178 434 202 -1 -1 -1 -1000 -1000 -1000 -10 1.28437
Car -1 -1 0.00 704 170 778 197 -1 -1 -1 -1000 -1000 -1000 -10 1.22055
Car -1 -1 0.00 605 171 685 200 -1 -1 -1 -1000 -1000 -1000 -10 0.952983
Car -1 -1 0.00 115 189 217 218 -1 -1 -1 -1000 -1000 -1000 -10 0.169121
Car -1 -1 0.00 113 195 213 219 -1 -1 -1 -1000 -1000 -1000 -10 -0.319061
Car -1 -1 0.00 782 169 874 195 -1 -1 -1 -1000 -1000 -1000 -10 -0.319068
Car -1 -1 0.00 378 178 444 203 -1 -1 -1 -1000 -1000 -1000 -10 -0.374993
Car -1 -1 0.00 784 164 901 194 -1 -1 -1 -1000 -1000 -1000 -10 -0.506938
Car -1 -1 0.00 963 164 1044 192 -1 -1 -1 -1000 -1000 -1000 -10 -0.658963
Car -1 -1 0.00 601 171 686 199 -1 -1 -1 -1000 -1000 -1000 -10 -0.790265
Car -1 -1 0.00 782 165 846 194 -1 -1 -1 -1000 -1000 -1000 -10 -0.861011
Car -1 -1 0.00 1067 160 1103 186 -1 -1 -1 -1000 -1000 -1000 -10 -0.889879
Car -1 -1 0.00 765 165 813 190 -1 -1 -1 -1000 -1000 -1000 -10 -0.914063
Car -1 -1 0.00 296 358 332 371 -1 -1 -1 -1000 -1000 -1000 -10 -0.915069
Car -1 -1 0.00 815 164 904 192 -1 -1 -1 -1000 -1000 -1000 -10 -0.925981
Car -1 -1 0.00 816 167 854 195 -1 -1 -1 -1000 -1000 -1000 -10 -0.932325
Car -1 -1 0.00 549 174 605 196 -1 -1 -1 -1000 -1000 -1000 -10 -0.937692
Car -1 -1 0.00 309 37 343 73 -1 -1 -1 -1000 -1000 -1000 -10 -0.957662
Car -1 -1 0.00 131 32 181 48 -1 -1 -1 -1000 -1000 -1000 -10 -1.00241
Car -1 -1 0.00 175 84 207 111 -1 -1 -1 -1000 -1000 -1000 -10 -1.00769
