Car -1 -1 0.00 777 173 816 198 -1 -1 -1 -1000 -1000 -1000 -10 0.613316
Car -1 -1 0.00 856 170 948 211 -1 -1 -1 -1000 -1000 -1000 -10 0.27651
Car -1 -1 0.00 1099 160 1240 219 -1 -1 -1 -1000 -1000 -1000 -10 -0.206154
Car -1 -1 0.00 906 169 985 202 -1 -1 -1 -1000 -1000 -1000 -10 -0.669075
Car -1 -1 0.00 467 200 494 220 -1 -1 -1 -1000 -1000 -1000 -10 -0.789166
Car -1 -1 0.00 771 173 848 196 -1 -1 -1 -1000 -1000 -1000 -10 -0.877872
Car -1 -1 0.00 930 167 1011 204 -1 -1 -1 -1000 -1000 -1000 -10 -0.891068
Car -1 -1 0.00 1090 35 1142 71 -1 -1 -1 -1000 -1000 -1000 -10 -0.939517
Car -1 -1 0.00 338 144 367 176 -1 -1 -1 -1000 -1000 -1000 -10 -0.944394
Car -1 -1 0.00 780 336 813 347 -1 -1 -1 -1000 -1000 -1000 -10 -0.968782
Car -1 -1 0.00 710 175 738 199 -1 -1 -1 -1000 -1000 -1000 -10 -0.987671
Car -1 -1 0.00 423 190 447 219 -1 -1 -1 -1000 -1000 -1000 -10 -0.989968
Car -1 -1 0.00 1108 162 1177 218 -1 -1 -1 -1000 -1000 -1000 -10 -0.994687
Car -1 -1 0.00 894 202 928 224 -1 -1 -1 -1000 -1000 -1000 -10 -1.0099
Car -1 -1 0.00 910 208 937 226 -1 -1 -1 -1000 -1000 -1000 -10 -1.01541
Car -1 -1 0.00 810 55 848 83 -1 -1 -1 -1000 -1000 -1000 -10 -1.01695
Car -1 -1 0.00 369 161 409 173 -1 -1 -1 -1000 -1000 -1000 -10 -1.01716
Car -1 -1 0.00 818 165 870 202 -1 -1 -1 -1000 -1000 -1000 -10 -1.02045
Car -1 -1 0.00 732 300 809 326 -1 -1 -1 -1000 -1000 -1000 -10 -1.02881
