Car -1 -1 0.00 642 182 701 225 -1 -1 -1 -1000 -1000 -1000 -10 1.99063
Car -1 -1 0.00 491 179 522 200 -1 -1 -1 -1000 -1000 -1000 -10 1.72092
Car -1 -1 0.00 585 177 616 209 -1 -1 -1 -1000 -1000 -1000 -10 1.00744
Car -1 -1 0.00 154 176 306 249 -1 -1 -1 -1000 -1000 -1000 -10 0.402492
Car -1 -1 0.00 361 182 441 228 -1 -1 -1 -1000 -1000 -1000 -10 0.00719717
Car -1 -1 0.00 359 185 443 230 -1 -1 -1 -1000 -1000 -1000 -10 -0.602156
Car -1 -1 0.00 492 182 516 201 -1 -1 -1 -1000 -1000 -1000 -10 -0.75393
Car -1 -1 0.00 808 137 835 150 -1 -1 -1 -1000 -1000 -1000 -10 -0.872813
Car -1 -1 0.00 972 -3 1013 41 -1 -1 -1 -1000 -1000 -1000 -10 -0.953023
Car -1 -1 0.00 195 89 222 110 -1 -1 -1 -1000 -1000 -1000 -10 -1.00569
Car -1 -1 0.00 963 257 1013 275 -1 -1 -1 -1000 -1000 -1000 -10 -1.00982
Car -1 -1 0.00 284 162 337 180 -1 -1 -1 -1000 -1000 -1000 -10 -1.01114
Car -1 -1 0.00 25 92 65 104 -1 -1 -1 -1000 -1000 -1000 -10 -1.01844
Car -1 -1 0.00 855 306 963 374 -1 -1 -1 -1000 -1000 -1000 -10 -1.02954
