Car -1 -1 0.00 448 181 601 277 -1 -1 -1 -1000 -1000 -1000 -10 1.12288
Car -1 -1 0.00 160 201 253 270 -1 -1 -1 -1000 -1000 -1000 -10 0.490233
Car -1 -1 0.00 832 191 1046 274 -1 -1 -1 -1000 -1000 -1000 -10 0.296706
Car -1 -1 0.00 524 184 811 327 -1 -1 -1 -1000 -1000 -1000 -10 -0.017048
Car -1 -1 0.00 1016 203 1082 233 -1 -1 -1 -1000 -1000 -1000 -10 -0.582945
Car -1 -1 0.00 229 192 272 239 -1 -1 -1 -1000 -1000 -1000 -10 -0.760555
Car -1 -1 0.00 369 159 450 227 -1 -1 -1 -1000 -1000 -1000 -10 -0.840024
Car -1 -1 0.00 367 184 422 225 -1 -1 -1 -1000 -1000 -1000 -10 -0.84173
Car -1 -1 0.00 695 189 781 223 -1 -1 -1 -1000 -1000 -1000 -10 -0.877605
Car -1 -1 0.00 148 106 175 126 -1 -1 -1 -1000 -1000 -1000 -10 -0.953233
Car -1 -1 0.00 1097 350 1128 364 -1 -1 -1 -1000 -1000 -1000 -10 -0.967987
Car -1 -1 0.00 433 76 457 97 -1 -1 -1 -1000 -1000 -1000 -10 -0.978806
Car -1 -1 0.00 767 163 897 225 -1 -1 -1 -1000 -1000 -1000 -10 -0.983267
Car -1 -1 0.00 424 173 520 259 -1 -1 -1 -1000 -1000 -1000 -10 -0.985666
Car -1 -1 0.00 510 182 675 305 -1 -1 -1 -1000 -1000 -1000 -10 -1.00245
Car -1 -1 0.00 772 116 813 127 -1 -1 -1 -1000 -1000 -1000 -10 -1.00271
Car -1 -1 0.00 1173 193 1214 228 -1 -1 -1 -1000 -1000 -1000 -10 -1.00447
