Car -1 -1 0.00 380 157 492 203 -1 -1 -1 -1000 -1000 -1000 -10 2.18263
Car -1 -1 0.00 931 169 1057 206 -1 -1 -1 -1000 -1000 -1000 -10 -0.447444
Car -1 -1 0.00 1166 233 1212 267 -1 -1 -1 -1000 -1000 -1000 -10 -0.647911
Car -1 -1 0.00 910 119 956 157 -1 -1 -1 -1000 -1000 -1000 -10 -0.850194
Car -1 -1 0.00 954 78 987 116 -1 -1 -1 -1000 -1000 -1000 -10 -0.937258
Car -1 -1 0.00 524 171 605 195 -1 -1 -1 -1000 -1000 -1000 -10 -1.00114
Car -1 -1 0.00 813 261 837 288 -1 -1 -1 -1000 -1000 -1000 -10 -1.00566
Car -1 -1 0.00 1165 315 1206 347 -1 -1 -1 -1000 -1000 -1000 -10 -1.00931
Car -1 -1 0.00 1108 -2 1141 25 -1 -1 -1 -1000 -1000 -1000 -10 -1.01612
Car -1 -1 0.00 434 355 467 384 -1 -1 -1 -1000 -1000 -1000 -10 -1.0186
Car -1 -1 0.00 820 52 861 103 -1 -1 -1 -1000 -1000 -1000 -10 -1.01871
Car -1 -1 0.00 133 75 178 115 -1 -1 -1 -1000 -1000 -1000 -10 -1.01987
