Car -1 -1 0.00 605 172 636 201 -1 -1 -1 -1000 -1000 -1000 -10 0.413436
Car -1 -1 0.00 646 178 672 197 -1 -1 -1 -1000 -1000 -1000 -10 0.290059
Car -1 -1 0.00 964 166 1026 190 -1 -1 -1 -1000 -1000 -1000 -10 0.175083
Car -1 -1 0.00 1066 104 1090 125 -1 -1 -1 -1000 -1000 -1000 -10 -0.935361
Car -1 -1 0.00 5 -36 107 56 -1 -1 -1 -1000 -1000 -1000 -10 -0.935734
Car -1 -1 0.00 988 305 1046 351 -1 -1 -1 -1000 -1000 -1000 -10 -0.937358
Car -1 -1 0.00 452 173 514 191 -1 -1 -1 -1000 -1000 -1000 -10 -0.948317
Car -1 -1 0.00 69 47 133 75 -1 -1 -1 -1000 -1000 -1000 -10 -0.960175
Car -1 -1 0.00 813 225 871 248 -1 -1 -1 -1000 -1000 -1000 -10 -0.992967
Car -1 -1 0.00 952 215 987 236 -1 -1 -1 -1000 -1000 -1000 -10 -1.01384
Car -1 -1 0.00 133 93 198 113 -1 -1 -1 -1000 -1000 -1000 -10 -1.01449
Car -1 -1 0.00 257 92 284 112 -1 -1 -1 -1000 -1000 -1000 -10 -1.01586
Car -1 -1 0.00 701 3 763 24 -1 -1 -1 -1000 -1000 -1000 -10 -1.0272
Car -1 -1 0.00 909 223 950 238 -1 -1 -1 -1000 -1000 -1000 -10 -1.02721
Car -1 -1 0.00 986 131 1110 194 -1 -1 -1 -1000 -1000 -1000 -10 -1.02737
