Car -1 -1 0.00 547 191 702 298 -1 -1 -1 -1000 -1000 -1000 -10 1.17294
Car -1 -1 0.00 262 208 352 281 -1 -1 -1 -1000 -1000 -1000 -10 0.0386801
Car -1 -1 0.00 331 200 377 246 -1 -1 -1 -1000 -1000 -1000 -10 -0.440255
Car -1 -1 0.00 631 202 992 352 -1 -1 -1 -1000 -1000 -1000 -10 -0.509622
Car -1 -1 0.00 951 205 1257 306 -1 -1 -1 -1000 -1000 -1000 -10 -0.813595
Car -1 -1 0.00 978 7 1008 21 -1 -1 -1 -1000 -1000 -1000 -10 -0.973146
Car -1 -1 0.00 1027 155 1074 197 -1 -1 -1 -1000 -1000 -1000 -10 -0.975311
Car -1 -1 0.00 377 196 403 218 -1 -1 -1 -1000 -1000 -1000 -10 -0.979669
Car -1 -1 0.00 904 186 1038 242 -1 -1 -1 -1000 -1000 -1000 -10 -0.988885
Car -1 -1 0.00 1189 323 1229 354 -1 -1 -1 -1000 -1000 -1000 -10 -0.994745
Car -1 -1 0.00 625 205 814 342 -1 -1 -1 -1000 -1000 -1000 -10 -1.00102
Car -1 -1 0.00 435 176 471 208 -1 -1 -1 -1000 -1000 -1000 -10 -1.00544
Car -1 -1 0.00 965 131 987 154 -1 -1 -1 -1000 -1000 -1000 -10 -1.01193
Car -1 -1 0.00 620 295 644 319 -1 -1 -1 -1000 -1000 -1000 -10 -1.01941
Car -1 -1 0.00 523 195 606 264 -1 -1 -1 -1000 -1000 -1000 -10 -1.02152
Car -1 -1 0.00 1053 155 1128 192 -1 -1 -1 -1000 -1000 -1000 -10 -1.02364
Car -1 -1 0.00 1045 174 1077 197 -1 -1 -1 -1000 -1000 -1000 -10 -1.02896
