Car -1 -1 0.00 717 157 744 174 -1 -1 -1 -1000 -1000 -1000 -10 0.857076
Car -1 -1 0.00 770 155 796 167 -1 -1 -1 -1000 -1000 -1000 -10 -0.725845
Car -1 -1 0.00 1161 318 1188 347 -1 -1 -1 -1000 -1000 -1000 -10 -0.894256
Car -1 -1 0.00 669 118 702 145 -1 -1 -1 -1000 -1000 -1000 -10 -0.980396
Car -1 -1 0.00 369 237 461 268 -1 -1 -1 -1000 -1000 -1000 -10 -0.987492
Car -1 -1 0.00 426 225 510 260 -1 -1 -1 -1000 -1000 -1000 -10 -0.989888
Car -1 -1 0.00 1053 75 1187 142 -1 -1 -1 -1000 -1000 -1000 -10 -0.995913
Car -1 -1 0.00 142 66 193 104 -1 -1 -1 -1000 -1000 -1000 -10 -1.00271
Car -1 -1 0.00 257 149 289 188 -1 -1 -1 -1000 -1000 -1000 -10 -1.01726
Car -1 -1 0.00 488 113 525 129 -1 -1 -1 -1000 -1000 -1000 -10 -1.01829
Car -1 -1 0.00 1104 44 1132 56 -1 -1 -1 -1000 -1000 -1000 -10 -1.02942
