Car -1 -1 0.00 326 172 389 199 -1 -1 -1 -1000 -1000 -1000 -10 0.754776
Car -1 -1 0.00 348 -2 417 18 -1 -1 -1 -1000 -1000 -1000 -10 -0.943579
Car -1 -1 0.00 917 321 958 335 -1 -1 -1 -1000 -1000 -1000 -10 -1.01159
Car -1 -1 0.00 885 328 921 339 -1 -1 -1 -1000 -1000 -1000 -10 -1.0201
Car -1 -1 0.00 401 256 440 268 -1 -1 -1 -1000 -1000 -1000 -10 -1.02069
Car -1 -1 0.00 421 299 451 328 -1 -1 -1 -1000 -1000 -1000 -10 -1.02212
Car -1 -1 0.00 909 324 944 335 -1 -1 -1 -1000 -1000 -1000 -10 -1.02553
Car -1 -1 0.00 333 337 374 350 -1 -1 -1 -1000 -1000 -1000 -10 -1.02682
Car -1 -1 0.00 703 131 728 160 -1 -1 -1 -1000 -1000 -1000 -10 -1.02853
Car -1 -1 0.00 954 335 1004 351 -1 -1 -1 -1000 -1000 -1000 -10 -1.02936
Car -1 -1 0.00 905 326 941 337 -1 -1 -1 -1000 -1000 -1000 -10 -1.02957
Car -1 -1 0.00 383 -2 446 18 -1 -1 -1 -1000 -1000 -1000 -10 -1.02965
Car -1 -1 0.00 927 318 963 329 -1 -1 -1 -1000 -1000 -1000 -10 -1.02991
