Car -1 -1 0.00 182 173 452 284 -1 -1 -1 -1000 -1000 -1000 -10 1.183
Car -1 -1 0.00 574 166 602 189 -1 -1 -1 -1000 -1000 -1000 -10 0.34041
Car -1 -1 0.00 534 169 578 196 -1 -1 -1 -1000 -1000 -1000 -10 0.0177808
Car -1 -1 0.00 31 174 177 237 -1 -1 -1 -1000 -1000 -1000 -10 -0.127995
Car -1 -1 0.00 701 162 764 187 -1 -1 -1 -1000 -1000 -1000 -10 -0.414256
Car -1 -1 0.00 1177 105 1222 140 -1 -1 -1 -1000 -1000 -1000 -10 -0.547829
Car -1 -1 0.00 773 174 805 197 -1 -1 -1 -1000 -1000 -1000 -10 -0.924325
Car -1 -1 0.00 1090 96 1114 119 -1 -1 -1 -1000 -1000 -1000 -10 -0.943906
Car -1 -1 0.00 369 353 426 370 -1 -1 -1 -1000 -1000 -1000 -10 -0.97609
Car -1 -1 0.00 1159 108 1201 140 -1 -1 -1 -1000 -1000 -1000 -10 -0.985952
Car -1 -1 0.00 856 189 891 215 -1 -1 -1 -1000 -1000 -1000 -10 -0.999537
Car -1 -1 0.00 179 41 217 80 -1 -1 -1 -1000 -1000 -1000 -10 -1.00335
Car -1 -1 0.00 773 98 808 135 -1 -1 -1 -1000 -1000 -1000 -10 -1.01217
Car -1 -1 0.00 269 276 304 286 -1 -1 -1 -1000 -1000 -1000 -10 -1.01812
Car -1 -1 0.00 274 129 305 157 -1 -1 -1 -1000 -1000 -1000 -10 -1.02361
Car -1 -1 0.00 647 218 683 229 -1 -1 -1 -1000 -1000 -1000 -10 -1.02702
Car -1 -1 0.00 689 161 715 180 -1 -1 -1 -1000 -1000 -1000 -10 -1.02745
