Car -1 -1 0.00 623 175 667 205 -1 -1 -1 -1000 -1000 -1000 -10 1.10308
Car -1 -1 0.00 735 172 765 187 -1 -1 -1 -1000 -1000 -1000 -10 -0.637934
Car -1 -1 0.00 376 172 402 191 -1 -1 -1 -1000 -1000 -1000 -10 -0.864376
Car -1 -1 0.00 397 119 425 141 -1 -1 -1 -1000 -1000 -1000 -10 -0.884625
Car -1 -1 0.00 494 316 531 349 -1 -1 -1 -1000 -1000 -1000 -10 -0.951756
Car -1 -1 0.00 1053 190 1096 230 -1 -1 -1 -1000 -1000 -1000 -10 -0.968102
Car -1 -1 0.00 743 38 810 68 -1 -1 -1 -1000 -1000 -1000 -10 -0.986532
Car -1 -1 0.00 464 203 495 235 -1 -1 -1 -1000 -1000 -1000 -10 -0.999465
Car -1 -1 0.00 58 87 89 112 -1 -1 -1 -1000 -1000 -1000 -10 -1.00654
Car -1 -1 0.00 984 194 1029 224 -1 -1 -1 -1000 -1000 -1000 -10 -1.01711
Car -1 -1 0.00 -10 123 363 254 -1 -1 -1 -1000 -1000 -1000 -10 -1.02532
