Car -1 -1 0.00 464 183 542 230 -1 -1 -1 -1000 -1000 -1000 -10 1.30039
Car -1 -1 0.00 582 172 607 191 -1 -1 -1 -1000 -1000 -1000 -10 1.03847
Car -1 -1 0.00 604 177 647 213 -1 -1 -1 -1000 -1000 -1000 -10 0.858573
Car -1 -1 0.00 63 211 159 242 -1 -1 -1 -1000 -1000 -1000 -10 -0.863806
Car -1 -1 0.00 115 114 181 160 -1 -1 -1 -1000 -1000 -1000 -10 -0.911925
Car -1 -1 0.00 523 167 559 197 -1 -1 -1 -1000 -1000 -1000 -10 -0.924098
Car -1 -1 0.00 1117 154 1153 165 -1 -1 -1 -1000 -1000 -1000 -10 -0.993286
Car -1 -1 0.00 76 128 110 140 -1 -1 -1 -1000 -1000 -1000 -10 -0.996913
Car -1 -1 0.00 1001 184 1037 195 -1 -1 -1 -1000 -1000 -1000 -10 -1.00599
Car -1 -1 0.00 1074 153 1150 177 -1 -1 -1 -1000 -1000 -1000 -10 -1.00938
Car -1 -1 0.00 1172 100 1206 111 -1 -1 -1 -1000 -1000 -1000 -10 -1.0104
Car -1 -1 0.00 1113 98 1149 109 -1 -1 -1 -1000 -1000 -1000 -10 -1.01172
Car -1 -1 0.00 1081 150 1117 161 -1 -1 -1 -1000 -1000 -1000 -10 -1.01324
Car -1 -1 0.00 593 302 629 313 -1 -1 -1 -1000 -1000 -1000 -10 -1.01333
Car -1 -1 0.00 1079 175 1140 195 -1 -1 -1 -1000 -1000 -1000 -10 -1.0172
Car -1 -1 0.00 1164 21 1206 35 -1 -1 -1 -1000 -1000 -1000 -10 -1.01731
Car -1 -1 0.00 107 168 143 180 -1 -1 -1 -1000 -1000 -1000 -10 -1.01895
Car -1 -1 0.00 1082 166 1116 177 -1 -1 -1 -1000 -1000 -1000 -10 -1.01998
Car -1 -1 0.00 1111 173 1154 186 -1 -1 -1 -1000 -1000 -1000 -10 -1.02021
Car -1 -1 0.00 1192 106 1227 117 -1 -1 -1 -1000 -1000 -1000 -10 -1.02255
Car -1 -1 0.00 1114 152 1148 163 -1 -1 -1 -1000 -1000 -1000 -10 -1.02271
Car -1 -1 0.00 1084 188 1119 199 -1 -1 -1 -1000 -1000 -1000 -10 -1.02292
Car -1 -1 0.00 1086 182 1136 198 -1 -1 -1 -1000 -1000 -1000 -10 -1.02349
Car -1 -1 0.00 1179 103 1221 117 -1 -1 -1 -1000 -1000 -1000 -10 -1.0238
Car -1 -1 0.00 990 184 1025 195 -1 -1 -1 -1000 -1000 -1000 -10 -1.02411
Car -1 -1 0.00 1163 125 1206 138 -1 -1 -1 -1000 -1000 -1000 -10 -1.02433
Car -1 -1 0.00 1193 38 1228 49 -1 -1 -1 -1000 -1000 -1000 -10 -1.02465
Car -1 -1 0.00 1075 184 1117 198 -1 -1 -1 -1000 -1000 -1000 -10 -1.0253
Car -1 -1 0.00 1160 89 1204 102 -1 -1 -1 -1000 -1000 -1000 -10 -1.02539
Car -1 -1 0.00 1183 55 1225 68 -1 -1 -1 -1000 -1000 -1000 -10 -1.02555
Car -1 -1 0.00 1068 177 1110 191 -1 -1 -1 -1000 -1000 -1000 -10 -1.02576
Car -1 -1 0.00 1182 108 1216 119 -1 -1 -1 -1000 -1000 -1000 -10 -1.02592
Car -1 -1 0.00 600 311 654 372 -1 -1 -1 -1000 -1000 -1000 -10 -1.02602
Car -1 -1 0.00 592 297 635 311 -1 -1 -1 -1000 -1000 -1000 -10 -1.0263
Car -1 -1 0.00 1177 96 1212 107 -1 -1 -1 -1000 -1000 -1000 -10 -1.0263
Car -1 -1 0.00 113 156 149 168 -1 -1 -1 -1000 -1000 -1000 -10 -1.02861
Car -1 -1 0.00 1165 104 1200 115 -1 -1 -1 -1000 -1000 -1000 -10 -1.0294
Car -1 -1 0.00 1117 146 1154 157 -1 -1 -1 -1000 -1000 -1000 -10 -1.02968
Car -1 -1 0.00 1113 88 1150 99 -1 -1 -1 -1000 -1000 -1000 -10 -1.02972
Car -1 -1 0.00 1080 182 1122 196 -1 -1 -1 -1000 -1000 -1000 -10 -1.02999
