Car -1 -1 0.00 687 183 769 244 -1 -1 -1 -1000 -1000 -1000 -10 1.79309
Car -1 -1 0.00 587 176 615 202 -1 -1 -1 -1000 -1000 -1000 -10 1.27621
Car -1 -1 0.00 843 204 1175 375 -1 -1 -1 -1000 -1000 -1000 -10 0.94897
Car -1 -1 0.00 736 188 907 288 -1 -1 -1 -1000 -1000 -1000 -10 0.737805
Car -1 -1 0.00 678 185 724 226 -1 -1 -1 -1000 -1000 -1000 -10 -0.0686884
Car -1 -1 0.00 733 196 904 276 -1 -1 -1 -1000 -1000 -1000 -10 -0.624749
Car -1 -1 0.00 416 52 446 74 -1 -1 -1 -1000 -1000 -1000 -10 -0.894374
Car -1 -1 0.00 850 201 1188 375 -1 -1 -1 -1000 -1000 -1000 -10 -0.937205
Car -1 -1 0.00 759 69 803 88 -1 -1 -1 -1000 -1000 -1000 -10 -0.950768
Car -1 -1 0.00 355 68 379 94 -1 -1 -1 -1000 -1000 -1000 -10 -0.983622
Car -1 -1 0.00 90 133 182 164 -1 -1 -1 -1000 -1000 -1000 -10 -0.994632
Car -1 -1 0.00 1153 20 1191 32 -1 -1 -1 -1000 -1000 -1000 -10 -1.00941
Car -1 -1 0.00 431 70 458 98 -1 -1 -1 -1000 -1000 -1000 -10 -1.01736
Car -1 -1 0.00 374 315 399 343 -1 -1 -1 -1000 -1000 -1000 -10 -1.02478
Car -1 -1 0.00 1110 133 1240 175 -1 -1 -1 -1000 -1000 -1000 -10 -1.02733
Car -1 -1 0.00 381 254 405 266 -1 -1 -1 -1000 -1000 -1000 -10 -1.02792
