Car -1 -1 0.00 28 181 168 237 -1 -1 -1 -1000 -1000 -1000 -10 1.2319
Car -1 -1 0.00 670 189 770 256 -1 -1 -1 -1000 -1000 -1000 -10 1.05776
Car -1 -1 0.00 639 185 678 217 -1 -1 -1 -1000 -1000 -1000 -10 0.400541
Car -1 -1 0.00 611 183 644 197 -1 -1 -1 -1000 -1000 -1000 -10 -0.045724
Car -1 -1 0.00 575 180 609 195 -1 -1 -1 -1000 -1000 -1000 -10 -0.0491477
Car -1 -1 0.00 310 187 364 210 -1 -1 -1 -1000 -1000 -1000 -10 -0.466356
Car -1 -1 0.00 619 109 651 139 -1 -1 -1 -1000 -1000 -1000 -10 -0.772452
Car -1 -1 0.00 571 161 649 196 -1 -1 -1 -1000 -1000 -1000 -10 -0.834667
Car -1 -1 0.00 83 146 123 177 -1 -1 -1 -1000 -1000 -1000 -10 -0.886647
Car -1 -1 0.00 929 291 958 313 -1 -1 -1 -1000 -1000 -1000 -10 -0.900639
Car -1 -1 0.00 296 179 368 210 -1 -1 -1 -1000 -1000 -1000 -10 -0.912193
Car -1 -1 0.00 615 162 688 186 -1 -1 -1 -1000 -1000 -1000 -10 -0.993153
Car -1 -1 0.00 453 178 477 194 -1 -1 -1 -1000 -1000 -1000 -10 -1.00366
Car -1 -1 0.00 281 324 307 342 -1 -1 -1 -1000 -1000 -1000 -10 -1.00612
Car -1 -1 0.00 357 318 479 359 -1 -1 -1 -1000 -1000 -1000 -10 -1.01731
Car -1 -1 0.00 150 156 173 167 -1 -1 -1 -1000 -1000 -1000 -10 -1.02346
