Car -1 -1 0.00 469 165 499 190 -1 -1 -1 -1000 -1000 -1000 -10 1.25839
Car -1 -1 0.00 513 166 541 184 -1 -1 -1 -1000 -1000 -1000 -10 -0.315209
Car -1 -1 0.00 1157 234 1201 261 -1 -1 -1 -1000 -1000 -1000 -10 -0.883572
Car -1 -1 0.00 297 229 335 242 -1 -1 -1 -1000 -1000 -1000 -10 -0.92644
Car -1 -1 0.00 659 5 682 33 -1 -1 -1 -1000 -1000 -1000 -10 -0.942766
Car -1 -1 0.00 813 260 837 288 -1 -1 -1 -1000 -1000 -1000 -10 -0.949605
Car -1 -1 0.00 473 335 514 369 -1 -1 -1 -1000 -1000 -1000 -10 -0.96078
Car -1 -1 0.00 457 112 497 130 -1 -1 -1 -1000 -1000 -1000 -10 -0.977222
Car -1 -1 0.00 81 182 137 216 -1 -1 -1 -1000 -1000 -1000 -10 -0.978886
Car -1 -1 0.00 660 17 687 48 -1 -1 -1 -1000 -1000 -1000 -10 -0.981208
Car -1 -1 0.00 525 171 606 195 -1 -1 -1 -1000 -1000 -1000 -10 -1.00182
Car -1 -1 0.00 349 86 375 113 -1 -1 -1 -1000 -1000 -1000 -10 -1.01459
