Car -1 -1 0.00 484 179 535 227 -1 -1 -1 -1000 -1000 -1000 -10 1.02266
Car -1 -1 0.00 184 179 439 341 -1 -1 -1 -1000 -1000 -1000 -10 -0.0122034
Car -1 -1 0.00 357 170 481 282 -1 -1 -1 -1000 -1000 -1000 -10 -0.119009
Car -1 -1 0.00 689 168 892 255 -1 -1 -1 -1000 -1000 -1000 -10 -0.399445
Car -1 -1 0.00 8 222 347 375 -1 -1 -1 -1000 -1000 -1000 -10 -0.576027
Car -1 -1 0.00 512 177 553 211 -1 -1 -1 -1000 -1000 -1000 -10 -0.654304
Car -1 -1 0.00 621 177 681 200 -1 -1 -1 -1000 -1000 -1000 -10 -0.662344
Car -1 -1 0.00 73 312 170 373 -1 -1 -1 -1000 -1000 -1000 -10 -0.729745
Car -1 -1 0.00 648 168 822 233 -1 -1 -1 -1000 -1000 -1000 -10 -0.743778
Car -1 -1 0.00 553 179 580 199 -1 -1 -1 -1000 -1000 -1000 -10 -0.896508
Car -1 -1 0.00 125 193 163 211 -1 -1 -1 -1000 -1000 -1000 -10 -0.961607
Car -1 -1 0.00 618 254 648 274 -1 -1 -1 -1000 -1000 -1000 -10 -0.991325
Car -1 -1 0.00 113 223 271 268 -1 -1 -1 -1000 -1000 -1000 -10 -1.01682
Car -1 -1 0.00 660 83 689 112 -1 -1 -1 -1000 -1000 -1000 -10 -1.02729
