Car -1 -1 0.00 323 183 421 241 -1 -1 -1 -1000 -1000 -1000 -10 2.02848
Car -1 -1 0.00 452 182 514 213 -1 -1 -1 -1000 -1000 -1000 -10 1.09266
Car -1 -1 0.00 510 179 549 204 -1 -1 -1 -1000 -1000 -1000 -10 1.061
Car -1 -1 0.00 30 120 58 141 -1 -1 -1 -1000 -1000 -1000 -10 -0.488055
Car -1 -1 0.00 846 5 920 29 -1 -1 -1 -1000 -1000 -1000 -10 -0.924622
Car -1 -1 0.00 780 87 813 113 -1 -1 -1 -1000 -1000 -1000 -10 -0.942959
Car -1 -1 0.00 344 263 389 311 -1 -1 -1 -1000 -1000 -1000 -10 -0.956293
Car -1 -1 0.00 63 193 113 233 -1 -1 -1 -1000 -1000 -1000 -10 -0.962727
Car -1 -1 0.00 140 179 181 224 -1 -1 -1 -1000 -1000 -1000 -10 -0.965781
Car -1 -1 0.00 308 274 347 313 -1 -1 -1 -1000 -1000 -1000 -10 -1.00037
Car -1 -1 0.00 709 173 742 207 -1 -1 -1 -1000 -1000 -1000 -10 -1.00265
Car -1 -1 0.00 115 179 193 273 -1 -1 -1 -1000 -1000 -1000 -10 -1.00683
Car -1 -1 0.00 361 37 406 81 -1 -1 -1 -1000 -1000 -1000 -10 -1.00784
Car -1 -1 0.00 1040 226 1065 244 -1 -1 -1 -1000 -1000 -1000 -10 -1.02461
Car -1 -1 0.00 734 289 779 332 -1 -1 -1 -1000 -1000 -1000 -10 -1.02847
Car -1 -1 0.00 807 280 857 306 -1 -1 -1 -1000 -1000 -1000 -10 -1.02951
