Car -1 -1 0.00 531 175 580 206 -1 -1 -1 -1000 -1000 -1000 -10 1.63021
Car -1 -1 0.00 585 170 648 229 -1 -1 -1 -1000 -1000 -1000 -10 1.47475
Car -1 -1 0.00 267 131 482 272 -1 -1 -1 -1000 -1000 -1000 -10 0.369698
Car -1 -1 0.00 453 177 525 226 -1 -1 -1 -1000 -1000 -1000 -10 0.0116082
Car -1 -1 0.00 564 174 593 199 -1 -1 -1 -1000 -1000 -1000 -10 -0.333702
Car -1 -1 0.00 1061 304 1131 356 -1 -1 -1 -1000 -1000 -1000 -10 -0.535183
Car -1 -1 0.00 894 141 929 163 -1 -1 -1 -1000 -1000 -1000 -10 -0.672122
Car -1 -1 0.00 415 176 533 226 -1 -1 -1 -1000 -1000 -1000 -10 -0.841955
Car -1 -1 0.00 859 140 942 205 -1 -1 -1 -1000 -1000 -1000 -10 -0.899181
Car -1 -1 0.00 1026 199 1179 259 -1 -1 -1 -1000 -1000 -1000 -10 -0.899512
Car -1 -1 0.00 1137 259 1178 285 -1 -1 -1 -1000 -1000 -1000 -10 -0.91943
Car -1 -1 0.00 -45 120 140 179 -1 -1 -1 -1000 -1000 -1000 -10 -0.941081
Car -1 -1 0.00 281 182 467 275 -1 -1 -1 -1000 -1000 -1000 -10 -0.946826
Car -1 -1 0.00 1208 -2 1248 36 -1 -1 -1 -1000 -1000 -1000 -10 -0.974057
Car -1 -1 0.00 356 -2 456 37 -1 -1 -1 -1000 -1000 -1000 -10 -1.00898
Car -1 -1 0.00 1059 110 1097 129 -1 -1 -1 -1000 -1000 -1000 -10 -1.01179
Car -1 -1 0.00 1021 221 1053 246 -1 -1 -1 -1000 -1000 -1000 -10 -1.02648
Car -1 -1 0.00 -31 165 32 185 -1 -1 -1 -1000 -1000 -1000 -10 -1.02856
