Car -1 -1 0.00 690 178 810 263 -1 -1 -1 -1000 -1000 -1000 -10 1.76899
Car -1 -1 0.00 483 180 546 224 -1 -1 -1 -1000 -1000 -1000 -10 1.45609
Car -1 -1 0.00 348 183 489 278 -1 -1 -1 -1000 -1000 -1000 -10 1.19227
Car -1 -1 0.00 678 173 714 191 -1 -1 -1 -1000 -1000 -1000 -10 0.750953
Car -1 -1 0.00 636 175 669 198 -1 -1 -1 -1000 -1000 -1000 -10 0.464163
Car -1 -1 0.00 157 190 427 364 -1 -1 -1 -1000 -1000 -1000 -10 -0.157413
Car -1 -1 0.00 534 175 569 203 -1 -1 -1 -1000 -1000 -1000 -10 -0.272711
Car -1 -1 0.00 33 97 83 143 -1 -1 -1 -1000 -1000 -1000 -10 -0.879239
Car -1 -1 0.00 546 363 573 387 -1 -1 -1 -1000 -1000 -1000 -10 -0.914263
Car -1 -1 0.00 -8 142 16 171 -1 -1 -1 -1000 -1000 -1000 -10 -0.931426
Car -1 -1 0.00 56 18 89 40 -1 -1 -1 -1000 -1000 -1000 -10 -0.958754
Car -1 -1 0.00 380 270 417 301 -1 -1 -1 -1000 -1000 -1000 -10 -0.965784
Car -1 -1 0.00 -2 312 224 377 -1 -1 -1 -1000 -1000 -1000 -10 -0.988298
Car -1 -1 0.00 119 116 163 160 -1 -1 -1 -1000 -1000 -1000 -10 -0.999843
Car -1 -1 0.00 84 -2 203 73 -1 -1 -1 -1000 -1000 -1000 -10 -1.01019
Car -1 -1 0.00 701 195 806 264 -1 -1 -1 -1000 -1000 -1000 -10 -1.01469
Car -1 -1 0.00 304 155 337 183 -1 -1 -1 -1000 -1000 -1000 -10 -1.01695
Car -1 -1 0.00 463 196 503 223 -1 -1 -1 -1000 -1000 -1000 -10 -1.01938
Car -1 -1 0.00 29 299 60 331 -1 -1 -1 -1000 -1000 -1000 -10 -1.02508
Car -1 -1 0.00 815 170 1244 373 -1 -1 -1 -1000 -1000 -1000 -10 -1.0287
