Car -1 -1 0.00 367 179 482 257 -1 -1 -1 -1000 -1000 -1000 -10 1.994
Car -1 -1 0.00 535 181 567 203 -1 -1 -1 -1000 -1000 -1000 -10 1.61058
Car -1 -1 0.00 606 178 639 207 -1 -1 -1 -1000 -1000 -1000 -10 1.39569
Car -1 -1 0.00 322 189 374 212 -1 -1 -1 -1000 -1000 -1000 -10 0.00867154
Car -1 -1 0.00 402 362 433 388 -1 -1 -1 -1000 -1000 -1000 -10 -0.972964
Car -1 -1 0.00 238 97 269 129 -1 -1 -1 -1000 -1000 -1000 -10 -0.991181
Car -1 -1 0.00 1009 144 1045 155 -1 -1 -1 -1000 -1000 -1000 -10 -0.996846
Car -1 -1 0.00 971 143 996 163 -1 -1 -1 -1000 -1000 -1000 -10 -0.996879
Car -1 -1 0.00 991 146 1026 157 -1 -1 -1 -1000 -1000 -1000 -10 -0.997712
Car -1 -1 0.00 745 347 778 374 -1 -1 -1 -1000 -1000 -1000 -10 -1.00131
Car -1 -1 0.00 1024 129 1053 163 -1 -1 -1 -1000 -1000 -1000 -10 -1.01805
Car -1 -1 0.00 984 141 1026 155 -1 -1 -1 -1000 -1000 -1000 -10 -1.02142
Car -1 -1 0.00 556 328 583 354 -1 -1 -1 -1000 -1000 -1000 -10 -1.0259
