Car -1 -1 0.00 640 184 706 232 -1 -1 -1 -1000 -1000 -1000 -10 1.61021
Car -1 -1 0.00 481 178 544 232 -1 -1 -1 -1000 -1000 -1000 -10 -0.00163302
Car -1 -1 0.00 763 166 962 259 -1 -1 -1 -1000 -1000 -1000 -10 -0.372931
Car -1 -1 0.00 451 176 538 216 -1 -1 -1 -1000 -1000 -1000 -10 -0.551618
Car -1 -1 0.00 998 246 1142 368 -1 -1 -1 -1000 -1000 -1000 -10 -0.847902
Car -1 -1 0.00 154 136 189 151 -1 -1 -1 -1000 -1000 -1000 -10 -0.854068
Car -1 -1 0.00 1021 222 1178 301 -1 -1 -1 -1000 -1000 -1000 -10 -0.904391
Car -1 -1 0.00 850 232 950 276 -1 -1 -1 -1000 -1000 -1000 -10 -0.941161
Car -1 -1 0.00 566 177 590 194 -1 -1 -1 -1000 -1000 -1000 -10 -0.955411
Car -1 -1 0.00 874 203 1141 281 -1 -1 -1 -1000 -1000 -1000 -10 -0.972257
Car -1 -1 0.00 1037 144 1074 155 -1 -1 -1 -1000 -1000 -1000 -10 -0.989131
Car -1 -1 0.00 753 170 869 261 -1 -1 -1 -1000 -1000 -1000 -10 -0.996355
Car -1 -1 0.00 96 223 139 243 -1 -1 -1 -1000 -1000 -1000 -10 -0.996722
Car -1 -1 0.00 171 120 236 171 -1 -1 -1 -1000 -1000 -1000 -10 -1.00517
Car -1 -1 0.00 476 99 594 137 -1 -1 -1 -1000 -1000 -1000 -10 -1.01048
Car -1 -1 0.00 1057 93 1092 112 -1 -1 -1 -1000 -1000 -1000 -10 -1.01371
Car -1 -1 0.00 713 233 740 258 -1 -1 -1 -1000 -1000 -1000 -10 -1.01406
