Car -1 -1 0.00 429 265 485 289 -1 -1 -1 -1000 -1000 -1000 -10 -0.720358
Car -1 -1 0.00 894 221 930 263 -1 -1 -1 -1000 -1000 -1000 -10 -0.85963
Car -1 -1 0.00 872 93 907 108 -1 -1 -1 -1000 -1000 -1000 -10 -0.926085
Car -1 -1 0.00 603 344 638 380 -1 -1 -1 -1000 -1000 -1000 -10 -0.936251
Car -1 -1 0.00 552 277 589 315 -1 -1 -1 -1000 -1000 -1000 -10 -0.957839
Car -1 -1 0.00 1179 229 1205 249 -1 -1 -1 -1000 -1000 -1000 -10 -0.958398
Car -1 -1 0.00 442 169 470 184 -1 -1 -1 -1000 -1000 -1000 -10 -0.969059
Car -1 -1 0.00 882 279 916 293 -1 -1 -1 -1000 -1000 -1000 -10 -0.97453
Car -1 -1 0.00 1047 48 1088 64 -1 -1 -1 -1000 -1000 -1000 -10 -0.979717
Car -1 -1 0.00 942 335 1042 369 -1 -1 -1 -1000 -1000 -1000 -10 -0.991515
Car -1 -1 0.00 637 173 757 214 -1 -1 -1 -1000 -1000 -1000 -10 -0.99413
Car -1 -1 0.00 755 207 794 238 -1 -1 -1 -1000 -1000 -1000 -10 -1.00524
Car -1 -1 0.00 632 331 680 369 -1 -1 -1 -1000 -1000 -1000 -10 -1.00825
Car -1 -1 0.00 340 9 388 25 -1 -1 -1 -1000 -1000 -1000 -10 -1.02874
