Car -1 -1 0.00 938 146 1224 278 -1 -1 -1 -1000 -1000 -1000 -10 0.891359
Car -1 -1 0.00 577 184 634 229 -1 -1 -1 -1000 -1000 -1000 -10 0.533553
Car -1 -1 0.00 894 169 983 209 -1 -1 -1 -1000 -1000 -1000 -10 -0.286766
Car -1 -1 0.00 559 177 597 207 -1 -1 -1 -1000 -1000 -1000 -10 -0.288398
Car -1 -1 0.00 691 174 730 190 -1 -1 -1 -1000 -1000 -1000 -10 -0.546128
Car -1 -1 0.00 562 177 588 204 -1 -1 -1 -1000 -1000 -1000 -10 -0.841335
Car -1 -1 0.00 816 41 985 96 -1 -1 -1 -1000 -1000 -1000 -10 -0.948512
Car -1 -1 0.00 114 158 336 219 -1 -1 -1 -1000 -1000 -1000 -10 -0.970917
Car -1 -1 0.00 1165 270 1189 290 -1 -1 -1 -1000 -1000 -1000 -10 -0.983527
Car -1 -1 0.00 525 366 574 383 -1 -1 -1 -1000 -1000 -1000 -10 -0.988249
Car -1 -1 0.00 1177 48 1212 75 -1 -1 -1 -1000 -1000 -1000 -10 -1.02191
Car -1 -1 0.00 1192 275 1225 301 -1 -1 -1 -1000 -1000 -1000 -10 -1.02473
