Car -1 -1 0.00 430 184 512 209 -1 -1 -1 -1000 -1000 -1000 -10 0.816435
Car -1 -1 0.00 44 198 179 250 -1 -1 -1 -1000 -1000 -1000 -10 0.236667
Car -1 -1 0.00 268 189 332 217 -1 -1 -1 -1000 -1000 -1000 -10 -0.305223
Car -1 -1 0.00 183 198 291 230 -1 -1 -1 -1000 -1000 -1000 -10 -0.885631
Car -1 -1 0.00 1116 254 1147 275 -1 -1 -1 -1000 -1000 -1000 -10 -0.966741
Car -1 -1 0.00 44 211 149 244 -1 -1 -1 -1000 -1000 -1000 -10 -0.971769
Car -1 -1 0.00 1198 141 1225 149 -1 -1 -1 -1000 -1000 -1000 -10 -0.976157
Car -1 -1 0.00 1135 321 1171 347 -1 -1 -1 -1000 -1000 -1000 -10 -0.981848
Car -1 -1 0.00 364 184 419 203 -1 -1 -1 -1000 -1000 -1000 -10 -1.01803
Car -1 -1 0.00 17 115 45 136 -1 -1 -1 -1000 -1000 -1000 -10 -1.02177
