Car -1 -1 0.00 420 167 593 259 -1 -1 -1 -1000 -1000 -1000 -10 -0.707441
Car -1 -1 0.00 520 171 603 193 -1 -1 -1 -1000 -1000 -1000 -10 -0.802292
Car -1 -1 0.00 911 120 956 157 -1 -1 -1 -1000 -1000 -1000 -10 -0.888853
Car -1 -1 0.00 523 183 599 204 -1 -1 -1 -1000 -1000 -1000 -10 -0.896496
Car -1 -1 0.00 956 79 986 111 -1 -1 -1 -1000 -1000 -1000 -10 -0.930689
Car -1 -1 0.00 473 336 514 369 -1 -1 -1 -1000 -1000 -1000 -10 -0.9657
Car -1 -1 0.00 1124 -33 1245 95 -1 -1 -1 -1000 -1000 -1000 -10 -0.992061
Car -1 -1 0.00 813 261 837 288 -1 -1 -1 -1000 -1000 -1000 -10 -1.00153
Car -1 -1 0.00 410 95 448 109 -1 -1 -1 -1000 -1000 -1000 -10 -1.01292
Car -1 -1 0.00 128 75 182 112 -1 -1 -1 -1000 -1000 -1000 -10 -1.01825
Car -1 -1 0.00 659 5 683 33 -1 -1 -1 -1000 -1000 -1000 -10 -1.0283
