Car -1 -1 0.00 951 333 1047 369 -1 -1 -1 -1000 -1000 -1000 -10 -0.781162
Car -1 -1 0.00 1022 91 1131 123 -1 -1 -1 -1000 -1000 -1000 -10 -0.78763
Car -1 -1 0.00 408 266 450 300 -1 -1 -1 -1000 -1000 -1000 -10 -0.857419
Car -1 -1 0.00 791 115 833 134 -1 -1 -1 -1000 -1000 -1000 -10 -0.884031
Car -1 -1 0.00 104 91 188 128 -1 -1 -1 -1000 -1000 -1000 -10 -0.941441
Car -1 -1 0.00 611 347 638 369 -1 -1 -1 -1000 -1000 -1000 -10 -0.965534
Car -1 -1 0.00 553 279 587 318 -1 -1 -1 -1000 -1000 -1000 -10 -0.982657
Car -1 -1 0.00 229 191 419 278 -1 -1 -1 -1000 -1000 -1000 -10 -0.992045
Car -1 -1 0.00 915 103 968 129 -1 -1 -1 -1000 -1000 -1000 -10 -1.00258
Car -1 -1 0.00 531 33 580 54 -1 -1 -1 -1000 -1000 -1000 -10 -1.02095
Car -1 -1 0.00 515 305 539 331 -1 -1 -1 -1000 -1000 -1000 -10 -1.02754
