Car -1 -1 0.00 388 183 466 234 -1 -1 -1 -1000 -1000 -1000 -10 1.98945
Car -1 -1 0.00 474 182 513 209 -1 -1 -1 -1000 -1000 -1000 -10 0.325765
Car -1 -1 0.00 125 200 406 374 -1 -1 -1 -1000 -1000 -1000 -10 -0.283632
Car -1 -1 0.00 602 171 635 186 -1 -1 -1 -1000 -1000 -1000 -10 -0.833621
Car -1 -1 0.00 879 205 916 232 -1 -1 -1 -1000 -1000 -1000 -10 -0.84108
Car -1 -1 0.00 534 177 564 203 -1 -1 -1 -1000 -1000 -1000 -10 -0.848182
Car -1 -1 0.00 312 186 388 246 -1 -1 -1 -1000 -1000 -1000 -10 -0.860587
Car -1 -1 0.00 663 232 702 267 -1 -1 -1 -1000 -1000 -1000 -10 -0.902857
Car -1 -1 0.00 20 71 46 83 -1 -1 -1 -1000 -1000 -1000 -10 -0.918867
Car -1 -1 0.00 472 166 509 209 -1 -1 -1 -1000 -1000 -1000 -10 -0.923445
Car -1 -1 0.00 712 -4 786 63 -1 -1 -1 -1000 -1000 -1000 -10 -0.971962
Car -1 -1 0.00 887 290 915 312 -1 -1 -1 -1000 -1000 -1000 -10 -1.00368
Car -1 -1 0.00 171 201 195 224 -1 -1 -1 -1000 -1000 -1000 -10 -1.00751
Car -1 -1 0.00 565 282 600 290 -1 -1 -1 -1000 -1000 -1000 -10 -1.01083
Car -1 -1 0.00 765 241 789 262 -1 -1 -1 -1000 -1000 -1000 -10 -1.01168
