Car -1 -1 0.00 562 176 635 241 -1 -1 -1 -1000 -1000 -1000 -10 -0.307816
Car -1 -1 0.00 48 102 75 124 -1 -1 -1 -1000 -1000 -1000 -10 -0.890672
Car -1 -1 0.00 497 233 536 268 -1 -1 -1 -1000 -1000 -1000 -10 -0.932012
Car -1 -1 0.00 634 246 664 279 -1 -1 -1 -1000 -1000 -1000 -10 -0.97177
Car -1 -1 0.00 1162 103 1210 137 -1 -1 -1 -1000 -1000 -1000 -10 -0.983328
Car -1 -1 0.00 537 102 565 128 -1 -1 -1 -1000 -1000 -1000 -10 -0.986299
Car -1 -1 0.00 98 125 150 147 -1 -1 -1 -1000 -1000 -1000 -10 -0.992864
Car -1 -1 0.00 1048 -18 1088 24 -1 -1 -1 -1000 -1000 -1000 -10 -0.999611
Car -1 -1 0.00 844 40 879 52 -1 -1 -1 -1000 -1000 -1000 -10 -1.00033
Car -1 -1 0.00 1181 212 1217 223 -1 -1 -1 -1000 -1000 -1000 -10 -1.00739
Car -1 -1 0.00 1038 342 1084 382 -1 -1 -1 -1000 -1000 -1000 -10 -1.00765
Car -1 -1 0.00 509 85 545 112 -1 -1 -1 -1000 -1000 -1000 -10 -1.01822
Car -1 -1 0.00 378 93 428 110 -1 -1 -1 -1000 -1000 -1000 -10 -1.02619
