Car -1 -1 0.00 1032 183 1158 232 -1 -1 -1 -1000 -1000 -1000 -10 1.61295
Car -1 -1 0.00 954 181 1069 233 -1 -1 -1 -1000 -1000 -1000 -10 1.58585
Car -1 -1 0.00 1095 184 1223 236 -1 -1 -1 -1000 -1000 -1000 -10 0.859423
Car -1 -1 0.00 545 174 574 198 -1 -1 -1 -1000 -1000 -1000 -10 0.312451
Car -1 -1 0.00 590 172 640 208 -1 -1 -1 -1000 -1000 -1000 -10 -0.607937
Car -1 -1 0.00 323 155 356 184 -1 -1 -1 -1000 -1000 -1000 -10 -0.859628
Car -1 -1 0.00 1115 42 1142 62 -1 -1 -1 -1000 -1000 -1000 -10 -0.953475
Car -1 -1 0.00 498 241 555 252 -1 -1 -1 -1000 -1000 -1000 -10 -0.96575
Car -1 -1 0.00 835 174 864 206 -1 -1 -1 -1000 -1000 -1000 -10 -0.977756
Car -1 -1 0.00 887 243 944 285 -1 -1 -1 -1000 -1000 -1000 -10 -0.994941
Car -1 -1 0.00 955 173 1014 195 -1 -1 -1 -1000 -1000 -1000 -10 -1.0001
Car -1 -1 0.00 3 253 104 283 -1 -1 -1 -1000 -1000 -1000 -10 -1.00114
Car -1 -1 0.00 1159 15 1204 30 -1 -1 -1 -1000 -1000 -1000 -10 -1.00257
Car -1 -1 0.00 491 242 550 257 -1 -1 -1 -1000 -1000 -1000 -10 -1.01365
Car -1 -1 0.00 24 189 55 210 -1 -1 -1 -1000 -1000 -1000 -10 -1.01482
Car -1 -1 0.00 1162 30 1188 41 -1 -1 -1 -1000 -1000 -1000 -10 -1.02661
Car -1 -1 0.00 808 278 836 291 -1 -1 -1 -1000 -1000 -1000 -10 -1.02667
