Car -1 -1 0.00 529 178 592 204 -1 -1 -1 -1000 -1000 -1000 -10 0.956961
Car -1 -1 0.00 499 182 543 201 -1 -1 -1 -1000 -1000 -1000 -10 0.32219
Car -1 -1 0.00 228 187 256 205 -1 -1 -1 -1000 -1000 -1000 -10 -0.836612
Car -1 -1 0.00 1104 47 1199 86 -1 -1 -1 -1000 -1000 -1000 -10 -0.839869
Car -1 -1 0.00 1075 15 1106 37 -1 -1 -1 -1000 -1000 -1000 -10 -0.932185
Car -1 -1 0.00 1146 121 1182 144 -1 -1 -1 -1000 -1000 -1000 -10 -0.97576
Car -1 -1 0.00 935 183 1003 213 -1 -1 -1 -1000 -1000 -1000 -10 -0.98739
Car -1 -1 0.00 574 142 621 162 -1 -1 -1 -1000 -1000 -1000 -10 -0.997807
Car -1 -1 0.00 69 220 151 255 -1 -1 -1 -1000 -1000 -1000 -10 -1.00739
Car -1 -1 0.00 520 111 545 126 -1 -1 -1 -1000 -1000 -1000 -10 -1.02486
Car -1 -1 0.00 178 26 239 48 -1 -1 -1 -1000 -1000 -1000 -10 -1.02606
