Car -1 -1 0.00 709 52 742 67 -1 -1 -1 -1000 -1000 -1000 -10 -0.663117
Car -1 -1 0.00 430 265 483 287 -1 -1 -1 -1000 -1000 -1000 -10 -0.815103
Car -1 -1 0.00 120 90 185 121 -1 -1 -1 -1000 -1000 -1000 -10 -0.887243
Car -1 -1 0.00 947 113 1002 136 -1 -1 -1 -1000 -1000 -1000 -10 -0.955142
Car -1 -1 0.00 583 276 627 324 -1 -1 -1 -1000 -1000 -1000 -10 -0.967998
Car -1 -1 0.00 675 220 764 253 -1 -1 -1 -1000 -1000 -1000 -10 -0.98195
Car -1 -1 0.00 470 265 528 289 -1 -1 -1 -1000 -1000 -1000 -10 -0.98842
Car -1 -1 0.00 995 187 1021 206 -1 -1 -1 -1000 -1000 -1000 -10 -0.988578
Car -1 -1 0.00 123 82 155 98 -1 -1 -1 -1000 -1000 -1000 -10 -0.991215
Car -1 -1 0.00 544 304 599 362 -1 -1 -1 -1000 -1000 -1000 -10 -0.998791
Car -1 -1 0.00 900 47 956 68 -1 -1 -1 -1000 -1000 -1000 -10 -1.00206
Car -1 -1 0.00 488 286 522 316 -1 -1 -1 -1000 -1000 -1000 -10 -1.00325
Car -1 -1 0.00 1139 205 1184 245 -1 -1 -1 -1000 -1000 -1000 -10 -1.00661
Car -1 -1 0.00 1065 42 1112 52 -1 -1 -1 -1000 -1000 -1000 -10 -1.01049
Car -1 -1 0.00 725 64 757 95 -1 -1 -1 -1000 -1000 -1000 -10 -1.0124
