Car -1 -1 0.00 502 186 566 234 -1 -1 -1 -1000 -1000 -1000 -10 1.68366
Car -1 -1 0.00 576 182 620 211 -1 -1 -1 -1000 -1000 -1000 -10 1.24114
Car -1 -1 0.00 367 188 485 278 -1 -1 -1 -1000 -1000 -1000 -10 0.765175
Car -1 -1 0.00 643 175 667 195 -1 -1 -1 -1000 -1000 -1000 -10 0.157201
Car -1 -1 0.00 274 287 334 318 -1 -1 -1 -1000 -1000 -1000 -10 -0.775603
Car -1 -1 0.00 1166 131 1218 169 -1 -1 -1 -1000 -1000 -1000 -10 -0.871439
Car -1 -1 0.00 1119 97 1170 120 -1 -1 -1 -1000 -1000 -1000 -10 -0.950342
Car -1 -1 0.00 852 273 878 294 -1 -1 -1 -1000 -1000 -1000 -10 -0.974466
Car -1 -1 0.00 59 219 97 237 -1 -1 -1 -1000 -1000 -1000 -10 -0.97591
Car -1 -1 0.00 822 46 876 92 -1 -1 -1 -1000 -1000 -1000 -10 -0.99389
Car -1 -1 0.00 65 227 89 240 -1 -1 -1 -1000 -1000 -1000 -10 -0.998403
Car -1 -1 0.00 121 330 153 349 -1 -1 -1 -1000 -1000 -1000 -10 -1.00824
Car -1 -1 0.00 661 158 685 178 -1 -1 -1 -1000 -1000 -1000 -10 -1.0117
Car -1 -1 0.00 479 112 506 132 -1 -1 -1 -1000 -1000 -1000 -10 -1.02315
