Car -1 -1 0.00 -1 199 280 342 -1 -1 -1 -1000 -1000 -1000 -10 1.15891
Car -1 -1 0.00 320 186 430 256 -1 -1 -1 -1000 -1000 -1000 -10 0.672634
Car -1 -1 0.00 1001 192 1024 216 -1 -1 -1 -1000 -1000 -1000 -10 -0.762106
Car -1 -1 0.00 601 129 708 217 -1 -1 -1 -1000 -1000 -1000 -10 -0.877604
Car -1 -1 0.00 1056 42 1084 60 -1 -1 -1 -1000 -1000 -1000 -10 -0.901618
Car -1 -1 0.00 700 186 745 214 -1 -1 -1 -1000 -1000 -1000 -10 -0.93731
Car -1 -1 0.00 723 287 779 337 -1 -1 -1 -1000 -1000 -1000 -10 -0.954325
Car -1 -1 0.00 552 114 581 129 -1 -1 -1 -1000 -1000 -1000 -10 -0.976955
Car -1 -1 0.00 329 -16 428 20 -1 -1 -1 -1000 -1000 -1000 -10 -0.984212
Car -1 -1 0.00 341 29 376 69 -1 -1 -1 -1000 -1000 -1000 -10 -0.995243
Car -1 -1 0.00 797 145 898 200 -1 -1 -1 -1000 -1000 -1000 -10 -0.997627
Car -1 -1 0.00 960 140 991 162 -1 -1 -1 -1000 -1000 -1000 -10 -1.00268
Car -1 -1 0.00 1139 31 1193 65 -1 -1 -1 -1000 -1000 -1000 -10 -1.01361
