Car -1 -1 0.00 826 163 984 295 -1 -1 -1 -1000 -1000 -1000 -10 0.737287
Car -1 -1 0.00 272 179 337 208 -1 -1 -1 -1000 -1000 -1000 -10 0.559324
Car -1 -1 0.00 643 178 674 201 -1 -1 -1 -1000 -1000 -1000 -10 0.551704
Car -1 -1 0.00 344 177 400 205 -1 -1 -1 -1000 -1000 -1000 -10 -0.247551
Car -1 -1 0.00 520 175 561 203 -1 -1 -1 -1000 -1000 -1000 -10 -0.726439
Car -1 -1 0.00 625 173 650 191 -1 -1 -1 -1000 -1000 -1000 -10 -0.745551
Car -1 -1 0.00 397 180 425 198 -1 -1 -1 -1000 -1000 -1000 -10 -0.829165
Car -1 -1 0.00 471 177 499 189 -1 -1 -1 -1000 -1000 -1000 -10 -0.856494
Car -1 -1 0.00 406 179 445 196 -1 -1 -1 -1000 -1000 -1000 -10 -0.959268
Car -1 -1 0.00 632 178 689 200 -1 -1 -1 -1000 -1000 -1000 -10 -0.96843
Car -1 -1 0.00 704 -2 785 25 -1 -1 -1 -1000 -1000 -1000 -10 -1.01196
Car -1 -1 0.00 989 152 1027 164 -1 -1 -1 -1000 -1000 -1000 -10 -1.02107
Car -1 -1 0.00 1175 6 1232 24 -1 -1 -1 -1000 -1000 -1000 -10 -1.02124
