Car -1 -1 0.00 450 179 550 217 -1 -1 -1 -1000 -1000 -1000 -10 1.03436
Car -1 -1 0.00 156 182 199 208 -1 -1 -1 -1000 -1000 -1000 -10 0.773551
Car -1 -1 0.00 694 182 791 221 -1 -1 -1 -1000 -1000 -1000 -10 0.516476
Car -1 -1 0.00 1031 177 1187 220 -1 -1 -1 -1000 -1000 -1000 -10 0.419647
Car -1 -1 0.00 200 186 311 225 -1 -1 -1 -1000 -1000 -1000 -10 -0.42517
Car -1 -1 0.00 193 185 226 208 -1 -1 -1 -1000 -1000 -1000 -10 -0.507802
Car -1 -1 0.00 1146 -3 1180 23 -1 -1 -1 -1000 -1000 -1000 -10 -0.809126
Car -1 -1 0.00 225 183 327 223 -1 -1 -1 -1000 -1000 -1000 -10 -0.809198
Car -1 -1 0.00 431 179 466 196 -1 -1 -1 -1000 -1000 -1000 -10 -0.840393
Car -1 -1 0.00 1227 -12 1252 13 -1 -1 -1 -1000 -1000 -1000 -10 -0.91683
Car -1 -1 0.00 323 -2 384 43 -1 -1 -1 -1000 -1000 -1000 -10 -0.932898
Car -1 -1 0.00 344 178 412 206 -1 -1 -1 -1000 -1000 -1000 -10 -0.9977
Car -1 -1 0.00 1119 43 1147 64 -1 -1 -1 -1000 -1000 -1000 -10 -1.00418
Car -1 -1 0.00 470 162 502 187 -1 -1 -1 -1000 -1000 -1000 -10 -1.00712
Car -1 -1 0.00 900 234 965 253 -1 -1 -1 -1000 -1000 -1000 -10 -1.00803
Car -1 -1 0.00 831 232 905 253 -1 -1 -1 -1000 -1000 -1000 -10 -1.01242
Car -1 -1 0.00 977 175 1055 198 -1 -1 -1 -1000 -1000 -1000 -10 -1.01398
Car -1 -1 0.00 874 241 986 274 -1 -1 -1 -1000 -1000 -1000 -10 -1.01555
Car -1 -1 0.00 433 184 553 219 -1 -1 -1 -1000 -1000 -1000 -10 -1.01837
Car -1 -1 0.00 1223 -6 1256 6 -1 -1 -1 -1000 -1000 -1000 -10 -1.02835
