Car -1 -1 0.00 761 188 908 281 -1 -1 -1 -1000 -1000 -1000 -10 1.06661
Car -1 -1 0.00 651 180 696 209 -1 -1 -1 -1000 -1000 -1000 -10 0.76599
Car -1 -1 0.00 482 325 530 345 -1 -1 -1 -1000 -1000 -1000 -10 -0.893667
Car -1 -1 0.00 48 94 74 113 -1 -1 -1 -1000 -1000 -1000 -10 -0.921496
Car -1 -1 0.00 76 -2 139 18 -1 -1 -1 -1000 -1000 -1000 -10 -0.929819
Car -1 -1 0.00 641 299 677 325 -1 -1 -1 -1000 -1000 -1000 -10 -0.971248
Car -1 -1 0.00 170 269 204 284 -1 -1 -1 -1000 -1000 -1000 -10 -0.981219
Car -1 -1 0.00 54 -2 118 18 -1 -1 -1 -1000 -1000 -1000 -10 -0.999271
Car -1 -1 0.00 742 63 802 126 -1 -1 -1 -1000 -1000 -1000 -10 -0.999979
Car -1 -1 0.00 97 -2 159 18 -1 -1 -1 -1000 -1000 -1000 -10 -1.00183
Car -1 -1 0.00 326 335 433 398 -1 -1 -1 -1000 -1000 -1000 -10 -1.01733
Car -1 -1 0.00 652 181 682 208 -1 -1 -1 -1000 -1000 -1000 -10 -1.02181
