Car -1 -1 0.00 617 181 652 192 -1 -1 -1 -1000 -1000 -1000 -10 -0.172589
Car -1 -1 0.00 662 180 694 193 -1 -1 -1 -1000 -1000 -1000 -10 -0.626574
Car -1 -1 0.00 1191 23 1221 47 -1 -1 -1 -1000 -1000 -1000 -10 -0.884839
Car -1 -1 0.00 65 59 87 72 -1 -1 -1 -1000 -1000 -1000 -10 -0.893743
Car -1 -1 0.00 900 262 927 282 -1 -1 -1 -1000 -1000 -1000 -10 -0.935157
Car -1 -1 0.00 230 158 271 179 -1 -1 -1 -1000 -1000 -1000 -10 -0.961182
Car -1 -1 0.00 162 13 189 33 -1 -1 -1 -1000 -1000 -1000 -10 -0.971438
Car -1 -1 0.00 329 291 376 322 -1 -1 -1 -1000 -1000 -1000 -10 -0.982039
Car -1 -1 0.00 57 220 87 234 -1 -1 -1 -1000 -1000 -1000 -10 -1.00153
Car -1 -1 0.00 507 181 534 194 -1 -1 -1 -1000 -1000 -1000 -10 -1.00952
Car -1 -1 0.00 674 212 703 229 -1 -1 -1 -1000 -1000 -1000 -10 -1.01692
