Car -1 -1 0.00 697 177 733 201 -1 -1 -1 -1000 -1000 -1000 -10 1.24738
Car -1 -1 0.00 681 177 704 193 -1 -1 -1 -1000 -1000 -1000 -10 0.823862
Car -1 -1 0.00 -1 186 168 252 -1 -1 -1 -1000 -1000 -1000 -10 0.326408
Car -1 -1 0.00 882 166 912 187 -1 -1 -1 -1000 -1000 -1000 -10 -0.307987
Car -1 -1 0.00 1092 172 1173 207 -1 -1 -1 -1000 -1000 -1000 -10 -0.574536
Car -1 -1 0.00 258 162 311 185 -1 -1 -1 -1000 -1000 -1000 -10 -0.629591
Car -1 -1 0.00 898 169 936 185 -1 -1 -1 -1000 -1000 -1000 -10 -0.813834
Car -1 -1 0.00 545 174 569 185 -1 -1 -1 -1000 -1000 -1000 -10 -0.856849
Car -1 -1 0.00 912 169 936 185 -1 -1 -1 -1000 -1000 -1000 -10 -0.977971
Car -1 -1 0.00 615 174 642 184 -1 -1 -1 -1000 -1000 -1000 -10 -0.980762
Car -1 -1 0.00 73 289 160 347 -1 -1 -1 -1000 -1000 -1000 -10 -0.98362
