Car -1 -1 0.00 951 11 980 31 -1 -1 -1 -1000 -1000 -1000 -10 -0.757257
Car -1 -1 0.00 916 23 978 56 -1 -1 -1 -1000 -1000 -1000 -10 -0.801147
Car -1 -1 0.00 428 265 485 288 -1 -1 -1 -1000 -1000 -1000 -10 -0.839513
Car -1 -1 0.00 1179 229 1205 248 -1 -1 -1 -1000 -1000 -1000 -10 -0.919975
Car -1 -1 0.00 442 169 470 183 -1 -1 -1 -1000 -1000 -1000 -10 -0.970988
Car -1 -1 0.00 578 173 616 220 -1 -1 -1 -1000 -1000 -1000 -10 -0.978014
Car -1 -1 0.00 603 344 638 379 -1 -1 -1 -1000 -1000 -1000 -10 -1.00446
Car -1 -1 0.00 1139 205 1183 245 -1 -1 -1 -1000 -1000 -1000 -10 -1.01079
Car -1 -1 0.00 577 165 656 219 -1 -1 -1 -1000 -1000 -1000 -10 -1.01397
Car -1 -1 0.00 167 10 227 38 -1 -1 -1 -1000 -1000 -1000 -10 -1.0163
Car -1 -1 0.00 509 104 571 139 -1 -1 -1 -1000 -1000 -1000 -10 -1.02776
