Car -1 -1 0.00 410 184 507 257 -1 -1 -1 -1000 -1000 -1000 -10 2.07877
Car -1 -1 0.00 309 182 424 225 -1 -1 -1 -1000 -1000 -1000 -10 1.83071
Car -1 -1 0.00 559 174 596 207 -1 -1 -1 -1000 -1000 -1000 -10 0.817606
Car -1 -1 0.00 807 162 853 182 -1 -1 -1 -1000 -1000 -1000 -10 -0.181796
Car -1 -1 0.00 702 163 754 185 -1 -1 -1 -1000 -1000 -1000 -10 -0.210285
Car -1 -1 0.00 842 153 967 208 -1 -1 -1 -1000 -1000 -1000 -10 -0.225377
Car -1 -1 0.00 -9 173 273 302 -1 -1 -1 -1000 -1000 -1000 -10 -0.309166
Car -1 -1 0.00 140 194 330 273 -1 -1 -1 -1000 -1000 -1000 -10 -0.504774
Car -1 -1 0.00 983 155 1093 196 -1 -1 -1 -1000 -1000 -1000 -10 -0.848605
Car -1 -1 0.00 35 244 138 316 -1 -1 -1 -1000 -1000 -1000 -10 -0.919326
Car -1 -1 0.00 245 352 273 373 -1 -1 -1 -1000 -1000 -1000 -10 -0.930468
Car -1 -1 0.00 394 4 450 49 -1 -1 -1 -1000 -1000 -1000 -10 -0.933896
Car -1 -1 0.00 314 241 348 256 -1 -1 -1 -1000 -1000 -1000 -10 -0.97437
Car -1 -1 0.00 383 -14 454 14 -1 -1 -1 -1000 -1000 -1000 -10 -0.992492
Car -1 -1 0.00 397 13 448 70 -1 -1 -1 -1000 -1000 -1000 -10 -1.01511
Car -1 -1 0.00 -10 176 180 233 -1 -1 -1 -1000 -1000 -1000 -10 -1.02045
