Car -1 -1 0.00 493 177 540 209 -1 -1 -1 -1000 -1000 -1000 -10 1.74144
Car -1 -1 0.00 530 176 558 196 -1 -1 -1 -1000 -1000 -1000 -10 0.0588246
Car -1 -1 0.00 628 173 654 188 -1 -1 -1 -1000 -1000 -1000 -10 -0.587147
Car -1 -1 0.00 966 146 1000 169 -1 -1 -1 -1000 -1000 -1000 -10 -0.905092
Car -1 -1 0.00 482 271 508 283 -1 -1 -1 -1000 -1000 -1000 -10 -0.952883
Car -1 -1 0.00 159 117 215 154 -1 -1 -1 -1000 -1000 -1000 -10 -0.954041
Car -1 -1 0.00 479 117 510 140 -1 -1 -1 -1000 -1000 -1000 -10 -0.973251
Car -1 -1 0.00 744 172 770 190 -1 -1 -1 -1000 -1000 -1000 -10 -0.978163
Car -1 -1 0.00 1137 218 1198 255 -1 -1 -1 -1000 -1000 -1000 -10 -0.980505
Car -1 -1 0.00 476 228 513 244 -1 -1 -1 -1000 -1000 -1000 -10 -0.984492
Car -1 -1 0.00 991 81 1019 113 -1 -1 -1 -1000 -1000 -1000 -10 -1.0187
Car -1 -1 0.00 475 352 503 370 -1 -1 -1 -1000 -1000 -1000 -10 -1.02753
