Car -1 -1 0.00 54 186 226 244 -1 -1 -1 -1000 -1000 -1000 -10 0.823631
Car -1 -1 0.00 926 186 1061 221 -1 -1 -1 -1000 -1000 -1000 -10 0.463668
Car -1 -1 0.00 527 174 728 228 -1 -1 -1 -1000 -1000 -1000 -10 -0.0580122
Car -1 -1 0.00 909 177 1051 227 -1 -1 -1 -1000 -1000 -1000 -10 -0.409634
Car -1 -1 0.00 1132 177 1290 221 -1 -1 -1 -1000 -1000 -1000 -10 -0.660033
Car -1 -1 0.00 210 317 263 332 -1 -1 -1 -1000 -1000 -1000 -10 -0.820589
Car -1 -1 0.00 68 326 119 338 -1 -1 -1 -1000 -1000 -1000 -10 -0.952631
Car -1 -1 0.00 1049 338 1082 354 -1 -1 -1 -1000 -1000 -1000 -10 -0.95851
Car -1 -1 0.00 0 182 51 200 -1 -1 -1 -1000 -1000 -1000 -10 -0.96903
Car -1 -1 0.00 56 207 141 245 -1 -1 -1 -1000 -1000 -1000 -10 -0.974029
Car -1 -1 0.00 950 69 975 96 -1 -1 -1 -1000 -1000 -1000 -10 -1.00194
Car -1 -1 0.00 340 295 380 311 -1 -1 -1 -1000 -1000 -1000 -10 -1.00801
Car -1 -1 0.00 1103 340 1130 353 -1 -1 -1 -1000 -1000 -1000 -10 -1.00881
Car -1 -1 0.00 724 335 751 364 -1 -1 -1 -1000 -1000 -1000 -10 -1.01281
Car -1 -1 0.00 165 319 214 334 -1 -1 -1 -1000 -1000 -1000 -10 -1.01661
Car -1 -1 0.00 492 240 623 279 -1 -1 -1 -1000 -1000 -1000 -10 -1.02224
Car -1 -1 0.00 474 56 504 90 -1 -1 -1 -1000 -1000 -1000 -10 -1.02251
Car -1 -1 0.00 995 233 1028 257 -1 -1 -1 -1000 -1000 -1000 -10 -1.02668
