Car -1 -1 0.00 391 186 547 283 -1 -1 -1 -1000 -1000 -1000 -10 1.46398
Car -1 -1 0.00 496 181 579 247 -1 -1 -1 -1000 -1000 -1000 -10 -0.502539
Car -1 -1 0.00 159 179 227 199 -1 -1 -1 -1000 -1000 -1000 -10 -0.977296
Car -1 -1 0.00 1045 101 1072 122 -1 -1 -1 -1000 -1000 -1000 -10 -0.989381
Car -1 -1 0.00 300 232 345 255 -1 -1 -1 -1000 -1000 -1000 -10 -0.990544
Car -1 -1 0.00 170 250 276 305 -1 -1 -1 -1000 -1000 -1000 -10 -0.996691
Car -1 -1 0.00 904 152 929 171 -1 -1 -1 -1000 -1000 -1000 -10 -0.997316
Car -1 -1 0.00 727 277 759 304 -1 -1 -1 -1000 -1000 -1000 -10 -1.00071
Car -1 -1 0.00 55 5 82 25 -1 -1 -1 -1000 -1000 -1000 -10 -1.00459
Car -1 -1 0.00 680 165 714 181 -1 -1 -1 -1000 -1000 -1000 -10 -1.00941
Car -1 -1 0.00 290 122 340 146 -1 -1 -1 -1000 -1000 -1000 -10 -1.01022
Car -1 -1 0.00 851 160 883 181 -1 -1 -1 -1000 -1000 -1000 -10 -1.01205
Car -1 -1 0.00 709 188 768 246 -1 -1 -1 -1000 -1000 -1000 -10 -1.02186
