Car -1 -1 0.00 791 155 1153 374 -1 -1 -1 -1000 -1000 -1000 -10 1.91007
Car -1 -1 0.00 681 176 811 260 -1 -1 -1 -1000 -1000 -1000 -10 1.57279
Car -1 -1 0.00 655 177 704 216 -1 -1 -1 -1000 -1000 -1000 -10 1.27691
Car -1 -1 0.00 738 184 891 287 -1 -1 -1 -1000 -1000 -1000 -10 1.05941
Car -1 -1 0.00 322 163 515 241 -1 -1 -1 -1000 -1000 -1000 -10 0.482327
Car -1 -1 0.00 1187 163 1232 203 -1 -1 -1 -1000 -1000 -1000 -10 -0.798313
Car -1 -1 0.00 664 175 708 217 -1 -1 -1 -1000 -1000 -1000 -10 -0.862678
Car -1 -1 0.00 175 102 220 140 -1 -1 -1 -1000 -1000 -1000 -10 -0.871267
Car -1 -1 0.00 65 234 206 300 -1 -1 -1 -1000 -1000 -1000 -10 -0.93692
Car -1 -1 0.00 685 177 862 249 -1 -1 -1 -1000 -1000 -1000 -10 -0.966814
Car -1 -1 0.00 816 47 854 62 -1 -1 -1 -1000 -1000 -1000 -10 -0.999595
Car -1 -1 0.00 681 178 780 253 -1 -1 -1 -1000 -1000 -1000 -10 -1.00929
Car -1 -1 0.00 163 99 196 116 -1 -1 -1 -1000 -1000 -1000 -10 -1.01667
Car -1 -1 0.00 135 237 240 303 -1 -1 -1 -1000 -1000 -1000 -10 -1.02592
Car -1 -1 0.00 1236 176 1263 210 -1 -1 -1 -1000 -1000 -1000 -10 -1.02961
