Car -1 -1 0.00 1033 182 1157 230 -1 -1 -1 -1000 -1000 -1000 -10 1.42158
Car -1 -1 0.00 956 181 1069 232 -1 -1 -1 -1000 -1000 -1000 -10 1.38163
Car -1 -1 0.00 1095 184 1223 236 -1 -1 -1 -1000 -1000 -1000 -10 0.680456
Car -1 -1 0.00 193 180 218 197 -1 -1 -1 -1000 -1000 -1000 -10 -0.792254
Car -1 -1 0.00 743 193 787 213 -1 -1 -1 -1000 -1000 -1000 -10 -0.861274
Car -1 -1 0.00 336 157 418 190 -1 -1 -1 -1000 -1000 -1000 -10 -0.865452
Car -1 -1 0.00 571 193 602 214 -1 -1 -1 -1000 -1000 -1000 -10 -0.906762
Car -1 -1 0.00 798 147 842 161 -1 -1 -1 -1000 -1000 -1000 -10 -0.945259
Car -1 -1 0.00 557 153 613 173 -1 -1 -1 -1000 -1000 -1000 -10 -0.978504
Car -1 -1 0.00 361 2 390 36 -1 -1 -1 -1000 -1000 -1000 -10 -0.980426
Car -1 -1 0.00 949 294 1062 327 -1 -1 -1 -1000 -1000 -1000 -10 -1.00098
Car -1 -1 0.00 740 202 769 216 -1 -1 -1 -1000 -1000 -1000 -10 -1.00692
Car -1 -1 0.00 415 265 470 280 -1 -1 -1 -1000 -1000 -1000 -10 -1.01415
Car -1 -1 0.00 3 253 105 282 -1 -1 -1 -1000 -1000 -1000 -10 -1.01539
Car -1 -1 0.00 562 267 629 286 -1 -1 -1 -1000 -1000 -1000 -10 -1.02187
Car -1 -1 0.00 1116 325 1164 369 -1 -1 -1 -1000 -1000 -1000 -10 -1.02197
Car -1 -1 0.00 355 235 419 252 -1 -1 -1 -1000 -1000 -1000 -10 -1.02591
Car -1 -1 0.00 643 95 667 116 -1 -1 -1 -1000 -1000 -1000 -10 -1.02681
Car -1 -1 0.00 588 259 630 285 -1 -1 -1 -1000 -1000 -1000 -10 -1.02977
