Car -1 -1 0.00 791 114 831 134 -1 -1 -1 -1000 -1000 -1000 -10 -0.914509
Car -1 -1 0.00 952 13 979 32 -1 -1 -1 -1000 -1000 -1000 -10 -0.91982
Car -1 -1 0.00 442 169 470 183 -1 -1 -1 -1000 -1000 -1000 -10 -0.95964
Car -1 -1 0.00 917 28 971 53 -1 -1 -1 -1000 -1000 -1000 -10 -0.970155
Car -1 -1 0.00 1178 229 1205 248 -1 -1 -1 -1000 -1000 -1000 -10 -0.977865
Car -1 -1 0.00 654 177 680 199 -1 -1 -1 -1000 -1000 -1000 -10 -0.985023
Car -1 -1 0.00 603 344 638 380 -1 -1 -1 -1000 -1000 -1000 -10 -0.991085
Car -1 -1 0.00 632 331 681 369 -1 -1 -1 -1000 -1000 -1000 -10 -0.996829
Car -1 -1 0.00 551 278 589 314 -1 -1 -1 -1000 -1000 -1000 -10 -1.00906
Car -1 -1 0.00 916 103 967 130 -1 -1 -1 -1000 -1000 -1000 -10 -1.01058
Car -1 -1 0.00 88 102 136 128 -1 -1 -1 -1000 -1000 -1000 -10 -1.01568
Car -1 -1 0.00 431 265 483 288 -1 -1 -1 -1000 -1000 -1000 -10 -1.01732
Car -1 -1 0.00 167 10 227 38 -1 -1 -1 -1000 -1000 -1000 -10 -1.02975
