Car -1 -1 0.00 355 150 375 161 -1 -1 -1 -1000 -1000 -1000 -10 -0.919441
Car -1 -1 0.00 719 137 741 158 -1 -1 -1 -1000 -1000 -1000 -10 -0.921336
Car -1 -1 0.00 911 153 947 169 -1 -1 -1 -1000 -1000 -1000 -10 -0.923338
Car -1 -1 0.00 935 226 974 238 -1 -1 -1 -1000 -1000 -1000 -10 -0.970326
Car -1 -1 0.00 971 253 1000 274 -1 -1 -1 -1000 -1000 -1000 -10 -0.999764
Car -1 -1 0.00 58 253 103 271 -1 -1 -1 -1000 -1000 -1000 -10 -1.02143
Car -1 -1 0.00 976 356 1003 374 -1 -1 -1 -1000 -1000 -1000 -10 -1.02164
Car -1 -1 0.00 832 230 869 267 -1 -1 -1 -1000 -1000 -1000 -10 -1.02291
Car -1 -1 0.00 925 309 968 355 -1 -1 -1 -1000 -1000 -1000 -10 -1.02326
Car -1 -1 0.00 924 346 951 366 -1 -1 -1 -1000 -1000 -1000 -10 -1.02904
