Car -1 -1 0.00 1179 229 1205 248 -1 -1 -1 -1000 -1000 -1000 -10 -0.830849
Car -1 -1 0.00 387 109 545 181 -1 -1 -1 -1000 -1000 -1000 -10 -0.899432
Car -1 -1 0.00 942 335 1041 369 -1 -1 -1 -1000 -1000 -1000 -10 -0.921122
Car -1 -1 0.00 345 270 382 281 -1 -1 -1 -1000 -1000 -1000 -10 -0.946349
Car -1 -1 0.00 262 184 444 257 -1 -1 -1 -1000 -1000 -1000 -10 -0.947066
Car -1 -1 0.00 671 172 720 215 -1 -1 -1 -1000 -1000 -1000 -10 -0.962851
Car -1 -1 0.00 442 169 470 183 -1 -1 -1 -1000 -1000 -1000 -10 -0.986782
Car -1 -1 0.00 167 10 227 38 -1 -1 -1 -1000 -1000 -1000 -10 -1.00883
Car -1 -1 0.00 742 118 774 144 -1 -1 -1 -1000 -1000 -1000 -10 -1.01123
Car -1 -1 0.00 774 90 804 109 -1 -1 -1 -1000 -1000 -1000 -10 -1.01373
Car -1 -1 0.00 551 278 589 315 -1 -1 -1 -1000 -1000 -1000 -10 -1.01771
Car -1 -1 0.00 972 17 1002 32 -1 -1 -1 -1000 -1000 -1000 -10 -1.0243
Car -1 -1 0.00 342 9 388 25 -1 -1 -1 -1000 -1000 -1000 -10 -1.02658
