Car -1 -1 0.00 729 167 772 189 -1 -1 -1 -1000 -1000 -1000 -10 1.76723
Car -1 -1 0.00 580 175 651 212 -1 -1 -1 -1000 -1000 -1000 -10 1.24118
Car -1 -1 0.00 584 174 650 211 -1 -1 -1 -1000 -1000 -1000 -10 0.521853
Car -1 -1 0.00 100 183 130 204 -1 -1 -1 -1000 -1000 -1000 -10 -0.891628
Car -1 -1 0.00 682 174 709 190 -1 -1 -1 -1000 -1000 -1000 -10 -0.900009
Car -1 -1 0.00 863 157 905 195 -1 -1 -1 -1000 -1000 -1000 -10 -0.906875
Car -1 -1 0.00 589 330 637 374 -1 -1 -1 -1000 -1000 -1000 -10 -0.98737
Car -1 -1 0.00 237 116 274 133 -1 -1 -1 -1000 -1000 -1000 -10 -0.995552
Car -1 -1 0.00 611 314 641 336 -1 -1 -1 -1000 -1000 -1000 -10 -1.00929
Car -1 -1 0.00 955 258 991 270 -1 -1 -1 -1000 -1000 -1000 -10 -1.01536
Car -1 -1 0.00 492 324 518 344 -1 -1 -1 -1000 -1000 -1000 -10 -1.0217
