Car -1 -1 0.00 517 177 565 211 -1 -1 -1 -1000 -1000 -1000 -10 1.16989
Car -1 -1 0.00 982 176 1186 254 -1 -1 -1 -1000 -1000 -1000 -10 0.714455
Car -1 -1 0.00 871 155 923 196 -1 -1 -1 -1000 -1000 -1000 -10 -0.787434
Car -1 -1 0.00 642 167 668 179 -1 -1 -1 -1000 -1000 -1000 -10 -0.950771
Car -1 -1 0.00 1008 234 1040 254 -1 -1 -1 -1000 -1000 -1000 -10 -0.952003
Car -1 -1 0.00 353 312 378 323 -1 -1 -1 -1000 -1000 -1000 -10 -0.954818
Car -1 -1 0.00 1076 342 1102 353 -1 -1 -1 -1000 -1000 -1000 -10 -0.968805
Car -1 -1 0.00 740 168 773 190 -1 -1 -1 -1000 -1000 -1000 -10 -0.989561
Car -1 -1 0.00 389 260 417 272 -1 -1 -1 -1000 -1000 -1000 -10 -1.01046
Car -1 -1 0.00 743 340 774 363 -1 -1 -1 -1000 -1000 -1000 -10 -1.01356
Car -1 -1 0.00 741 330 771 360 -1 -1 -1 -1000 -1000 -1000 -10 -1.02818
