Car -1 -1 0.00 877 160 952 223 -1 -1 -1 -1000 -1000 -1000 -10 1.19528
Car -1 -1 0.00 933 175 1066 272 -1 -1 -1 -1000 -1000 -1000 -10 1.17201
Car -1 -1 0.00 910 178 995 245 -1 -1 -1 -1000 -1000 -1000 -10 1.02752
Car -1 -1 0.00 960 180 1242 364 -1 -1 -1 -1000 -1000 -1000 -10 0.401999
Car -1 -1 0.00 852 168 888 196 -1 -1 -1 -1000 -1000 -1000 -10 0.0638656
Car -1 -1 0.00 875 170 938 225 -1 -1 -1 -1000 -1000 -1000 -10 -0.608712
Car -1 -1 0.00 656 139 683 153 -1 -1 -1 -1000 -1000 -1000 -10 -0.776394
Car -1 -1 0.00 325 61 352 79 -1 -1 -1 -1000 -1000 -1000 -10 -0.894894
Car -1 -1 0.00 103 170 182 193 -1 -1 -1 -1000 -1000 -1000 -10 -0.898517
Car -1 -1 0.00 1185 7 1213 35 -1 -1 -1 -1000 -1000 -1000 -10 -0.933056
Car -1 -1 0.00 496 228 553 244 -1 -1 -1 -1000 -1000 -1000 -10 -1.00335
Car -1 -1 0.00 179 271 248 315 -1 -1 -1 -1000 -1000 -1000 -10 -1.00564
Car -1 -1 0.00 224 9 312 38 -1 -1 -1 -1000 -1000 -1000 -10 -1.01753
Car -1 -1 0.00 795 260 890 338 -1 -1 -1 -1000 -1000 -1000 -10 -1.01847
Car -1 -1 0.00 32 107 58 137 -1 -1 -1 -1000 -1000 -1000 -10 -1.02701
