Car -1 -1 0.00 422 180 522 247 -1 -1 -1 -1000 -1000 -1000 -10 1.52213
Car -1 -1 0.00 574 171 601 184 -1 -1 -1 -1000 -1000 -1000 -10 -0.297148
Car -1 -1 0.00 55 117 361 325 -1 -1 -1 -1000 -1000 -1000 -10 -0.575071
Car -1 -1 0.00 405 174 472 224 -1 -1 -1 -1000 -1000 -1000 -10 -0.686179
Car -1 -1 0.00 505 173 536 196 -1 -1 -1 -1000 -1000 -1000 -10 -0.769248
Car -1 -1 0.00 572 353 688 385 -1 -1 -1 -1000 -1000 -1000 -10 -0.980308
Car -1 -1 0.00 265 338 301 349 -1 -1 -1 -1000 -1000 -1000 -10 -0.987159
Car -1 -1 0.00 351 282 387 293 -1 -1 -1 -1000 -1000 -1000 -10 -0.990434
Car -1 -1 0.00 251 341 301 357 -1 -1 -1 -1000 -1000 -1000 -10 -0.995047
Car -1 -1 0.00 262 329 312 345 -1 -1 -1 -1000 -1000 -1000 -10 -0.99579
Car -1 -1 0.00 239 342 274 353 -1 -1 -1 -1000 -1000 -1000 -10 -0.996741
Car -1 -1 0.00 349 294 385 305 -1 -1 -1 -1000 -1000 -1000 -10 -0.998753
Car -1 -1 0.00 269 324 293 351 -1 -1 -1 -1000 -1000 -1000 -10 -0.999398
Car -1 -1 0.00 569 124 624 175 -1 -1 -1 -1000 -1000 -1000 -10 -1.00032
Car -1 -1 0.00 254 348 288 359 -1 -1 -1 -1000 -1000 -1000 -10 -1.00103
Car -1 -1 0.00 250 336 284 347 -1 -1 -1 -1000 -1000 -1000 -10 -1.00708
Car -1 -1 0.00 276 324 311 335 -1 -1 -1 -1000 -1000 -1000 -10 -1.00779
Car -1 -1 0.00 305 312 346 325 -1 -1 -1 -1000 -1000 -1000 -10 -1.00816
Car -1 -1 0.00 1116 163 1225 203 -1 -1 -1 -1000 -1000 -1000 -10 -1.01239
Car -1 -1 0.00 254 338 296 352 -1 -1 -1 -1000 -1000 -1000 -10 -1.01317
Car -1 -1 0.00 269 326 318 342 -1 -1 -1 -1000 -1000 -1000 -10 -1.01512
Car -1 -1 0.00 398 113 439 127 -1 -1 -1 -1000 -1000 -1000 -10 -1.01581
Car -1 -1 0.00 288 315 338 331 -1 -1 -1 -1000 -1000 -1000 -10 -1.01616
Car -1 -1 0.00 271 318 307 329 -1 -1 -1 -1000 -1000 -1000 -10 -1.01796
Car -1 -1 0.00 348 288 390 301 -1 -1 -1 -1000 -1000 -1000 -10 -1.01836
Car -1 -1 0.00 253 332 305 348 -1 -1 -1 -1000 -1000 -1000 -10 -1.01844
Car -1 -1 0.00 294 314 329 325 -1 -1 -1 -1000 -1000 -1000 -10 -1.01872
Car -1 -1 0.00 271 327 343 351 -1 -1 -1 -1000 -1000 -1000 -10 -1.0193
Car -1 -1 0.00 254 328 296 342 -1 -1 -1 -1000 -1000 -1000 -10 -1.01932
Car -1 -1 0.00 347 284 383 295 -1 -1 -1 -1000 -1000 -1000 -10 -1.0199
Car -1 -1 0.00 330 306 365 317 -1 -1 -1 -1000 -1000 -1000 -10 -1.02075
Car -1 -1 0.00 275 320 310 331 -1 -1 -1 -1000 -1000 -1000 -10 -1.02178
Car -1 -1 0.00 344 300 378 311 -1 -1 -1 -1000 -1000 -1000 -10 -1.02183
Car -1 -1 0.00 359 274 395 285 -1 -1 -1 -1000 -1000 -1000 -10 -1.02183
Car -1 -1 0.00 300 309 342 323 -1 -1 -1 -1000 -1000 -1000 -10 -1.02236
Car -1 -1 0.00 274 314 307 352 -1 -1 -1 -1000 -1000 -1000 -10 -1.02358
Car -1 -1 0.00 831 242 871 250 -1 -1 -1 -1000 -1000 -1000 -10 -1.02592
Car -1 -1 0.00 325 292 349 318 -1 -1 -1 -1000 -1000 -1000 -10 -1.02611
Car -1 -1 0.00 343 290 385 304 -1 -1 -1 -1000 -1000 -1000 -10 -1.02618
Car -1 -1 0.00 713 356 749 374 -1 -1 -1 -1000 -1000 -1000 -10 -1.02642
Car -1 -1 0.00 328 296 362 307 -1 -1 -1 -1000 -1000 -1000 -10 -1.02655
Car -1 -1 0.00 320 302 355 313 -1 -1 -1 -1000 -1000 -1000 -10 -1.02696
Car -1 -1 0.00 298 319 339 333 -1 -1 -1 -1000 -1000 -1000 -10 -1.02794
Car -1 -1 0.00 742 -42 888 78 -1 -1 -1 -1000 -1000 -1000 -10 -1.02844
Car -1 -1 0.00 286 318 321 329 -1 -1 -1 -1000 -1000 -1000 -10 -1.02894
Car -1 -1 0.00 261 321 303 335 -1 -1 -1 -1000 -1000 -1000 -10 -1.02994
Car -1 -1 0.00 356 272 391 283 -1 -1 -1 -1000 -1000 -1000 -10 -1.02998
