Car -1 -1 0.00 703 181 756 230 -1 -1 -1 -1000 -1000 -1000 -10 1.05525
Car -1 -1 0.00 503 171 553 204 -1 -1 -1 -1000 -1000 -1000 -10 0.150048
Car -1 -1 0.00 699 166 730 189 -1 -1 -1 -1000 -1000 -1000 -10 -0.154269
Car -1 -1 0.00 779 179 907 253 -1 -1 -1 -1000 -1000 -1000 -10 -0.814159
Car -1 -1 0.00 582 180 608 198 -1 -1 -1 -1000 -1000 -1000 -10 -0.957832
Car -1 -1 0.00 506 -17 557 34 -1 -1 -1 -1000 -1000 -1000 -10 -0.99314
Car -1 -1 0.00 1185 103 1209 131 -1 -1 -1 -1000 -1000 -1000 -10 -1.00762
Car -1 -1 0.00 181 291 209 308 -1 -1 -1 -1000 -1000 -1000 -10 -1.01802
Car -1 -1 0.00 832 307 875 321 -1 -1 -1 -1000 -1000 -1000 -10 -1.01981
Car -1 -1 0.00 192 14 230 25 -1 -1 -1 -1000 -1000 -1000 -10 -1.02236
Car -1 -1 0.00 900 348 934 359 -1 -1 -1 -1000 -1000 -1000 -10 -1.02525
Car -1 -1 0.00 899 340 934 351 -1 -1 -1 -1000 -1000 -1000 -10 -1.0259
Car -1 -1 0.00 868 316 911 330 -1 -1 -1 -1000 -1000 -1000 -10 -1.02835
