Car -1 -1 0.00 153 198 342 284 -1 -1 -1 -1000 -1000 -1000 -10 1.90655
Car -1 -1 0.00 391 191 465 234 -1 -1 -1 -1000 -1000 -1000 -10 0.807285
Car -1 -1 0.00 392 190 468 234 -1 -1 -1 -1000 -1000 -1000 -10 -0.765053
Car -1 -1 0.00 611 165 642 189 -1 -1 -1 -1000 -1000 -1000 -10 -0.872608
Car -1 -1 0.00 498 164 599 193 -1 -1 -1 -1000 -1000 -1000 -10 -0.934781
Car -1 -1 0.00 187 64 218 90 -1 -1 -1 -1000 -1000 -1000 -10 -0.966494
Car -1 -1 0.00 343 201 367 218 -1 -1 -1 -1000 -1000 -1000 -10 -0.997502
Car -1 -1 0.00 880 97 923 139 -1 -1 -1 -1000 -1000 -1000 -10 -1.00848
Car -1 -1 0.00 1084 181 1109 200 -1 -1 -1 -1000 -1000 -1000 -10 -1.01647
Car -1 -1 0.00 606 105 660 159 -1 -1 -1 -1000 -1000 -1000 -10 -1.02288
