Car -1 -1 0.00 514 182 581 231 -1 -1 -1 -1000 -1000 -1000 -10 1.29821
Car -1 -1 0.00 919 183 1105 249 -1 -1 -1 -1000 -1000 -1000 -10 -0.197901
Car -1 -1 0.00 904 183 1126 251 -1 -1 -1 -1000 -1000 -1000 -10 -0.649599
Car -1 -1 0.00 900 184 954 224 -1 -1 -1 -1000 -1000 -1000 -10 -0.940568
Car -1 -1 0.00 496 180 578 231 -1 -1 -1 -1000 -1000 -1000 -10 -0.96318
Car -1 -1 0.00 651 222 709 266 -1 -1 -1 -1000 -1000 -1000 -10 -0.986473
Car -1 -1 0.00 484 80 577 107 -1 -1 -1 -1000 -1000 -1000 -10 -1.00769
Car -1 -1 0.00 97 84 132 95 -1 -1 -1 -1000 -1000 -1000 -10 -1.01312
Car -1 -1 0.00 223 49 259 89 -1 -1 -1 -1000 -1000 -1000 -10 -1.01792
Car -1 -1 0.00 12 146 112 215 -1 -1 -1 -1000 -1000 -1000 -10 -1.01996
