Car -1 -1 0.00 753 173 989 252 -1 -1 -1 -1000 -1000 -1000 -10 1.37192
Car -1 -1 0.00 635 174 723 221 -1 -1 -1 -1000 -1000 -1000 -10 0.249589
Car -1 -1 0.00 714 174 780 219 -1 -1 -1 -1000 -1000 -1000 -10 -0.198669
Car -1 -1 0.00 283 184 406 232 -1 -1 -1 -1000 -1000 -1000 -10 -0.332824
Car -1 -1 0.00 1025 176 1270 259 -1 -1 -1 -1000 -1000 -1000 -10 -0.500276
Car -1 -1 0.00 1026 210 1059 236 -1 -1 -1 -1000 -1000 -1000 -10 -0.800381
Car -1 -1 0.00 737 208 777 236 -1 -1 -1 -1000 -1000 -1000 -10 -0.884131
Car -1 -1 0.00 22 130 61 164 -1 -1 -1 -1000 -1000 -1000 -10 -0.923616
Car -1 -1 0.00 250 206 286 236 -1 -1 -1 -1000 -1000 -1000 -10 -0.979115
Car -1 -1 0.00 683 9 717 22 -1 -1 -1 -1000 -1000 -1000 -10 -1.00572
Car -1 -1 0.00 35 280 82 318 -1 -1 -1 -1000 -1000 -1000 -10 -1.01343
Car -1 -1 0.00 885 49 923 89 -1 -1 -1 -1000 -1000 -1000 -10 -1.01348
Car -1 -1 0.00 50 181 76 203 -1 -1 -1 -1000 -1000 -1000 -10 -1.01594
Car -1 -1 0.00 5 41 51 53 -1 -1 -1 -1000 -1000 -1000 -10 -1.02017
