Car -1 -1 0.00 171 197 401 332 -1 -1 -1 -1000 -1000 -1000 -10 0.943512
Car -1 -1 0.00 461 178 501 202 -1 -1 -1 -1000 -1000 -1000 -10 0.893175
Car -1 -1 0.00 345 169 496 252 -1 -1 -1 -1000 -1000 -1000 -10 -0.478002
Car -1 -1 0.00 1018 160 1083 196 -1 -1 -1 -1000 -1000 -1000 -10 -0.482448
Car -1 -1 0.00 491 175 515 194 -1 -1 -1 -1000 -1000 -1000 -10 -0.592137
Car -1 -1 0.00 175 195 401 330 -1 -1 -1 -1000 -1000 -1000 -10 -0.677342
Car -1 -1 0.00 970 165 1022 196 -1 -1 -1 -1000 -1000 -1000 -10 -0.909549
Car -1 -1 0.00 1030 162 1081 198 -1 -1 -1 -1000 -1000 -1000 -10 -0.923587
Car -1 -1 0.00 536 163 562 184 -1 -1 -1 -1000 -1000 -1000 -10 -0.944402
Car -1 -1 0.00 945 126 978 159 -1 -1 -1 -1000 -1000 -1000 -10 -0.950916
Car -1 -1 0.00 956 105 989 130 -1 -1 -1 -1000 -1000 -1000 -10 -0.980722
Car -1 -1 0.00 481 227 548 247 -1 -1 -1 -1000 -1000 -1000 -10 -1.00078
Car -1 -1 0.00 968 360 1002 375 -1 -1 -1 -1000 -1000 -1000 -10 -1.01502
Car -1 -1 0.00 897 312 994 404 -1 -1 -1 -1000 -1000 -1000 -10 -1.02489
