Car -1 -1 0.00 498 177 538 204 -1 -1 -1 -1000 -1000 -1000 -10 1.79784
Car -1 -1 0.00 425 183 500 231 -1 -1 -1 -1000 -1000 -1000 -10 1.70412
Car -1 -1 0.00 630 172 656 190 -1 -1 -1 -1000 -1000 -1000 -10 -0.217297
Car -1 -1 0.00 263 123 291 136 -1 -1 -1 -1000 -1000 -1000 -10 -0.844703
Car -1 -1 0.00 766 281 797 314 -1 -1 -1 -1000 -1000 -1000 -10 -0.929173
Car -1 -1 0.00 1044 155 1084 186 -1 -1 -1 -1000 -1000 -1000 -10 -0.965535
Car -1 -1 0.00 502 338 554 374 -1 -1 -1 -1000 -1000 -1000 -10 -0.989523
Car -1 -1 0.00 1105 335 1135 349 -1 -1 -1 -1000 -1000 -1000 -10 -1.00394
Car -1 -1 0.00 460 308 506 354 -1 -1 -1 -1000 -1000 -1000 -10 -1.01176
Car -1 -1 0.00 671 335 702 359 -1 -1 -1 -1000 -1000 -1000 -10 -1.01454
Car -1 -1 0.00 889 362 918 374 -1 -1 -1 -1000 -1000 -1000 -10 -1.02862
