Car -1 -1 0.00 296 183 485 310 -1 -1 -1 -1000 -1000 -1000 -10 1.88106
Car -1 -1 0.00 563 176 586 192 -1 -1 -1 -1000 -1000 -1000 -10 0.225915
Car -1 -1 0.00 1001 176 1111 221 -1 -1 -1 -1000 -1000 -1000 -10 0.219083
Car -1 -1 0.00 1086 177 1212 230 -1 -1 -1 -1000 -1000 -1000 -10 -0.450993
Car -1 -1 0.00 761 166 804 192 -1 -1 -1 -1000 -1000 -1000 -10 -0.690445
Car -1 -1 0.00 968 129 995 153 -1 -1 -1 -1000 -1000 -1000 -10 -0.762235
Car -1 -1 0.00 773 177 813 193 -1 -1 -1 -1000 -1000 -1000 -10 -0.792347
Car -1 -1 0.00 9 111 33 129 -1 -1 -1 -1000 -1000 -1000 -10 -0.853755
Car -1 -1 0.00 533 295 561 315 -1 -1 -1 -1000 -1000 -1000 -10 -0.916354
Car -1 -1 0.00 448 152 473 165 -1 -1 -1 -1000 -1000 -1000 -10 -0.916992
Car -1 -1 0.00 954 155 979 175 -1 -1 -1 -1000 -1000 -1000 -10 -0.963927
Car -1 -1 0.00 1089 107 1132 146 -1 -1 -1 -1000 -1000 -1000 -10 -0.996289
Car -1 -1 0.00 794 4 819 28 -1 -1 -1 -1000 -1000 -1000 -10 -1.00333
Car -1 -1 0.00 781 164 858 198 -1 -1 -1 -1000 -1000 -1000 -10 -1.01243
Car -1 -1 0.00 33 76 97 96 -1 -1 -1 -1000 -1000 -1000 -10 -1.01589
Car -1 -1 0.00 724 7 772 17 -1 -1 -1 -1000 -1000 -1000 -10 -1.02846
Car -1 -1 0.00 304 95 386 157 -1 -1 -1 -1000 -1000 -1000 -10 -1.0296
