Car -1 -1 0.00 401 176 444 199 -1 -1 -1 -1000 -1000 -1000 -10 0.635749
Car -1 -1 0.00 525 176 601 204 -1 -1 -1 -1000 -1000 -1000 -10 0.571383
Car -1 -1 0.00 54 183 164 222 -1 -1 -1 -1000 -1000 -1000 -10 0.379048
Car -1 -1 0.00 589 177 616 195 -1 -1 -1 -1000 -1000 -1000 -10 0.330301
Car -1 -1 0.00 624 178 670 199 -1 -1 -1 -1000 -1000 -1000 -10 -0.102274
Car -1 -1 0.00 259 177 333 208 -1 -1 -1 -1000 -1000 -1000 -10 -0.565583
Car -1 -1 0.00 639 177 668 198 -1 -1 -1 -1000 -1000 -1000 -10 -0.609433
Car -1 -1 0.00 345 177 394 201 -1 -1 -1 -1000 -1000 -1000 -10 -0.66996
Car -1 -1 0.00 113 183 161 217 -1 -1 -1 -1000 -1000 -1000 -10 -0.76389
Car -1 -1 0.00 1013 244 1042 268 -1 -1 -1 -1000 -1000 -1000 -10 -0.994828
Car -1 -1 0.00 1114 -3 1152 22 -1 -1 -1 -1000 -1000 -1000 -10 -0.995177
Car -1 -1 0.00 327 71 355 100 -1 -1 -1 -1000 -1000 -1000 -10 -1.00182
Car -1 -1 0.00 1097 205 1119 234 -1 -1 -1 -1000 -1000 -1000 -10 -1.02218
