Car -1 -1 0.00 483 183 528 211 -1 -1 -1 -1000 -1000 -1000 -10 1.63134
Car -1 -1 0.00 373 183 452 230 -1 -1 -1 -1000 -1000 -1000 -10 0.97585
Car -1 -1 0.00 317 189 391 228 -1 -1 -1 -1000 -1000 -1000 -10 0.655672
Car -1 -1 0.00 461 186 496 207 -1 -1 -1 -1000 -1000 -1000 -10 0.304592
Car -1 -1 0.00 571 182 596 198 -1 -1 -1 -1000 -1000 -1000 -10 0.206828
Car -1 -1 0.00 127 190 258 250 -1 -1 -1 -1000 -1000 -1000 -10 -0.691054
Car -1 -1 0.00 574 182 613 196 -1 -1 -1 -1000 -1000 -1000 -10 -0.781691
Car -1 -1 0.00 1 195 227 316 -1 -1 -1 -1000 -1000 -1000 -10 -0.902772
Car -1 -1 0.00 497 152 529 161 -1 -1 -1 -1000 -1000 -1000 -10 -0.985481
Car -1 -1 0.00 536 234 572 258 -1 -1 -1 -1000 -1000 -1000 -10 -0.994408
Car -1 -1 0.00 752 279 805 318 -1 -1 -1 -1000 -1000 -1000 -10 -1.00576
Car -1 -1 0.00 944 170 1020 205 -1 -1 -1 -1000 -1000 -1000 -10 -1.02133
Car -1 -1 0.00 300 264 338 276 -1 -1 -1 -1000 -1000 -1000 -10 -1.0218
Car -1 -1 0.00 871 39 902 64 -1 -1 -1 -1000 -1000 -1000 -10 -1.02835
