Car -1 -1 0.00 431 265 483 287 -1 -1 -1 -1000 -1000 -1000 -10 -0.836673
Car -1 -1 0.00 120 90 184 121 -1 -1 -1 -1000 -1000 -1000 -10 -0.885359
Car -1 -1 0.00 916 103 965 130 -1 -1 -1 -1000 -1000 -1000 -10 -0.904174
Car -1 -1 0.00 123 82 155 98 -1 -1 -1 -1000 -1000 -1000 -10 -0.912489
Car -1 -1 0.00 969 253 1013 278 -1 -1 -1 -1000 -1000 -1000 -10 -0.960178
Car -1 -1 0.00 1139 206 1183 246 -1 -1 -1 -1000 -1000 -1000 -10 -0.979987
Car -1 -1 0.00 713 93 752 109 -1 -1 -1 -1000 -1000 -1000 -10 -0.987299
Car -1 -1 0.00 488 281 523 320 -1 -1 -1 -1000 -1000 -1000 -10 -0.997389
Car -1 -1 0.00 388 273 414 303 -1 -1 -1 -1000 -1000 -1000 -10 -1.00077
Car -1 -1 0.00 544 304 599 362 -1 -1 -1 -1000 -1000 -1000 -10 -1.01031
Car -1 -1 0.00 508 312 551 355 -1 -1 -1 -1000 -1000 -1000 -10 -1.01213
Car -1 -1 0.00 1165 102 1200 142 -1 -1 -1 -1000 -1000 -1000 -10 -1.02076
Car -1 -1 0.00 175 19 211 38 -1 -1 -1 -1000 -1000 -1000 -10 -1.02688
Car -1 -1 0.00 712 218 739 238 -1 -1 -1 -1000 -1000 -1000 -10 -1.0273
