Car -1 -1 0.00 442 189 515 241 -1 -1 -1 -1000 -1000 -1000 -10 1.94687
Car -1 -1 0.00 684 178 810 263 -1 -1 -1 -1000 -1000 -1000 -10 1.76132
Car -1 -1 0.00 647 176 732 234 -1 -1 -1 -1000 -1000 -1000 -10 1.54444
Car -1 -1 0.00 519 183 548 207 -1 -1 -1 -1000 -1000 -1000 -10 1.37517
Car -1 -1 0.00 605 180 634 203 -1 -1 -1 -1000 -1000 -1000 -10 0.442427
Car -1 -1 0.00 753 165 1071 363 -1 -1 -1 -1000 -1000 -1000 -10 0.269412
Car -1 -1 0.00 497 185 532 215 -1 -1 -1 -1000 -1000 -1000 -10 -0.623349
Car -1 -1 0.00 1226 157 1251 179 -1 -1 -1 -1000 -1000 -1000 -10 -0.995938
Car -1 -1 0.00 671 165 1130 373 -1 -1 -1 -1000 -1000 -1000 -10 -1.00763
Car -1 -1 0.00 392 246 431 284 -1 -1 -1 -1000 -1000 -1000 -10 -1.01557
