Car -1 -1 0.00 675 176 732 212 -1 -1 -1 -1000 -1000 -1000 -10 1.71769
Car -1 -1 0.00 444 167 532 234 -1 -1 -1 -1000 -1000 -1000 -10 1.62003
Car -1 -1 0.00 280 153 481 297 -1 -1 -1 -1000 -1000 -1000 -10 1.13622
Car -1 -1 0.00 -9 200 399 376 -1 -1 -1 -1000 -1000 -1000 -10 0.0238145
Car -1 -1 0.00 542 170 570 192 -1 -1 -1 -1000 -1000 -1000 -10 -0.319836
Car -1 -1 0.00 254 155 326 207 -1 -1 -1 -1000 -1000 -1000 -10 -0.815637
Car -1 -1 0.00 1179 228 1221 255 -1 -1 -1 -1000 -1000 -1000 -10 -0.843101
Car -1 -1 0.00 16 171 172 229 -1 -1 -1 -1000 -1000 -1000 -10 -0.847422
Car -1 -1 0.00 642 172 674 195 -1 -1 -1 -1000 -1000 -1000 -10 -0.970318
Car -1 -1 0.00 372 79 418 93 -1 -1 -1 -1000 -1000 -1000 -10 -0.979315
Car -1 -1 0.00 956 244 1018 270 -1 -1 -1 -1000 -1000 -1000 -10 -0.995776
Car -1 -1 0.00 889 179 983 215 -1 -1 -1 -1000 -1000 -1000 -10 -0.998372
Car -1 -1 0.00 529 285 554 297 -1 -1 -1 -1000 -1000 -1000 -10 -1.02085
