Car -1 -1 0.00 1178 229 1205 249 -1 -1 -1 -1000 -1000 -1000 -10 -0.763916
Car -1 -1 0.00 916 103 966 129 -1 -1 -1 -1000 -1000 -1000 -10 -0.839655
Car -1 -1 0.00 838 208 862 231 -1 -1 -1 -1000 -1000 -1000 -10 -0.939796
Car -1 -1 0.00 603 344 638 380 -1 -1 -1 -1000 -1000 -1000 -10 -0.959475
Car -1 -1 0.00 443 169 470 184 -1 -1 -1 -1000 -1000 -1000 -10 -0.972476
Car -1 -1 0.00 1139 205 1183 246 -1 -1 -1 -1000 -1000 -1000 -10 -0.991922
Car -1 -1 0.00 553 280 587 318 -1 -1 -1 -1000 -1000 -1000 -10 -0.993543
Car -1 -1 0.00 633 333 683 369 -1 -1 -1 -1000 -1000 -1000 -10 -0.994341
Car -1 -1 0.00 106 90 182 127 -1 -1 -1 -1000 -1000 -1000 -10 -1.00202
Car -1 -1 0.00 88 102 136 127 -1 -1 -1 -1000 -1000 -1000 -10 -1.00503
Car -1 -1 0.00 1168 107 1197 138 -1 -1 -1 -1000 -1000 -1000 -10 -1.00622
Car -1 -1 0.00 168 10 226 38 -1 -1 -1 -1000 -1000 -1000 -10 -1.0177
Car -1 -1 0.00 615 -37 706 48 -1 -1 -1 -1000 -1000 -1000 -10 -1.01923
Car -1 -1 0.00 529 266 559 300 -1 -1 -1 -1000 -1000 -1000 -10 -1.02065
Car -1 -1 0.00 876 80 901 91 -1 -1 -1 -1000 -1000 -1000 -10 -1.02473
