Car -1 -1 0.00 631 173 674 205 -1 -1 -1 -1000 -1000 -1000 -10 1.64822
Car -1 -1 0.00 76 196 454 319 -1 -1 -1 -1000 -1000 -1000 -10 -0.288176
Car -1 -1 0.00 795 162 930 223 -1 -1 -1 -1000 -1000 -1000 -10 -0.476615
Car -1 -1 0.00 443 179 471 207 -1 -1 -1 -1000 -1000 -1000 -10 -0.51576
Car -1 -1 0.00 620 174 645 194 -1 -1 -1 -1000 -1000 -1000 -10 -0.551886
Car -1 -1 0.00 689 154 811 267 -1 -1 -1 -1000 -1000 -1000 -10 -0.715649
Car -1 -1 0.00 464 202 502 240 -1 -1 -1 -1000 -1000 -1000 -10 -0.762377
Car -1 -1 0.00 979 191 1011 216 -1 -1 -1 -1000 -1000 -1000 -10 -0.799466
Car -1 -1 0.00 221 190 462 291 -1 -1 -1 -1000 -1000 -1000 -10 -0.826218
Car -1 -1 0.00 345 178 427 207 -1 -1 -1 -1000 -1000 -1000 -10 -0.968204
Car -1 -1 0.00 710 126 738 155 -1 -1 -1 -1000 -1000 -1000 -10 -1.01082
Car -1 -1 0.00 1102 178 1173 203 -1 -1 -1 -1000 -1000 -1000 -10 -1.02078
