Car -1 -1 0.00 105 86 184 121 -1 -1 -1 -1000 -1000 -1000 -10 -0.74189
Car -1 -1 0.00 713 47 747 70 -1 -1 -1 -1000 -1000 -1000 -10 -0.872267
Car -1 -1 0.00 249 200 424 271 -1 -1 -1 -1000 -1000 -1000 -10 -0.890824
Car -1 -1 0.00 234 21 274 43 -1 -1 -1 -1000 -1000 -1000 -10 -0.921162
Car -1 -1 0.00 969 255 1002 279 -1 -1 -1 -1000 -1000 -1000 -10 -0.929986
Car -1 -1 0.00 909 51 936 67 -1 -1 -1 -1000 -1000 -1000 -10 -0.93062
Car -1 -1 0.00 106 48 160 72 -1 -1 -1 -1000 -1000 -1000 -10 -0.941227
Car -1 -1 0.00 656 51 693 69 -1 -1 -1 -1000 -1000 -1000 -10 -0.950105
Car -1 -1 0.00 961 -3 1059 29 -1 -1 -1 -1000 -1000 -1000 -10 -0.969936
Car -1 -1 0.00 1021 12 1092 35 -1 -1 -1 -1000 -1000 -1000 -10 -0.980655
Car -1 -1 0.00 1168 109 1197 141 -1 -1 -1 -1000 -1000 -1000 -10 -0.992047
Car -1 -1 0.00 878 161 908 186 -1 -1 -1 -1000 -1000 -1000 -10 -0.992183
Car -1 -1 0.00 63 140 110 155 -1 -1 -1 -1000 -1000 -1000 -10 -0.995741
Car -1 -1 0.00 1089 278 1114 297 -1 -1 -1 -1000 -1000 -1000 -10 -1.0092
Car -1 -1 0.00 545 302 600 361 -1 -1 -1 -1000 -1000 -1000 -10 -1.01108
Car -1 -1 0.00 540 351 566 374 -1 -1 -1 -1000 -1000 -1000 -10 -1.01998
Car -1 -1 0.00 631 330 680 369 -1 -1 -1 -1000 -1000 -1000 -10 -1.028
