Car -1 -1 0.00 838 208 862 231 -1 -1 -1 -1000 -1000 -1000 -10 -0.812179
Car -1 -1 0.00 916 103 966 129 -1 -1 -1 -1000 -1000 -1000 -10 -0.829052
Car -1 -1 0.00 701 50 745 68 -1 -1 -1 -1000 -1000 -1000 -10 -0.832662
Car -1 -1 0.00 1178 229 1205 249 -1 -1 -1 -1000 -1000 -1000 -10 -0.883133
Car -1 -1 0.00 121 90 184 121 -1 -1 -1 -1000 -1000 -1000 -10 -0.919151
Car -1 -1 0.00 552 277 588 314 -1 -1 -1 -1000 -1000 -1000 -10 -0.971963
Car -1 -1 0.00 716 50 739 69 -1 -1 -1 -1000 -1000 -1000 -10 -0.97339
Car -1 -1 0.00 761 6 841 32 -1 -1 -1 -1000 -1000 -1000 -10 -0.984751
Car -1 -1 0.00 633 334 683 369 -1 -1 -1 -1000 -1000 -1000 -10 -0.987946
Car -1 -1 0.00 603 344 638 380 -1 -1 -1 -1000 -1000 -1000 -10 -0.99978
Car -1 -1 0.00 489 281 522 320 -1 -1 -1 -1000 -1000 -1000 -10 -1.00048
Car -1 -1 0.00 614 -36 705 48 -1 -1 -1 -1000 -1000 -1000 -10 -1.00164
Car -1 -1 0.00 1166 102 1200 142 -1 -1 -1 -1000 -1000 -1000 -10 -1.01429
Car -1 -1 0.00 584 284 623 323 -1 -1 -1 -1000 -1000 -1000 -10 -1.02897
