Car -1 -1 0.00 63 157 91 181 -1 -1 -1 -1000 -1000 -1000 -10 -0.89284
Car -1 -1 0.00 56 204 83 230 -1 -1 -1 -1000 -1000 -1000 -10 -0.894464
Car -1 -1 0.00 1077 13 1101 34 -1 -1 -1 -1000 -1000 -1000 -10 -0.952688
Car -1 -1 0.00 1145 328 1179 346 -1 -1 -1 -1000 -1000 -1000 -10 -0.95747
Car -1 -1 0.00 387 24 423 35 -1 -1 -1 -1000 -1000 -1000 -10 -0.995639
Car -1 -1 0.00 395 22 430 33 -1 -1 -1 -1000 -1000 -1000 -10 -0.995945
Car -1 -1 0.00 406 38 441 49 -1 -1 -1 -1000 -1000 -1000 -10 -0.996005
Car -1 -1 0.00 411 42 446 53 -1 -1 -1 -1000 -1000 -1000 -10 -0.996581
Car -1 -1 0.00 389 14 425 25 -1 -1 -1 -1000 -1000 -1000 -10 -0.997565
Car -1 -1 0.00 413 34 449 45 -1 -1 -1 -1000 -1000 -1000 -10 -0.997908
Car -1 -1 0.00 391 18 427 29 -1 -1 -1 -1000 -1000 -1000 -10 -0.999368
Car -1 -1 0.00 176 143 201 156 -1 -1 -1 -1000 -1000 -1000 -10 -1.00002
Car -1 -1 0.00 405 30 440 41 -1 -1 -1 -1000 -1000 -1000 -10 -1.0017
Car -1 -1 0.00 397 12 433 23 -1 -1 -1 -1000 -1000 -1000 -10 -1.00338
Car -1 -1 0.00 415 44 451 55 -1 -1 -1 -1000 -1000 -1000 -10 -1.00643
Car -1 -1 0.00 398 15 440 29 -1 -1 -1 -1000 -1000 -1000 -10 -1.00714
Car -1 -1 0.00 497 140 528 177 -1 -1 -1 -1000 -1000 -1000 -10 -1.00748
Car -1 -1 0.00 403 44 438 55 -1 -1 -1 -1000 -1000 -1000 -10 -1.00883
Car -1 -1 0.00 389 28 424 39 -1 -1 -1 -1000 -1000 -1000 -10 -1.01004
Car -1 -1 0.00 423 40 459 51 -1 -1 -1 -1000 -1000 -1000 -10 -1.01022
Car -1 -1 0.00 412 46 446 57 -1 -1 -1 -1000 -1000 -1000 -10 -1.01035
Car -1 -1 0.00 389 44 424 55 -1 -1 -1 -1000 -1000 -1000 -10 -1.01322
Car -1 -1 0.00 417 48 453 59 -1 -1 -1 -1000 -1000 -1000 -10 -1.01339
Car -1 -1 0.00 413 14 449 25 -1 -1 -1 -1000 -1000 -1000 -10 -1.01363
Car -1 -1 0.00 393 30 429 41 -1 -1 -1 -1000 -1000 -1000 -10 -1.0139
Car -1 -1 0.00 410 32 444 43 -1 -1 -1 -1000 -1000 -1000 -10 -1.01527
Car -1 -1 0.00 411 24 446 35 -1 -1 -1 -1000 -1000 -1000 -10 -1.01603
Car -1 -1 0.00 401 39 442 53 -1 -1 -1 -1000 -1000 -1000 -10 -1.01757
Car -1 -1 0.00 405 48 441 59 -1 -1 -1 -1000 -1000 -1000 -10 -1.0179
Car -1 -1 0.00 391 23 443 39 -1 -1 -1 -1000 -1000 -1000 -10 -1.01791
Car -1 -1 0.00 393 10 429 21 -1 -1 -1 -1000 -1000 -1000 -10 -1.01803
Car -1 -1 0.00 395 5 419 33 -1 -1 -1 -1000 -1000 -1000 -10 -1.02085
Car -1 -1 0.00 1045 32 1090 52 -1 -1 -1 -1000 -1000 -1000 -10 -1.02149
Car -1 -1 0.00 405 12 429 39 -1 -1 -1 -1000 -1000 -1000 -10 -1.02242
Car -1 -1 0.00 419 38 454 49 -1 -1 -1 -1000 -1000 -1000 -10 -1.02248
Car -1 -1 0.00 419 30 443 57 -1 -1 -1 -1000 -1000 -1000 -10 -1.02257
Car -1 -1 0.00 385 12 421 23 -1 -1 -1 -1000 -1000 -1000 -10 -1.02382
Car -1 -1 0.00 393 42 429 53 -1 -1 -1 -1000 -1000 -1000 -10 -1.02393
Car -1 -1 0.00 403 20 439 31 -1 -1 -1 -1000 -1000 -1000 -10 -1.02449
Car -1 -1 0.00 395 36 431 47 -1 -1 -1 -1000 -1000 -1000 -10 -1.02474
Car -1 -1 0.00 395 16 419 43 -1 -1 -1 -1000 -1000 -1000 -10 -1.02727
Car -1 -1 0.00 417 31 470 48 -1 -1 -1 -1000 -1000 -1000 -10 -1.02882
Car -1 -1 0.00 398 32 440 46 -1 -1 -1 -1000 -1000 -1000 -10 -1.03
