Car -1 -1 0.00 553 184 587 212 -1 -1 -1 -1000 -1000 -1000 -10 1.7816
Car -1 -1 0.00 841 179 893 201 -1 -1 -1 -1000 -1000 -1000 -10 0.273237
Car -1 -1 0.00 767 173 797 196 -1 -1 -1 -1000 -1000 -1000 -10 -0.409665
Car -1 -1 0.00 783 176 815 195 -1 -1 -1 -1000 -1000 -1000 -10 -0.609016
Car -1 -1 0.00 815 167 868 200 -1 -1 -1 -1000 -1000 -1000 -10 -0.706622
Car -1 -1 0.00 932 196 982 226 -1 -1 -1 -1000 -1000 -1000 -10 -0.752538
Car -1 -1 0.00 389 251 443 268 -1 -1 -1 -1000 -1000 -1000 -10 -0.93895
Car -1 -1 0.00 1141 36 1185 65 -1 -1 -1 -1000 -1000 -1000 -10 -0.95741
Car -1 -1 0.00 487 149 525 176 -1 -1 -1 -1000 -1000 -1000 -10 -0.960743
Car -1 -1 0.00 1147 144 1180 171 -1 -1 -1 -1000 -1000 -1000 -10 -0.997037
Car -1 -1 0.00 578 48 604 76 -1 -1 -1 -1000 -1000 -1000 -10 -1.00725
Car -1 -1 0.00 302 264 338 302 -1 -1 -1 -1000 -1000 -1000 -10 -1.01845
Car -1 -1 0.00 802 89 833 123 -1 -1 -1 -1000 -1000 -1000 -10 -1.02226
Car -1 -1 0.00 69 227 91 250 -1 -1 -1 -1000 -1000 -1000 -10 -1.02247
Car -1 -1 0.00 256 258 282 269 -1 -1 -1 -1000 -1000 -1000 -10 -1.02623
