Car -1 -1 0.00 202 180 252 200 -1 -1 -1 -1000 -1000 -1000 -10 -0.217068
Car -1 -1 0.00 764 172 825 191 -1 -1 -1 -1000 -1000 -1000 -10 -0.284371
Car -1 -1 0.00 163 179 218 203 -1 -1 -1 -1000 -1000 -1000 -10 -0.367412
Car -1 -1 0.00 235 179 311 201 -1 -1 -1 -1000 -1000 -1000 -10 -0.403894
Car -1 -1 0.00 559 94 596 106 -1 -1 -1 -1000 -1000 -1000 -10 -0.946703
Car -1 -1 0.00 162 182 235 203 -1 -1 -1 -1000 -1000 -1000 -10 -0.947951
Car -1 -1 0.00 1186 264 1230 286 -1 -1 -1 -1000 -1000 -1000 -10 -0.96913
Car -1 -1 0.00 5 187 46 206 -1 -1 -1 -1000 -1000 -1000 -10 -0.997502
Car -1 -1 0.00 354 126 394 138 -1 -1 -1 -1000 -1000 -1000 -10 -1.01523
Car -1 -1 0.00 504 97 551 143 -1 -1 -1 -1000 -1000 -1000 -10 -1.01723
Car -1 -1 0.00 1035 150 1073 161 -1 -1 -1 -1000 -1000 -1000 -10 -1.02521
Car -1 -1 0.00 1040 115 1085 129 -1 -1 -1 -1000 -1000 -1000 -10 -1.02526
Car -1 -1 0.00 800 282 835 321 -1 -1 -1 -1000 -1000 -1000 -10 -1.02811
