Car -1 -1 0.00 194 215 350 307 -1 -1 -1 -1000 -1000 -1000 -10 1.85962
Car -1 -1 0.00 333 220 422 268 -1 -1 -1 -1000 -1000 -1000 -10 1.08608
Car -1 -1 0.00 468 214 504 240 -1 -1 -1 -1000 -1000 -1000 -10 0.825794
Car -1 -1 0.00 332 187 357 206 -1 -1 -1 -1000 -1000 -1000 -10 -0.881175
Car -1 -1 0.00 718 244 936 339 -1 -1 -1 -1000 -1000 -1000 -10 -0.978683
Car -1 -1 0.00 310 171 359 188 -1 -1 -1 -1000 -1000 -1000 -10 -0.98057
Car -1 -1 0.00 193 113 270 147 -1 -1 -1 -1000 -1000 -1000 -10 -0.98972
Car -1 -1 0.00 1116 335 1144 349 -1 -1 -1 -1000 -1000 -1000 -10 -1.00142
Car -1 -1 0.00 365 21 390 42 -1 -1 -1 -1000 -1000 -1000 -10 -1.01473
Car -1 -1 0.00 1130 347 1173 366 -1 -1 -1 -1000 -1000 -1000 -10 -1.02892
