Car -1 -1 0.00 1183 189 1211 205 -1 -1 -1 -1000 -1000 -1000 -10 -0.904233
Car -1 -1 0.00 780 225 848 280 -1 -1 -1 -1000 -1000 -1000 -10 -0.956214
Car -1 -1 0.00 317 142 351 167 -1 -1 -1 -1000 -1000 -1000 -10 -0.977452
Car -1 -1 0.00 893 183 929 210 -1 -1 -1 -1000 -1000 -1000 -10 -0.988793
Car -1 -1 0.00 718 209 751 235 -1 -1 -1 -1000 -1000 -1000 -10 -0.992244
Car -1 -1 0.00 1131 240 1172 286 -1 -1 -1 -1000 -1000 -1000 -10 -0.999678
Car -1 -1 0.00 93 260 129 271 -1 -1 -1 -1000 -1000 -1000 -10 -1.00176
Car -1 -1 0.00 178 42 203 63 -1 -1 -1 -1000 -1000 -1000 -10 -1.00193
Car -1 -1 0.00 1185 300 1218 315 -1 -1 -1 -1000 -1000 -1000 -10 -1.01711
Car -1 -1 0.00 305 234 336 259 -1 -1 -1 -1000 -1000 -1000 -10 -1.01843
Car -1 -1 0.00 640 260 682 289 -1 -1 -1 -1000 -1000 -1000 -10 -1.01956
Car -1 -1 0.00 1129 215 1186 267 -1 -1 -1 -1000 -1000 -1000 -10 -1.02496
Car -1 -1 0.00 1164 314 1198 325 -1 -1 -1 -1000 -1000 -1000 -10 -1.02705
