Car -1 -1 0.00 951 155 998 174 -1 -1 -1 -1000 -1000 -1000 -10 -0.307535
Car -1 -1 0.00 1013 151 1077 176 -1 -1 -1 -1000 -1000 -1000 -10 -0.570321
Car -1 -1 0.00 520 171 547 191 -1 -1 -1 -1000 -1000 -1000 -10 -0.742616
Car -1 -1 0.00 980 154 1043 174 -1 -1 -1 -1000 -1000 -1000 -10 -0.797164
Car -1 -1 0.00 764 182 794 202 -1 -1 -1 -1000 -1000 -1000 -10 -0.87702
Car -1 -1 0.00 430 199 462 235 -1 -1 -1 -1000 -1000 -1000 -10 -0.911215
Car -1 -1 0.00 643 197 678 215 -1 -1 -1 -1000 -1000 -1000 -10 -0.91562
Car -1 -1 0.00 110 93 202 188 -1 -1 -1 -1000 -1000 -1000 -10 -0.936467
Car -1 -1 0.00 939 321 964 333 -1 -1 -1 -1000 -1000 -1000 -10 -0.973386
Car -1 -1 0.00 511 -25 623 84 -1 -1 -1 -1000 -1000 -1000 -10 -0.999331
Car -1 -1 0.00 1163 319 1198 329 -1 -1 -1 -1000 -1000 -1000 -10 -1.01062
Car -1 -1 0.00 820 101 847 122 -1 -1 -1 -1000 -1000 -1000 -10 -1.0139
Car -1 -1 0.00 1175 261 1229 286 -1 -1 -1 -1000 -1000 -1000 -10 -1.01587
