Car -1 -1 0.00 651 172 704 208 -1 -1 -1 -1000 -1000 -1000 -10 1.64683
Car -1 -1 0.00 697 175 737 201 -1 -1 -1 -1000 -1000 -1000 -10 1.38897
Car -1 -1 0.00 586 180 660 218 -1 -1 -1 -1000 -1000 -1000 -10 0.700243
Car -1 -1 0.00 -6 187 287 291 -1 -1 -1 -1000 -1000 -1000 -10 -0.386481
Car -1 -1 0.00 314 210 362 246 -1 -1 -1 -1000 -1000 -1000 -10 -0.860804
Car -1 -1 0.00 773 178 801 195 -1 -1 -1 -1000 -1000 -1000 -10 -0.864446
Car -1 -1 0.00 721 179 803 200 -1 -1 -1 -1000 -1000 -1000 -10 -0.934083
Car -1 -1 0.00 652 172 710 208 -1 -1 -1 -1000 -1000 -1000 -10 -0.974325
Car -1 -1 0.00 212 145 243 177 -1 -1 -1 -1000 -1000 -1000 -10 -0.982284
Car -1 -1 0.00 627 210 654 228 -1 -1 -1 -1000 -1000 -1000 -10 -0.993651
Car -1 -1 0.00 959 158 1099 251 -1 -1 -1 -1000 -1000 -1000 -10 -0.994607
Car -1 -1 0.00 279 324 314 335 -1 -1 -1 -1000 -1000 -1000 -10 -1.01605
