Car -1 -1 0.00 360 187 465 256 -1 -1 -1 -1000 -1000 -1000 -10 1.34138
Car -1 -1 0.00 861 157 1166 263 -1 -1 -1 -1000 -1000 -1000 -10 -0.140631
Car -1 -1 0.00 917 165 1181 253 -1 -1 -1 -1000 -1000 -1000 -10 -0.897292
Car -1 -1 0.00 129 18 157 37 -1 -1 -1 -1000 -1000 -1000 -10 -0.900582
Car -1 -1 0.00 301 215 326 245 -1 -1 -1 -1000 -1000 -1000 -10 -0.938135
Car -1 -1 0.00 563 174 607 195 -1 -1 -1 -1000 -1000 -1000 -10 -0.973143
Car -1 -1 0.00 412 -3 467 48 -1 -1 -1 -1000 -1000 -1000 -10 -1.00244
Car -1 -1 0.00 322 51 368 70 -1 -1 -1 -1000 -1000 -1000 -10 -1.00829
Car -1 -1 0.00 300 203 327 235 -1 -1 -1 -1000 -1000 -1000 -10 -1.02111
Car -1 -1 0.00 1167 179 1214 214 -1 -1 -1 -1000 -1000 -1000 -10 -1.0253
Car -1 -1 0.00 696 30 723 59 -1 -1 -1 -1000 -1000 -1000 -10 -1.0287
