Car -1 -1 0.00 667 179 803 278 -1 -1 -1 -1000 -1000 -1000 -10 2.07642
Car -1 -1 0.00 724 178 1002 347 -1 -1 -1 -1000 -1000 -1000 -10 1.77818
Car -1 -1 0.00 174 180 435 270 -1 -1 -1 -1000 -1000 -1000 -10 1.00412
Car -1 -1 0.00 325 185 437 232 -1 -1 -1 -1000 -1000 -1000 -10 0.72598
Car -1 -1 0.00 712 188 1005 329 -1 -1 -1 -1000 -1000 -1000 -10 -0.0217081
Car -1 -1 0.00 564 176 608 210 -1 -1 -1 -1000 -1000 -1000 -10 -0.040296
Car -1 -1 0.00 347 183 435 254 -1 -1 -1 -1000 -1000 -1000 -10 -0.545291
Car -1 -1 0.00 641 177 720 241 -1 -1 -1 -1000 -1000 -1000 -10 -0.546692
Car -1 -1 0.00 294 152 319 173 -1 -1 -1 -1000 -1000 -1000 -10 -0.885608
Car -1 -1 0.00 789 165 865 195 -1 -1 -1 -1000 -1000 -1000 -10 -0.939881
Car -1 -1 0.00 437 181 461 197 -1 -1 -1 -1000 -1000 -1000 -10 -0.966273
Car -1 -1 0.00 185 22 221 33 -1 -1 -1 -1000 -1000 -1000 -10 -0.971615
Car -1 -1 0.00 1226 73 1267 89 -1 -1 -1 -1000 -1000 -1000 -10 -1.00197
Car -1 -1 0.00 1223 92 1273 111 -1 -1 -1 -1000 -1000 -1000 -10 -1.01641
