Car -1 -1 0.00 135 189 344 262 -1 -1 -1 -1000 -1000 -1000 -10 2.18668
Car -1 -1 0.00 564 172 600 206 -1 -1 -1 -1000 -1000 -1000 -10 1.06705
Car -1 -1 0.00 873 162 939 189 -1 -1 -1 -1000 -1000 -1000 -10 0.3365
Car -1 -1 0.00 748 162 807 189 -1 -1 -1 -1000 -1000 -1000 -10 -0.356192
Car -1 -1 0.00 1191 23 1233 46 -1 -1 -1 -1000 -1000 -1000 -10 -0.895024
Car -1 -1 0.00 565 174 602 207 -1 -1 -1 -1000 -1000 -1000 -10 -0.954168
Car -1 -1 0.00 -6 298 19 321 -1 -1 -1 -1000 -1000 -1000 -10 -0.990914
Car -1 -1 0.00 99 6 146 25 -1 -1 -1 -1000 -1000 -1000 -10 -1.00128
Car -1 -1 0.00 313 171 388 194 -1 -1 -1 -1000 -1000 -1000 -10 -1.01018
Car -1 -1 0.00 757 162 780 188 -1 -1 -1 -1000 -1000 -1000 -10 -1.01689
