Car -1 -1 0.00 684 181 731 216 -1 -1 -1 -1000 -1000 -1000 -10 2.3318
Car -1 -1 0.00 744 190 933 303 -1 -1 -1 -1000 -1000 -1000 -10 1.34006
Car -1 -1 0.00 623 172 646 193 -1 -1 -1 -1000 -1000 -1000 -10 0.822579
Car -1 -1 0.00 668 176 707 205 -1 -1 -1 -1000 -1000 -1000 -10 0.514846
Car -1 -1 0.00 661 177 687 199 -1 -1 -1 -1000 -1000 -1000 -10 -0.684912
Car -1 -1 0.00 354 190 383 207 -1 -1 -1 -1000 -1000 -1000 -10 -0.934961
Car -1 -1 0.00 1204 170 1230 196 -1 -1 -1 -1000 -1000 -1000 -10 -0.983094
Car -1 -1 0.00 483 90 557 141 -1 -1 -1 -1000 -1000 -1000 -10 -0.985433
Car -1 -1 0.00 661 309 798 423 -1 -1 -1 -1000 -1000 -1000 -10 -0.999932
Car -1 -1 0.00 165 201 224 232 -1 -1 -1 -1000 -1000 -1000 -10 -1.00635
Car -1 -1 0.00 937 100 1000 117 -1 -1 -1 -1000 -1000 -1000 -10 -1.0072
Car -1 -1 0.00 165 226 202 248 -1 -1 -1 -1000 -1000 -1000 -10 -1.01055
Car -1 -1 0.00 549 163 574 179 -1 -1 -1 -1000 -1000 -1000 -10 -1.01571
