Car -1 -1 0.00 582 169 614 193 -1 -1 -1 -1000 -1000 -1000 -10 -0.91368
Car -1 -1 0.00 367 70 422 123 -1 -1 -1 -1000 -1000 -1000 -10 -0.963164
Car -1 -1 0.00 65 23 92 46 -1 -1 -1 -1000 -1000 -1000 -10 -0.97815
Car -1 -1 0.00 559 86 592 121 -1 -1 -1 -1000 -1000 -1000 -10 -0.989086
Car -1 -1 0.00 508 114 583 140 -1 -1 -1 -1000 -1000 -1000 -10 -0.996452
Car -1 -1 0.00 133 209 179 245 -1 -1 -1 -1000 -1000 -1000 -10 -1.00713
Car -1 -1 0.00 945 270 978 292 -1 -1 -1 -1000 -1000 -1000 -10 -1.01084
Car -1 -1 0.00 449 283 494 323 -1 -1 -1 -1000 -1000 -1000 -10 -1.01438
Car -1 -1 0.00 398 212 444 247 -1 -1 -1 -1000 -1000 -1000 -10 -1.01989
Car -1 -1 0.00 25 240 50 269 -1 -1 -1 -1000 -1000 -1000 -10 -1.02316
Car -1 -1 0.00 135 40 207 126 -1 -1 -1 -1000 -1000 -1000 -10 -1.02388
