Car -1 -1 0.00 281 173 486 258 -1 -1 -1 -1000 -1000 -1000 -10 1.70021
Car -1 -1 0.00 15 180 138 232 -1 -1 -1 -1000 -1000 -1000 -10 0.421848
Car -1 -1 0.00 587 167 613 189 -1 -1 -1 -1000 -1000 -1000 -10 0.060845
Car -1 -1 0.00 1169 111 1216 143 -1 -1 -1 -1000 -1000 -1000 -10 -0.182123
Car -1 -1 0.00 550 169 593 195 -1 -1 -1 -1000 -1000 -1000 -10 -0.204126
Car -1 -1 0.00 136 174 224 229 -1 -1 -1 -1000 -1000 -1000 -10 -0.378866
Car -1 -1 0.00 1149 110 1191 142 -1 -1 -1 -1000 -1000 -1000 -10 -0.628555
Car -1 -1 0.00 718 164 748 193 -1 -1 -1 -1000 -1000 -1000 -10 -0.697975
Car -1 -1 0.00 112 121 168 146 -1 -1 -1 -1000 -1000 -1000 -10 -0.718455
Car -1 -1 0.00 81 121 143 148 -1 -1 -1 -1000 -1000 -1000 -10 -0.898492
Car -1 -1 0.00 12 181 84 232 -1 -1 -1 -1000 -1000 -1000 -10 -0.944584
Car -1 -1 0.00 695 164 772 189 -1 -1 -1 -1000 -1000 -1000 -10 -0.957636
Car -1 -1 0.00 58 173 214 231 -1 -1 -1 -1000 -1000 -1000 -10 -0.967872
Car -1 -1 0.00 450 178 500 195 -1 -1 -1 -1000 -1000 -1000 -10 -0.991213
Car -1 -1 0.00 707 164 763 185 -1 -1 -1 -1000 -1000 -1000 -10 -0.993256
Car -1 -1 0.00 375 174 488 252 -1 -1 -1 -1000 -1000 -1000 -10 -1.01102
Car -1 -1 0.00 526 117 552 139 -1 -1 -1 -1000 -1000 -1000 -10 -1.01925
