Car -1 -1 0.00 605 175 649 213 -1 -1 -1 -1000 -1000 -1000 -10 1.49356
Car -1 -1 0.00 409 186 517 248 -1 -1 -1 -1000 -1000 -1000 -10 0.878385
Car -1 -1 0.00 574 171 604 192 -1 -1 -1 -1000 -1000 -1000 -10 0.0177734
Car -1 -1 0.00 559 139 596 179 -1 -1 -1 -1000 -1000 -1000 -10 -0.710193
Car -1 -1 0.00 752 137 798 151 -1 -1 -1 -1000 -1000 -1000 -10 -0.964842
Car -1 -1 0.00 515 133 544 166 -1 -1 -1 -1000 -1000 -1000 -10 -0.967989
Car -1 -1 0.00 825 77 854 115 -1 -1 -1 -1000 -1000 -1000 -10 -0.981267
Car -1 -1 0.00 533 362 561 387 -1 -1 -1 -1000 -1000 -1000 -10 -0.984388
Car -1 -1 0.00 145 351 173 374 -1 -1 -1 -1000 -1000 -1000 -10 -0.991144
Car -1 -1 0.00 131 352 160 374 -1 -1 -1 -1000 -1000 -1000 -10 -0.995606
Car -1 -1 0.00 753 132 798 146 -1 -1 -1 -1000 -1000 -1000 -10 -0.996879
Car -1 -1 0.00 842 32 881 89 -1 -1 -1 -1000 -1000 -1000 -10 -1.0145
Car -1 -1 0.00 335 159 364 172 -1 -1 -1 -1000 -1000 -1000 -10 -1.02549
