Car -1 -1 0.00 703 50 747 68 -1 -1 -1 -1000 -1000 -1000 -10 -0.806569
Car -1 -1 0.00 431 265 483 288 -1 -1 -1 -1000 -1000 -1000 -10 -0.833053
Car -1 -1 0.00 167 10 226 38 -1 -1 -1 -1000 -1000 -1000 -10 -0.904393
Car -1 -1 0.00 1144 211 1182 245 -1 -1 -1 -1000 -1000 -1000 -10 -0.947744
Car -1 -1 0.00 583 276 626 325 -1 -1 -1 -1000 -1000 -1000 -10 -0.956852
Car -1 -1 0.00 489 287 523 316 -1 -1 -1 -1000 -1000 -1000 -10 -0.966769
Car -1 -1 0.00 391 271 417 302 -1 -1 -1 -1000 -1000 -1000 -10 -0.990137
Car -1 -1 0.00 325 80 369 97 -1 -1 -1 -1000 -1000 -1000 -10 -0.991521
Car -1 -1 0.00 115 90 176 119 -1 -1 -1 -1000 -1000 -1000 -10 -0.99715
Car -1 -1 0.00 1168 107 1197 139 -1 -1 -1 -1000 -1000 -1000 -10 -1.00109
Car -1 -1 0.00 545 303 599 362 -1 -1 -1 -1000 -1000 -1000 -10 -1.00253
Car -1 -1 0.00 901 49 951 67 -1 -1 -1 -1000 -1000 -1000 -10 -1.01376
Car -1 -1 0.00 107 52 158 79 -1 -1 -1 -1000 -1000 -1000 -10 -1.02547
Car -1 -1 0.00 603 344 638 379 -1 -1 -1 -1000 -1000 -1000 -10 -1.02725
