Car -1 -1 0.00 924 184 1012 217 -1 -1 -1 -1000 -1000 -1000 -10 0.821818
Car -1 -1 0.00 605 174 636 199 -1 -1 -1 -1000 -1000 -1000 -10 0.62558
Car -1 -1 0.00 963 184 1079 226 -1 -1 -1 -1000 -1000 -1000 -10 -0.558134
Car -1 -1 0.00 905 184 945 218 -1 -1 -1 -1000 -1000 -1000 -10 -0.652176
Car -1 -1 0.00 878 184 948 215 -1 -1 -1 -1000 -1000 -1000 -10 -0.908241
Car -1 -1 0.00 857 173 886 195 -1 -1 -1 -1000 -1000 -1000 -10 -0.941974
Car -1 -1 0.00 571 160 619 193 -1 -1 -1 -1000 -1000 -1000 -10 -0.969476
Car -1 -1 0.00 673 260 697 288 -1 -1 -1 -1000 -1000 -1000 -10 -0.987954
Car -1 -1 0.00 1099 188 1291 244 -1 -1 -1 -1000 -1000 -1000 -10 -0.998358
Car -1 -1 0.00 850 256 886 268 -1 -1 -1 -1000 -1000 -1000 -10 -1.00215
Car -1 -1 0.00 718 193 750 206 -1 -1 -1 -1000 -1000 -1000 -10 -1.00617
Car -1 -1 0.00 399 34 426 61 -1 -1 -1 -1000 -1000 -1000 -10 -1.0062
Car -1 -1 0.00 234 29 264 63 -1 -1 -1 -1000 -1000 -1000 -10 -1.01471
Car -1 -1 0.00 889 164 916 185 -1 -1 -1 -1000 -1000 -1000 -10 -1.02547
