Car -1 -1 0.00 695 187 796 248 -1 -1 -1 -1000 -1000 -1000 -10 1.55485
Car -1 -1 0.00 618 180 654 214 -1 -1 -1 -1000 -1000 -1000 -10 1.44339
Car -1 -1 0.00 782 182 1059 353 -1 -1 -1 -1000 -1000 -1000 -10 1.29004
Car -1 -1 0.00 692 182 748 224 -1 -1 -1 -1000 -1000 -1000 -10 -0.681878
Car -1 -1 0.00 661 183 693 196 -1 -1 -1 -1000 -1000 -1000 -10 -0.699747
Car -1 -1 0.00 1128 59 1153 82 -1 -1 -1 -1000 -1000 -1000 -10 -0.888877
Car -1 -1 0.00 1031 37 1074 69 -1 -1 -1 -1000 -1000 -1000 -10 -0.891351
Car -1 -1 0.00 91 61 191 113 -1 -1 -1 -1000 -1000 -1000 -10 -0.93867
Car -1 -1 0.00 -14 41 17 85 -1 -1 -1 -1000 -1000 -1000 -10 -0.942512
Car -1 -1 0.00 134 312 250 384 -1 -1 -1 -1000 -1000 -1000 -10 -0.948163
Car -1 -1 0.00 721 191 796 246 -1 -1 -1 -1000 -1000 -1000 -10 -0.967702
Car -1 -1 0.00 776 275 798 299 -1 -1 -1 -1000 -1000 -1000 -10 -0.975421
Car -1 -1 0.00 1157 226 1189 245 -1 -1 -1 -1000 -1000 -1000 -10 -0.995186
Car -1 -1 0.00 262 306 298 316 -1 -1 -1 -1000 -1000 -1000 -10 -1.00939
Car -1 -1 0.00 508 187 538 202 -1 -1 -1 -1000 -1000 -1000 -10 -1.00987
Car -1 -1 0.00 714 328 751 357 -1 -1 -1 -1000 -1000 -1000 -10 -1.01395
Car -1 -1 0.00 1196 216 1233 245 -1 -1 -1 -1000 -1000 -1000 -10 -1.01434
