Car -1 -1 0.00 435 185 505 234 -1 -1 -1 -1000 -1000 -1000 -10 1.90153
Car -1 -1 0.00 513 179 545 204 -1 -1 -1 -1000 -1000 -1000 -10 1.39811
Car -1 -1 0.00 591 176 614 194 -1 -1 -1 -1000 -1000 -1000 -10 0.667466
Car -1 -1 0.00 571 176 592 192 -1 -1 -1 -1000 -1000 -1000 -10 -0.65753
Car -1 -1 0.00 715 347 768 374 -1 -1 -1 -1000 -1000 -1000 -10 -0.942616
Car -1 -1 0.00 339 24 380 51 -1 -1 -1 -1000 -1000 -1000 -10 -0.965054
Car -1 -1 0.00 333 14 358 39 -1 -1 -1 -1000 -1000 -1000 -10 -0.994493
Car -1 -1 0.00 292 60 329 101 -1 -1 -1 -1000 -1000 -1000 -10 -1.00396
Car -1 -1 0.00 436 187 521 235 -1 -1 -1 -1000 -1000 -1000 -10 -1.00461
Car -1 -1 0.00 1089 177 1192 289 -1 -1 -1 -1000 -1000 -1000 -10 -1.01453
Car -1 -1 0.00 896 266 927 300 -1 -1 -1 -1000 -1000 -1000 -10 -1.01999
Car -1 -1 0.00 503 55 578 102 -1 -1 -1 -1000 -1000 -1000 -10 -1.02476
Car -1 -1 0.00 372 90 397 118 -1 -1 -1 -1000 -1000 -1000 -10 -1.02543
Car -1 -1 0.00 994 164 1031 176 -1 -1 -1 -1000 -1000 -1000 -10 -1.02547
Car -1 -1 0.00 408 150 443 163 -1 -1 -1 -1000 -1000 -1000 -10 -1.02572
Car -1 -1 0.00 847 283 872 306 -1 -1 -1 -1000 -1000 -1000 -10 -1.02814
Car -1 -1 0.00 908 201 951 216 -1 -1 -1 -1000 -1000 -1000 -10 -1.02846
