Car -1 -1 0.00 581 155 733 214 -1 -1 -1 -1000 -1000 -1000 -10 1.85086
Car -1 -1 0.00 1157 151 1245 193 -1 -1 -1 -1000 -1000 -1000 -10 0.468878
Car -1 -1 0.00 143 50 171 71 -1 -1 -1 -1000 -1000 -1000 -10 -0.795485
Car -1 -1 0.00 593 85 633 114 -1 -1 -1 -1000 -1000 -1000 -10 -0.959765
Car -1 -1 0.00 632 95 666 128 -1 -1 -1 -1000 -1000 -1000 -10 -0.962075
Car -1 -1 0.00 526 -7 554 10 -1 -1 -1 -1000 -1000 -1000 -10 -0.963708
Car -1 -1 0.00 1153 151 1281 190 -1 -1 -1 -1000 -1000 -1000 -10 -0.982086
Car -1 -1 0.00 271 54 333 74 -1 -1 -1 -1000 -1000 -1000 -10 -1.01038
Car -1 -1 0.00 181 149 217 177 -1 -1 -1 -1000 -1000 -1000 -10 -1.01162
Car -1 -1 0.00 761 198 804 224 -1 -1 -1 -1000 -1000 -1000 -10 -1.01534
