Car -1 -1 0.00 214 203 448 299 -1 -1 -1 -1000 -1000 -1000 -10 1.20635
Car -1 -1 0.00 270 203 452 285 -1 -1 -1 -1000 -1000 -1000 -10 -0.722126
Car -1 -1 0.00 215 234 292 267 -1 -1 -1 -1000 -1000 -1000 -10 -0.816308
Car -1 -1 0.00 1093 165 1123 185 -1 -1 -1 -1000 -1000 -1000 -10 -0.854321
Car -1 -1 0.00 551 207 602 228 -1 -1 -1 -1000 -1000 -1000 -10 -0.891433
Car -1 -1 0.00 128 53 210 96 -1 -1 -1 -1000 -1000 -1000 -10 -0.9359
Car -1 -1 0.00 856 -4 899 33 -1 -1 -1 -1000 -1000 -1000 -10 -0.943073
Car -1 -1 0.00 1115 131 1223 182 -1 -1 -1 -1000 -1000 -1000 -10 -0.949115
Car -1 -1 0.00 462 265 510 310 -1 -1 -1 -1000 -1000 -1000 -10 -0.949713
Car -1 -1 0.00 249 27 284 67 -1 -1 -1 -1000 -1000 -1000 -10 -0.955559
Car -1 -1 0.00 606 217 662 259 -1 -1 -1 -1000 -1000 -1000 -10 -0.966321
Car -1 -1 0.00 616 188 658 209 -1 -1 -1 -1000 -1000 -1000 -10 -0.981539
Car -1 -1 0.00 207 243 247 261 -1 -1 -1 -1000 -1000 -1000 -10 -0.996779
Car -1 -1 0.00 500 211 549 256 -1 -1 -1 -1000 -1000 -1000 -10 -1.00922
Car -1 -1 0.00 253 110 277 133 -1 -1 -1 -1000 -1000 -1000 -10 -1.01037
Car -1 -1 0.00 500 269 541 306 -1 -1 -1 -1000 -1000 -1000 -10 -1.01682
Car -1 -1 0.00 1009 230 1033 260 -1 -1 -1 -1000 -1000 -1000 -10 -1.02193
Car -1 -1 0.00 325 364 354 374 -1 -1 -1 -1000 -1000 -1000 -10 -1.02331
