Car -1 -1 0.00 187 189 389 306 -1 -1 -1 -1000 -1000 -1000 -10 1.20375
Car -1 -1 0.00 323 179 447 268 -1 -1 -1 -1000 -1000 -1000 -10 0.936596
Car -1 -1 0.00 538 164 573 196 -1 -1 -1 -1000 -1000 -1000 -10 0.352258
Car -1 -1 0.00 426 173 476 210 -1 -1 -1 -1000 -1000 -1000 -10 0.0366573
Car -1 -1 0.00 189 188 413 303 -1 -1 -1 -1000 -1000 -1000 -10 -0.0952418
Car -1 -1 0.00 484 178 512 199 -1 -1 -1 -1000 -1000 -1000 -10 -0.270284
Car -1 -1 0.00 81 172 274 251 -1 -1 -1 -1000 -1000 -1000 -10 -0.336722
Car -1 -1 0.00 12 193 211 254 -1 -1 -1 -1000 -1000 -1000 -10 -0.565987
Car -1 -1 0.00 467 179 497 202 -1 -1 -1 -1000 -1000 -1000 -10 -0.645215
Car -1 -1 0.00 350 136 398 145 -1 -1 -1 -1000 -1000 -1000 -10 -1.0212
