Car -1 -1 0.00 684 182 798 262 -1 -1 -1 -1000 -1000 -1000 -10 1.73478
Car -1 -1 0.00 492 177 545 220 -1 -1 -1 -1000 -1000 -1000 -10 1.34877
Car -1 -1 0.00 654 179 736 238 -1 -1 -1 -1000 -1000 -1000 -10 -0.13461
Car -1 -1 0.00 367 175 468 225 -1 -1 -1 -1000 -1000 -1000 -10 -0.541545
Car -1 -1 0.00 136 207 173 244 -1 -1 -1 -1000 -1000 -1000 -10 -0.637637
Car -1 -1 0.00 276 178 435 245 -1 -1 -1 -1000 -1000 -1000 -10 -0.679924
Car -1 -1 0.00 434 174 494 213 -1 -1 -1 -1000 -1000 -1000 -10 -0.698425
Car -1 -1 0.00 633 179 674 213 -1 -1 -1 -1000 -1000 -1000 -10 -0.727545
Car -1 -1 0.00 352 174 429 205 -1 -1 -1 -1000 -1000 -1000 -10 -0.766611
Car -1 -1 0.00 616 173 660 208 -1 -1 -1 -1000 -1000 -1000 -10 -0.778163
Car -1 -1 0.00 741 183 955 327 -1 -1 -1 -1000 -1000 -1000 -10 -0.796942
Car -1 -1 0.00 209 193 301 232 -1 -1 -1 -1000 -1000 -1000 -10 -0.883749
Car -1 -1 0.00 1172 236 1202 256 -1 -1 -1 -1000 -1000 -1000 -10 -0.9417
Car -1 -1 0.00 889 47 923 62 -1 -1 -1 -1000 -1000 -1000 -10 -0.947519
Car -1 -1 0.00 990 248 1019 268 -1 -1 -1 -1000 -1000 -1000 -10 -0.977312
Car -1 -1 0.00 81 352 117 363 -1 -1 -1 -1000 -1000 -1000 -10 -0.978334
Car -1 -1 0.00 170 197 293 258 -1 -1 -1 -1000 -1000 -1000 -10 -0.983733
Car -1 -1 0.00 1180 237 1209 258 -1 -1 -1 -1000 -1000 -1000 -10 -0.989188
Car -1 -1 0.00 500 234 530 256 -1 -1 -1 -1000 -1000 -1000 -10 -0.999352
Car -1 -1 0.00 679 270 856 323 -1 -1 -1 -1000 -1000 -1000 -10 -1.00319
Car -1 -1 0.00 1025 110 1053 133 -1 -1 -1 -1000 -1000 -1000 -10 -1.0264
Car -1 -1 0.00 1028 112 1066 123 -1 -1 -1 -1000 -1000 -1000 -10 -1.02973
