Car -1 -1 0.00 666 184 741 232 -1 -1 -1 -1000 -1000 -1000 -10 1.97363
Car -1 -1 0.00 149 191 248 232 -1 -1 -1 -1000 -1000 -1000 -10 1.02024
Car -1 -1 0.00 267 190 343 219 -1 -1 -1 -1000 -1000 -1000 -10 0.652706
Car -1 -1 0.00 379 184 412 206 -1 -1 -1 -1000 -1000 -1000 -10 0.104447
Car -1 -1 0.00 221 189 295 224 -1 -1 -1 -1000 -1000 -1000 -10 -0.203467
Car -1 -1 0.00 324 186 365 212 -1 -1 -1 -1000 -1000 -1000 -10 -0.420539
Car -1 -1 0.00 238 188 292 223 -1 -1 -1 -1000 -1000 -1000 -10 -0.60623
Car -1 -1 0.00 52 198 114 248 -1 -1 -1 -1000 -1000 -1000 -10 -0.62335
Car -1 -1 0.00 422 182 451 200 -1 -1 -1 -1000 -1000 -1000 -10 -0.821334
Car -1 -1 0.00 345 184 383 210 -1 -1 -1 -1000 -1000 -1000 -10 -0.856092
Car -1 -1 0.00 310 187 367 211 -1 -1 -1 -1000 -1000 -1000 -10 -0.91889
Car -1 -1 0.00 35 24 163 96 -1 -1 -1 -1000 -1000 -1000 -10 -0.947018
Car -1 -1 0.00 651 184 695 216 -1 -1 -1 -1000 -1000 -1000 -10 -0.985856
Car -1 -1 0.00 917 334 989 353 -1 -1 -1 -1000 -1000 -1000 -10 -0.987856
Car -1 -1 0.00 514 180 587 202 -1 -1 -1 -1000 -1000 -1000 -10 -0.9993
Car -1 -1 0.00 511 81 535 96 -1 -1 -1 -1000 -1000 -1000 -10 -1.01246
Car -1 -1 0.00 458 182 492 195 -1 -1 -1 -1000 -1000 -1000 -10 -1.01478
