Car -1 -1 0.00 722 189 885 288 -1 -1 -1 -1000 -1000 -1000 -10 1.88061
Car -1 -1 0.00 19 189 143 247 -1 -1 -1 -1000 -1000 -1000 -10 1.55358
Car -1 -1 0.00 670 184 733 228 -1 -1 -1 -1000 -1000 -1000 -10 1.36275
Car -1 -1 0.00 692 184 787 250 -1 -1 -1 -1000 -1000 -1000 -10 1.13317
Car -1 -1 0.00 202 186 283 221 -1 -1 -1 -1000 -1000 -1000 -10 0.790842
Car -1 -1 0.00 309 183 363 210 -1 -1 -1 -1000 -1000 -1000 -10 0.693015
Car -1 -1 0.00 265 188 316 215 -1 -1 -1 -1000 -1000 -1000 -10 0.305601
Car -1 -1 0.00 126 189 229 234 -1 -1 -1 -1000 -1000 -1000 -10 0.303992
Car -1 -1 0.00 600 180 620 196 -1 -1 -1 -1000 -1000 -1000 -10 0.173875
Car -1 -1 0.00 382 181 420 201 -1 -1 -1 -1000 -1000 -1000 -10 -0.189037
Car -1 -1 0.00 562 169 593 192 -1 -1 -1 -1000 -1000 -1000 -10 -0.494321
Car -1 -1 0.00 157 355 207 374 -1 -1 -1 -1000 -1000 -1000 -10 -0.842439
Car -1 -1 0.00 424 180 449 198 -1 -1 -1 -1000 -1000 -1000 -10 -0.903148
Car -1 -1 0.00 217 187 287 223 -1 -1 -1 -1000 -1000 -1000 -10 -0.913089
Car -1 -1 0.00 448 182 476 194 -1 -1 -1 -1000 -1000 -1000 -10 -0.915673
Car -1 -1 0.00 168 41 202 53 -1 -1 -1 -1000 -1000 -1000 -10 -0.96996
Car -1 -1 0.00 674 94 702 109 -1 -1 -1 -1000 -1000 -1000 -10 -0.99891
Car -1 -1 0.00 58 71 96 108 -1 -1 -1 -1000 -1000 -1000 -10 -1.00324
Car -1 -1 0.00 259 117 315 133 -1 -1 -1 -1000 -1000 -1000 -10 -1.01038
Car -1 -1 0.00 514 180 574 201 -1 -1 -1 -1000 -1000 -1000 -10 -1.01243
Car -1 -1 0.00 373 139 395 168 -1 -1 -1 -1000 -1000 -1000 -10 -1.01244
Car -1 -1 0.00 729 215 771 267 -1 -1 -1 -1000 -1000 -1000 -10 -1.0208
Car -1 -1 0.00 1224 94 1268 114 -1 -1 -1 -1000 -1000 -1000 -10 -1.02741
Car -1 -1 0.00 362 174 387 203 -1 -1 -1 -1000 -1000 -1000 -10 -1.02967
