Car -1 -1 0.00 466 177 492 197 -1 -1 -1 -1000 -1000 -1000 -10 1.16973
Car -1 -1 0.00 647 179 672 197 -1 -1 -1 -1000 -1000 -1000 -10 0.706815
Car -1 -1 0.00 232 181 358 241 -1 -1 -1 -1000 -1000 -1000 -10 -0.510078
Car -1 -1 0.00 235 175 351 238 -1 -1 -1 -1000 -1000 -1000 -10 -0.534859
Car -1 -1 0.00 28 169 91 192 -1 -1 -1 -1000 -1000 -1000 -10 -0.608885
Car -1 -1 0.00 724 172 755 186 -1 -1 -1 -1000 -1000 -1000 -10 -0.678067
Car -1 -1 0.00 57 169 88 191 -1 -1 -1 -1000 -1000 -1000 -10 -0.678443
Car -1 -1 0.00 815 139 864 173 -1 -1 -1 -1000 -1000 -1000 -10 -0.872232
Car -1 -1 0.00 279 135 421 234 -1 -1 -1 -1000 -1000 -1000 -10 -0.878627
Car -1 -1 0.00 541 119 566 150 -1 -1 -1 -1000 -1000 -1000 -10 -1.01521
Car -1 -1 0.00 541 131 565 162 -1 -1 -1 -1000 -1000 -1000 -10 -1.01811
Car -1 -1 0.00 545 140 580 152 -1 -1 -1 -1000 -1000 -1000 -10 -1.02861
