Car -1 -1 0.00 284 181 392 236 -1 -1 -1 -1000 -1000 -1000 -10 1.94362
Car -1 -1 0.00 715 192 889 299 -1 -1 -1 -1000 -1000 -1000 -10 1.38064
Car -1 -1 0.00 691 183 790 254 -1 -1 -1 -1000 -1000 -1000 -10 0.791474
Car -1 -1 0.00 665 184 730 238 -1 -1 -1 -1000 -1000 -1000 -10 0.702854
Car -1 -1 0.00 491 181 521 203 -1 -1 -1 -1000 -1000 -1000 -10 0.120773
Car -1 -1 0.00 414 186 462 219 -1 -1 -1 -1000 -1000 -1000 -10 -0.0731021
Car -1 -1 0.00 284 180 389 236 -1 -1 -1 -1000 -1000 -1000 -10 -0.0991664
Car -1 -1 0.00 443 183 487 212 -1 -1 -1 -1000 -1000 -1000 -10 -0.386778
Car -1 -1 0.00 345 192 449 226 -1 -1 -1 -1000 -1000 -1000 -10 -0.447816
Car -1 -1 0.00 512 179 539 197 -1 -1 -1 -1000 -1000 -1000 -10 -0.587525
Car -1 -1 0.00 849 183 1197 389 -1 -1 -1 -1000 -1000 -1000 -10 -0.68772
Car -1 -1 0.00 856 247 897 261 -1 -1 -1 -1000 -1000 -1000 -10 -0.867997
Car -1 -1 0.00 1157 116 1183 140 -1 -1 -1 -1000 -1000 -1000 -10 -0.947714
Car -1 -1 0.00 922 82 951 103 -1 -1 -1 -1000 -1000 -1000 -10 -0.960367
Car -1 -1 0.00 874 85 993 139 -1 -1 -1 -1000 -1000 -1000 -10 -0.962539
Car -1 -1 0.00 650 191 677 212 -1 -1 -1 -1000 -1000 -1000 -10 -0.980441
Car -1 -1 0.00 436 185 485 212 -1 -1 -1 -1000 -1000 -1000 -10 -0.987342
Car -1 -1 0.00 376 186 434 224 -1 -1 -1 -1000 -1000 -1000 -10 -0.99049
Car -1 -1 0.00 269 249 309 259 -1 -1 -1 -1000 -1000 -1000 -10 -1.01049
Car -1 -1 0.00 656 201 691 225 -1 -1 -1 -1000 -1000 -1000 -10 -1.02461
Car -1 -1 0.00 715 -9 824 20 -1 -1 -1 -1000 -1000 -1000 -10 -1.02979
