Car -1 -1 0.00 707 154 796 183 -1 -1 -1 -1000 -1000 -1000 -10 0.496825
Car -1 -1 0.00 128 176 608 326 -1 -1 -1 -1000 -1000 -1000 -10 -0.024097
Car -1 -1 0.00 475 285 525 325 -1 -1 -1 -1000 -1000 -1000 -10 -0.386967
Car -1 -1 0.00 732 154 772 182 -1 -1 -1 -1000 -1000 -1000 -10 -0.520941
Car -1 -1 0.00 564 171 607 197 -1 -1 -1 -1000 -1000 -1000 -10 -0.703686
Car -1 -1 0.00 700 321 732 351 -1 -1 -1 -1000 -1000 -1000 -10 -0.753578
Car -1 -1 0.00 1051 157 1084 174 -1 -1 -1 -1000 -1000 -1000 -10 -0.960513
Car -1 -1 0.00 1061 162 1082 174 -1 -1 -1 -1000 -1000 -1000 -10 -0.991007
Car -1 -1 0.00 1008 107 1053 143 -1 -1 -1 -1000 -1000 -1000 -10 -0.999137
Car -1 -1 0.00 445 82 487 123 -1 -1 -1 -1000 -1000 -1000 -10 -1.00913
Car -1 -1 0.00 853 41 895 82 -1 -1 -1 -1000 -1000 -1000 -10 -1.01355
