Car -1 -1 0.00 378 184 501 261 -1 -1 -1 -1000 -1000 -1000 -10 2.32567
Car -1 -1 0.00 637 173 682 203 -1 -1 -1 -1000 -1000 -1000 -10 1.20924
Car -1 -1 0.00 495 174 547 213 -1 -1 -1 -1000 -1000 -1000 -10 1.01166
Car -1 -1 0.00 447 179 516 238 -1 -1 -1 -1000 -1000 -1000 -10 -0.0222295
Car -1 -1 0.00 687 170 728 192 -1 -1 -1 -1000 -1000 -1000 -10 -0.207142
Car -1 -1 0.00 747 223 844 277 -1 -1 -1 -1000 -1000 -1000 -10 -0.607685
Car -1 -1 0.00 540 173 569 195 -1 -1 -1 -1000 -1000 -1000 -10 -0.670202
Car -1 -1 0.00 748 190 1238 373 -1 -1 -1 -1000 -1000 -1000 -10 -0.818777
Car -1 -1 0.00 0 326 180 375 -1 -1 -1 -1000 -1000 -1000 -10 -0.911319
Car -1 -1 0.00 895 -2 922 27 -1 -1 -1 -1000 -1000 -1000 -10 -0.94633
Car -1 -1 0.00 38 12 64 23 -1 -1 -1 -1000 -1000 -1000 -10 -0.97392
Car -1 -1 0.00 767 151 859 221 -1 -1 -1 -1000 -1000 -1000 -10 -1.0026
Car -1 -1 0.00 79 8 138 74 -1 -1 -1 -1000 -1000 -1000 -10 -1.02675
