Car -1 -1 0.00 1032 184 1158 233 -1 -1 -1 -1000 -1000 -1000 -10 1.60878
Car -1 -1 0.00 957 181 1069 232 -1 -1 -1 -1000 -1000 -1000 -10 1.49637
Car -1 -1 0.00 602 172 637 202 -1 -1 -1 -1000 -1000 -1000 -10 1.27032
Car -1 -1 0.00 1095 184 1223 236 -1 -1 -1 -1000 -1000 -1000 -10 0.797439
Car -1 -1 0.00 743 194 788 213 -1 -1 -1 -1000 -1000 -1000 -10 -0.725415
Car -1 -1 0.00 292 152 379 188 -1 -1 -1 -1000 -1000 -1000 -10 -0.815201
Car -1 -1 0.00 835 174 864 206 -1 -1 -1 -1000 -1000 -1000 -10 -0.902263
Car -1 -1 0.00 887 243 943 285 -1 -1 -1 -1000 -1000 -1000 -10 -0.940241
Car -1 -1 0.00 766 150 857 192 -1 -1 -1 -1000 -1000 -1000 -10 -0.990607
Car -1 -1 0.00 1 253 103 283 -1 -1 -1 -1000 -1000 -1000 -10 -0.999433
Car -1 -1 0.00 360 7 391 38 -1 -1 -1 -1000 -1000 -1000 -10 -1.00959
Car -1 -1 0.00 184 93 220 126 -1 -1 -1 -1000 -1000 -1000 -10 -1.02161
Car -1 -1 0.00 333 124 357 135 -1 -1 -1 -1000 -1000 -1000 -10 -1.0221
