Car -1 -1 0.00 163 155 224 205 -1 -1 -1 -1000 -1000 -1000 -10 -0.138939
Car -1 -1 0.00 277 174 319 199 -1 -1 -1 -1000 -1000 -1000 -10 -0.242996
Car -1 -1 0.00 931 36 955 48 -1 -1 -1 -1000 -1000 -1000 -10 -0.656238
Car -1 -1 0.00 847 322 888 336 -1 -1 -1 -1000 -1000 -1000 -10 -0.910977
Car -1 -1 0.00 956 301 983 311 -1 -1 -1 -1000 -1000 -1000 -10 -0.912255
Car -1 -1 0.00 539 244 633 315 -1 -1 -1 -1000 -1000 -1000 -10 -0.973583
Car -1 -1 0.00 1214 174 1241 203 -1 -1 -1 -1000 -1000 -1000 -10 -0.998677
Car -1 -1 0.00 620 219 710 282 -1 -1 -1 -1000 -1000 -1000 -10 -1.00252
Car -1 -1 0.00 -17 102 15 128 -1 -1 -1 -1000 -1000 -1000 -10 -1.02305
Car -1 -1 0.00 294 175 318 198 -1 -1 -1 -1000 -1000 -1000 -10 -1.02418
