Car -1 -1 0.00 734 178 935 322 -1 -1 -1 -1000 -1000 -1000 -10 1.90643
Car -1 -1 0.00 658 179 734 237 -1 -1 -1 -1000 -1000 -1000 -10 0.510783
Car -1 -1 0.00 337 184 401 221 -1 -1 -1 -1000 -1000 -1000 -10 -0.0143143
Car -1 -1 0.00 553 175 582 197 -1 -1 -1 -1000 -1000 -1000 -10 -0.598034
Car -1 -1 0.00 448 174 532 237 -1 -1 -1 -1000 -1000 -1000 -10 -0.719852
Car -1 -1 0.00 1182 303 1208 322 -1 -1 -1 -1000 -1000 -1000 -10 -0.800753
Car -1 -1 0.00 132 341 247 374 -1 -1 -1 -1000 -1000 -1000 -10 -0.809072
Car -1 -1 0.00 373 246 404 273 -1 -1 -1 -1000 -1000 -1000 -10 -0.819007
Car -1 -1 0.00 132 183 196 223 -1 -1 -1 -1000 -1000 -1000 -10 -0.860775
Car -1 -1 0.00 846 220 983 281 -1 -1 -1 -1000 -1000 -1000 -10 -0.884
Car -1 -1 0.00 1067 229 1091 255 -1 -1 -1 -1000 -1000 -1000 -10 -0.929391
Car -1 -1 0.00 752 185 814 211 -1 -1 -1 -1000 -1000 -1000 -10 -0.930574
Car -1 -1 0.00 639 178 688 199 -1 -1 -1 -1000 -1000 -1000 -10 -0.965085
Car -1 -1 0.00 917 221 954 248 -1 -1 -1 -1000 -1000 -1000 -10 -0.96845
Car -1 -1 0.00 511 233 543 254 -1 -1 -1 -1000 -1000 -1000 -10 -0.986587
Car -1 -1 0.00 665 338 716 354 -1 -1 -1 -1000 -1000 -1000 -10 -0.989618
Car -1 -1 0.00 618 322 643 333 -1 -1 -1 -1000 -1000 -1000 -10 -1.01397
Car -1 -1 0.00 730 77 792 100 -1 -1 -1 -1000 -1000 -1000 -10 -1.01549
Car -1 -1 0.00 1088 342 1114 353 -1 -1 -1 -1000 -1000 -1000 -10 -1.01885
Car -1 -1 0.00 1191 342 1238 357 -1 -1 -1 -1000 -1000 -1000 -10 -1.02352
Car -1 -1 0.00 652 308 686 319 -1 -1 -1 -1000 -1000 -1000 -10 -1.02695
