Car -1 -1 0.00 723 178 782 218 -1 -1 -1 -1000 -1000 -1000 -10 1.64089
Car -1 -1 0.00 338 186 425 232 -1 -1 -1 -1000 -1000 -1000 -10 1.46364
Car -1 -1 0.00 461 179 494 201 -1 -1 -1 -1000 -1000 -1000 -10 1.21711
Car -1 -1 0.00 423 185 469 206 -1 -1 -1 -1000 -1000 -1000 -10 1.18433
Car -1 -1 0.00 611 172 634 193 -1 -1 -1 -1000 -1000 -1000 -10 0.62337
Car -1 -1 0.00 1157 143 1215 166 -1 -1 -1 -1000 -1000 -1000 -10 0.361553
Car -1 -1 0.00 491 179 527 202 -1 -1 -1 -1000 -1000 -1000 -10 0.325891
Car -1 -1 0.00 558 173 594 190 -1 -1 -1 -1000 -1000 -1000 -10 0.145007
Car -1 -1 0.00 138 174 275 234 -1 -1 -1 -1000 -1000 -1000 -10 -0.296373
Car -1 -1 0.00 677 171 709 184 -1 -1 -1 -1000 -1000 -1000 -10 -0.390127
Car -1 -1 0.00 467 178 494 199 -1 -1 -1 -1000 -1000 -1000 -10 -0.64348
Car -1 -1 0.00 425 183 471 207 -1 -1 -1 -1000 -1000 -1000 -10 -0.65798
Car -1 -1 0.00 1094 143 1178 172 -1 -1 -1 -1000 -1000 -1000 -10 -0.784812
Car -1 -1 0.00 999 147 1114 187 -1 -1 -1 -1000 -1000 -1000 -10 -0.883045
Car -1 -1 0.00 781 57 810 87 -1 -1 -1 -1000 -1000 -1000 -10 -0.958952
Car -1 -1 0.00 1079 200 1133 212 -1 -1 -1 -1000 -1000 -1000 -10 -0.980302
Car -1 -1 0.00 395 144 426 164 -1 -1 -1 -1000 -1000 -1000 -10 -0.983442
