Car -1 -1 0.00 613 175 688 214 -1 -1 -1 -1000 -1000 -1000 -10 1.13105
Car -1 -1 0.00 517 172 635 285 -1 -1 -1 -1000 -1000 -1000 -10 0.915286
Car -1 -1 0.00 764 171 814 197 -1 -1 -1 -1000 -1000 -1000 -10 0.889013
Car -1 -1 0.00 837 172 891 200 -1 -1 -1 -1000 -1000 -1000 -10 -0.0565049
Car -1 -1 0.00 812 170 859 191 -1 -1 -1 -1000 -1000 -1000 -10 -0.115451
Car -1 -1 0.00 772 171 813 196 -1 -1 -1 -1000 -1000 -1000 -10 -0.371663
Car -1 -1 0.00 698 165 772 202 -1 -1 -1 -1000 -1000 -1000 -10 -0.458557
Car -1 -1 0.00 258 143 315 169 -1 -1 -1 -1000 -1000 -1000 -10 -0.649899
Car -1 -1 0.00 508 174 643 286 -1 -1 -1 -1000 -1000 -1000 -10 -0.674187
Car -1 -1 0.00 313 184 488 240 -1 -1 -1 -1000 -1000 -1000 -10 -0.687372
Car -1 -1 0.00 318 95 352 110 -1 -1 -1 -1000 -1000 -1000 -10 -0.721378
Car -1 -1 0.00 844 206 890 226 -1 -1 -1 -1000 -1000 -1000 -10 -0.895784
Car -1 -1 0.00 838 166 910 201 -1 -1 -1 -1000 -1000 -1000 -10 -0.897119
Car -1 -1 0.00 883 147 911 177 -1 -1 -1 -1000 -1000 -1000 -10 -0.989492
Car -1 -1 0.00 340 112 382 130 -1 -1 -1 -1000 -1000 -1000 -10 -0.999563
Car -1 -1 0.00 950 164 983 181 -1 -1 -1 -1000 -1000 -1000 -10 -1.01388
