Car -1 -1 0.00 520 180 572 220 -1 -1 -1 -1000 -1000 -1000 -10 1.31705
Car -1 -1 0.00 607 165 650 196 -1 -1 -1 -1000 -1000 -1000 -10 -0.0636091
Car -1 -1 0.00 862 243 894 264 -1 -1 -1 -1000 -1000 -1000 -10 -0.742027
Car -1 -1 0.00 521 180 570 221 -1 -1 -1 -1000 -1000 -1000 -10 -0.800295
Car -1 -1 0.00 297 92 334 128 -1 -1 -1 -1000 -1000 -1000 -10 -0.838278
Car -1 -1 0.00 147 185 169 202 -1 -1 -1 -1000 -1000 -1000 -10 -0.939109
Car -1 -1 0.00 841 356 868 374 -1 -1 -1 -1000 -1000 -1000 -10 -0.953933
Car -1 -1 0.00 722 50 850 175 -1 -1 -1 -1000 -1000 -1000 -10 -0.973263
Car -1 -1 0.00 699 -3 776 20 -1 -1 -1 -1000 -1000 -1000 -10 -0.97993
Car -1 -1 0.00 760 51 791 67 -1 -1 -1 -1000 -1000 -1000 -10 -0.992392
Car -1 -1 0.00 1032 216 1061 245 -1 -1 -1 -1000 -1000 -1000 -10 -1.00219
Car -1 -1 0.00 563 179 584 203 -1 -1 -1 -1000 -1000 -1000 -10 -1.00905
Car -1 -1 0.00 833 162 857 174 -1 -1 -1 -1000 -1000 -1000 -10 -1.02204
Car -1 -1 0.00 330 94 369 133 -1 -1 -1 -1000 -1000 -1000 -10 -1.02892
