Car -1 -1 0.00 227 195 423 277 -1 -1 -1 -1000 -1000 -1000 -10 -0.746772
Car -1 -1 0.00 714 50 739 69 -1 -1 -1 -1000 -1000 -1000 -10 -0.824552
Car -1 -1 0.00 837 208 862 231 -1 -1 -1 -1000 -1000 -1000 -10 -0.857385
Car -1 -1 0.00 697 50 742 67 -1 -1 -1 -1000 -1000 -1000 -10 -0.892871
Car -1 -1 0.00 1179 229 1205 249 -1 -1 -1 -1000 -1000 -1000 -10 -0.903052
Car -1 -1 0.00 88 102 136 127 -1 -1 -1 -1000 -1000 -1000 -10 -0.951875
Car -1 -1 0.00 603 344 638 380 -1 -1 -1 -1000 -1000 -1000 -10 -0.953643
Car -1 -1 0.00 1139 206 1183 246 -1 -1 -1 -1000 -1000 -1000 -10 -0.954338
Car -1 -1 0.00 632 334 683 369 -1 -1 -1 -1000 -1000 -1000 -10 -0.96126
Car -1 -1 0.00 440 169 466 183 -1 -1 -1 -1000 -1000 -1000 -10 -0.988127
Car -1 -1 0.00 553 279 587 318 -1 -1 -1 -1000 -1000 -1000 -10 -0.99559
Car -1 -1 0.00 899 29 925 41 -1 -1 -1 -1000 -1000 -1000 -10 -1.00033
Car -1 -1 0.00 106 91 184 127 -1 -1 -1 -1000 -1000 -1000 -10 -1.01221
Car -1 -1 0.00 678 160 713 172 -1 -1 -1 -1000 -1000 -1000 -10 -1.01501
Car -1 -1 0.00 1004 151 1037 173 -1 -1 -1 -1000 -1000 -1000 -10 -1.01587
Car -1 -1 0.00 545 302 599 361 -1 -1 -1 -1000 -1000 -1000 -10 -1.01595
Car -1 -1 0.00 529 267 558 300 -1 -1 -1 -1000 -1000 -1000 -10 -1.02096
Car -1 -1 0.00 916 102 966 129 -1 -1 -1 -1000 -1000 -1000 -10 -1.02126
