Car -1 -1 0.00 956 180 1070 231 -1 -1 -1 -1000 -1000 -1000 -10 1.35821
Car -1 -1 0.00 601 171 637 201 -1 -1 -1 -1000 -1000 -1000 -10 1.1404
Car -1 -1 0.00 1090 182 1223 235 -1 -1 -1 -1000 -1000 -1000 -10 -0.223848
Car -1 -1 0.00 1044 184 1156 233 -1 -1 -1 -1000 -1000 -1000 -10 -0.367612
Car -1 -1 0.00 1009 182 1148 233 -1 -1 -1 -1000 -1000 -1000 -10 -0.874129
Car -1 -1 0.00 739 199 789 214 -1 -1 -1 -1000 -1000 -1000 -10 -0.89124
Car -1 -1 0.00 850 295 889 328 -1 -1 -1 -1000 -1000 -1000 -10 -0.896786
Car -1 -1 0.00 1097 222 1140 261 -1 -1 -1 -1000 -1000 -1000 -10 -0.919653
Car -1 -1 0.00 895 170 929 208 -1 -1 -1 -1000 -1000 -1000 -10 -0.958483
Car -1 -1 0.00 835 175 864 206 -1 -1 -1 -1000 -1000 -1000 -10 -0.958939
Car -1 -1 0.00 809 245 842 265 -1 -1 -1 -1000 -1000 -1000 -10 -0.96958
Car -1 -1 0.00 521 229 572 265 -1 -1 -1 -1000 -1000 -1000 -10 -0.979184
Car -1 -1 0.00 604 171 641 204 -1 -1 -1 -1000 -1000 -1000 -10 -0.987677
Car -1 -1 0.00 1 253 104 283 -1 -1 -1 -1000 -1000 -1000 -10 -0.994045
Car -1 -1 0.00 361 2 391 37 -1 -1 -1 -1000 -1000 -1000 -10 -1.0152
Car -1 -1 0.00 801 147 845 161 -1 -1 -1 -1000 -1000 -1000 -10 -1.02164
Car -1 -1 0.00 179 236 231 255 -1 -1 -1 -1000 -1000 -1000 -10 -1.02324
Car -1 -1 0.00 765 150 858 192 -1 -1 -1 -1000 -1000 -1000 -10 -1.02803
Car -1 -1 0.00 326 73 359 98 -1 -1 -1 -1000 -1000 -1000 -10 -1.02925
