Car -1 -1 0.00 508 167 552 187 -1 -1 -1 -1000 -1000 -1000 -10 1.40083
Car -1 -1 0.00 587 170 613 184 -1 -1 -1 -1000 -1000 -1000 -10 -0.892646
Car -1 -1 0.00 596 295 618 325 -1 -1 -1 -1000 -1000 -1000 -10 -0.926435
Car -1 -1 0.00 1177 205 1202 226 -1 -1 -1 -1000 -1000 -1000 -10 -0.927245
Car -1 -1 0.00 179 186 203 215 -1 -1 -1 -1000 -1000 -1000 -10 -0.969015
Car -1 -1 0.00 972 311 998 329 -1 -1 -1 -1000 -1000 -1000 -10 -0.969261
Car -1 -1 0.00 1143 294 1176 306 -1 -1 -1 -1000 -1000 -1000 -10 -1.00547
Car -1 -1 0.00 168 230 201 241 -1 -1 -1 -1000 -1000 -1000 -10 -1.0081
Car -1 -1 0.00 887 343 913 364 -1 -1 -1 -1000 -1000 -1000 -10 -1.01541
Car -1 -1 0.00 1206 354 1242 366 -1 -1 -1 -1000 -1000 -1000 -10 -1.01784
Car -1 -1 0.00 87 234 111 255 -1 -1 -1 -1000 -1000 -1000 -10 -1.01997
Car -1 -1 0.00 883 246 912 277 -1 -1 -1 -1000 -1000 -1000 -10 -1.02283
Car -1 -1 0.00 1087 109 1123 122 -1 -1 -1 -1000 -1000 -1000 -10 -1.02744
