Car -1 -1 0.00 435 187 503 229 -1 -1 -1 -1000 -1000 -1000 -10 0.979828
Car -1 -1 0.00 541 173 566 197 -1 -1 -1 -1000 -1000 -1000 -10 0.757562
Car -1 -1 0.00 339 196 447 260 -1 -1 -1 -1000 -1000 -1000 -10 0.606882
Car -1 -1 0.00 -118 165 362 374 -1 -1 -1 -1000 -1000 -1000 -10 -0.885643
Car -1 -1 0.00 510 161 553 182 -1 -1 -1 -1000 -1000 -1000 -10 -0.901299
Car -1 -1 0.00 780 305 805 318 -1 -1 -1 -1000 -1000 -1000 -10 -0.959433
Car -1 -1 0.00 240 184 269 213 -1 -1 -1 -1000 -1000 -1000 -10 -0.97179
Car -1 -1 0.00 1100 294 1183 351 -1 -1 -1 -1000 -1000 -1000 -10 -1.00086
Car -1 -1 0.00 863 283 892 316 -1 -1 -1 -1000 -1000 -1000 -10 -1.0053
Car -1 -1 0.00 266 185 334 235 -1 -1 -1 -1000 -1000 -1000 -10 -1.01514
