Car -1 -1 0.00 557 191 600 219 -1 -1 -1 -1000 -1000 -1000 -10 1.70168
Car -1 -1 0.00 412 190 503 253 -1 -1 -1 -1000 -1000 -1000 -10 1.08512
Car -1 -1 0.00 798 186 1073 269 -1 -1 -1 -1000 -1000 -1000 -10 0.422656
Car -1 -1 0.00 390 158 457 207 -1 -1 -1 -1000 -1000 -1000 -10 -0.830872
Car -1 -1 0.00 724 -2 760 33 -1 -1 -1 -1000 -1000 -1000 -10 -0.919817
Car -1 -1 0.00 387 131 414 150 -1 -1 -1 -1000 -1000 -1000 -10 -0.92715
Car -1 -1 0.00 679 194 705 218 -1 -1 -1 -1000 -1000 -1000 -10 -0.973347
Car -1 -1 0.00 800 157 1103 259 -1 -1 -1 -1000 -1000 -1000 -10 -0.989261
Car -1 -1 0.00 617 252 693 296 -1 -1 -1 -1000 -1000 -1000 -10 -1.00897
Car -1 -1 0.00 996 255 1024 290 -1 -1 -1 -1000 -1000 -1000 -10 -1.02755
