Car -1 -1 0.00 373 211 400 235 -1 -1 -1 -1000 -1000 -1000 -10 -0.900963
Car -1 -1 0.00 744 140 770 172 -1 -1 -1 -1000 -1000 -1000 -10 -0.91232
Car -1 -1 0.00 1173 102 1196 129 -1 -1 -1 -1000 -1000 -1000 -10 -0.930776
Car -1 -1 0.00 918 28 971 53 -1 -1 -1 -1000 -1000 -1000 -10 -0.936377
Car -1 -1 0.00 1126 308 1198 343 -1 -1 -1 -1000 -1000 -1000 -10 -0.960811
Car -1 -1 0.00 632 333 683 369 -1 -1 -1 -1000 -1000 -1000 -10 -0.962447
Car -1 -1 0.00 817 208 912 250 -1 -1 -1 -1000 -1000 -1000 -10 -0.969307
Car -1 -1 0.00 670 174 735 218 -1 -1 -1 -1000 -1000 -1000 -10 -0.97205
Car -1 -1 0.00 787 115 828 134 -1 -1 -1 -1000 -1000 -1000 -10 -0.989417
Car -1 -1 0.00 652 176 686 201 -1 -1 -1 -1000 -1000 -1000 -10 -1.00841
Car -1 -1 0.00 603 344 638 380 -1 -1 -1 -1000 -1000 -1000 -10 -1.01891
Car -1 -1 0.00 1135 103 1173 116 -1 -1 -1 -1000 -1000 -1000 -10 -1.02015
Car -1 -1 0.00 615 -37 706 43 -1 -1 -1 -1000 -1000 -1000 -10 -1.02136
Car -1 -1 0.00 552 278 589 314 -1 -1 -1 -1000 -1000 -1000 -10 -1.02475
Car -1 -1 0.00 310 248 357 283 -1 -1 -1 -1000 -1000 -1000 -10 -1.02616
