Car -1 -1 0.00 300 195 449 283 -1 -1 -1 -1000 -1000 -1000 -10 1.35849
Car -1 -1 0.00 565 181 609 204 -1 -1 -1 -1000 -1000 -1000 -10 1.30245
Car -1 -1 0.00 671 173 704 190 -1 -1 -1 -1000 -1000 -1000 -10 0.631857
Car -1 -1 0.00 31 232 142 304 -1 -1 -1 -1000 -1000 -1000 -10 -0.725277
Car -1 -1 0.00 741 240 843 331 -1 -1 -1 -1000 -1000 -1000 -10 -0.904846
Car -1 -1 0.00 672 173 700 190 -1 -1 -1 -1000 -1000 -1000 -10 -0.969194
Car -1 -1 0.00 503 170 562 188 -1 -1 -1 -1000 -1000 -1000 -10 -0.973618
Car -1 -1 0.00 631 238 671 251 -1 -1 -1 -1000 -1000 -1000 -10 -0.98
Car -1 -1 0.00 938 254 1000 294 -1 -1 -1 -1000 -1000 -1000 -10 -0.984213
Car -1 -1 0.00 824 255 854 287 -1 -1 -1 -1000 -1000 -1000 -10 -0.989846
Car -1 -1 0.00 842 256 879 288 -1 -1 -1 -1000 -1000 -1000 -10 -0.991044
Car -1 -1 0.00 508 288 545 322 -1 -1 -1 -1000 -1000 -1000 -10 -1.00369
Car -1 -1 0.00 375 280 407 301 -1 -1 -1 -1000 -1000 -1000 -10 -1.01187
Car -1 -1 0.00 347 148 375 170 -1 -1 -1 -1000 -1000 -1000 -10 -1.02496
Car -1 -1 0.00 835 237 864 254 -1 -1 -1 -1000 -1000 -1000 -10 -1.02527
