Car -1 -1 0.00 376 179 499 272 -1 -1 -1 -1000 -1000 -1000 -10 1.25255
Car -1 -1 0.00 471 172 543 229 -1 -1 -1 -1000 -1000 -1000 -10 0.709329
Car -1 -1 0.00 573 175 610 189 -1 -1 -1 -1000 -1000 -1000 -10 0.0329467
Car -1 -1 0.00 761 169 1103 315 -1 -1 -1 -1000 -1000 -1000 -10 -0.390791
Car -1 -1 0.00 722 168 949 268 -1 -1 -1 -1000 -1000 -1000 -10 -0.430037
Car -1 -1 0.00 522 175 558 213 -1 -1 -1 -1000 -1000 -1000 -10 -0.616405
Car -1 -1 0.00 520 177 580 205 -1 -1 -1 -1000 -1000 -1000 -10 -0.645706
Car -1 -1 0.00 700 178 743 199 -1 -1 -1 -1000 -1000 -1000 -10 -0.64899
Car -1 -1 0.00 647 174 735 210 -1 -1 -1 -1000 -1000 -1000 -10 -0.769924
Car -1 -1 0.00 619 173 670 200 -1 -1 -1 -1000 -1000 -1000 -10 -0.878296
Car -1 -1 0.00 894 124 924 156 -1 -1 -1 -1000 -1000 -1000 -10 -0.916106
Car -1 -1 0.00 64 273 103 302 -1 -1 -1 -1000 -1000 -1000 -10 -0.958479
Car -1 -1 0.00 1013 147 1037 180 -1 -1 -1 -1000 -1000 -1000 -10 -0.960563
Car -1 -1 0.00 790 182 1109 287 -1 -1 -1 -1000 -1000 -1000 -10 -0.961857
Car -1 -1 0.00 273 367 314 381 -1 -1 -1 -1000 -1000 -1000 -10 -0.964166
Car -1 -1 0.00 597 103 644 123 -1 -1 -1 -1000 -1000 -1000 -10 -0.975208
Car -1 -1 0.00 980 358 1022 374 -1 -1 -1 -1000 -1000 -1000 -10 -0.988239
Car -1 -1 0.00 1196 22 1232 47 -1 -1 -1 -1000 -1000 -1000 -10 -1.00166
Car -1 -1 0.00 1108 147 1134 181 -1 -1 -1 -1000 -1000 -1000 -10 -1.01268
Car -1 -1 0.00 998 330 1039 346 -1 -1 -1 -1000 -1000 -1000 -10 -1.01335
Car -1 -1 0.00 723 197 775 212 -1 -1 -1 -1000 -1000 -1000 -10 -1.02726
