Car -1 -1 0.00 779 176 974 331 -1 -1 -1 -1000 -1000 -1000 -10 1.98686
Car -1 -1 0.00 703 168 785 228 -1 -1 -1 -1000 -1000 -1000 -10 1.55861
Car -1 -1 0.00 122 145 237 195 -1 -1 -1 -1000 -1000 -1000 -10 1.12885
Car -1 -1 0.00 224 144 309 187 -1 -1 -1 -1000 -1000 -1000 -10 1.07515
Car -1 -1 0.00 617 154 674 209 -1 -1 -1 -1000 -1000 -1000 -10 0.435038
Car -1 -1 0.00 665 153 704 184 -1 -1 -1 -1000 -1000 -1000 -10 -0.575124
Car -1 -1 0.00 712 202 742 228 -1 -1 -1 -1000 -1000 -1000 -10 -0.639856
Car -1 -1 0.00 958 348 1043 374 -1 -1 -1 -1000 -1000 -1000 -10 -0.871997
Car -1 -1 0.00 248 103 272 122 -1 -1 -1 -1000 -1000 -1000 -10 -0.892565
Car -1 -1 0.00 689 162 737 194 -1 -1 -1 -1000 -1000 -1000 -10 -0.935525
Car -1 -1 0.00 357 274 395 286 -1 -1 -1 -1000 -1000 -1000 -10 -0.998254
Car -1 -1 0.00 800 99 837 112 -1 -1 -1 -1000 -1000 -1000 -10 -1.01054
Car -1 -1 0.00 823 360 848 371 -1 -1 -1 -1000 -1000 -1000 -10 -1.01535
Car -1 -1 0.00 314 215 351 227 -1 -1 -1 -1000 -1000 -1000 -10 -1.01805
Car -1 -1 0.00 502 355 539 373 -1 -1 -1 -1000 -1000 -1000 -10 -1.02357
Car -1 -1 0.00 -17 88 25 103 -1 -1 -1 -1000 -1000 -1000 -10 -1.02961
