Car -1 -1 0.00 727 175 754 192 -1 -1 -1 -1000 -1000 -1000 -10 0.161131
Car -1 -1 0.00 955 171 1038 206 -1 -1 -1 -1000 -1000 -1000 -10 0.0792517
Car -1 -1 0.00 764 173 811 199 -1 -1 -1 -1000 -1000 -1000 -10 -0.485301
Car -1 -1 0.00 867 169 952 200 -1 -1 -1 -1000 -1000 -1000 -10 -0.508228
Car -1 -1 0.00 189 236 231 267 -1 -1 -1 -1000 -1000 -1000 -10 -0.908036
Car -1 -1 0.00 958 118 983 148 -1 -1 -1 -1000 -1000 -1000 -10 -0.914932
Car -1 -1 0.00 727 170 798 196 -1 -1 -1 -1000 -1000 -1000 -10 -0.918189
Car -1 -1 0.00 92 -5 161 34 -1 -1 -1 -1000 -1000 -1000 -10 -0.923661
Car -1 -1 0.00 111 31 150 58 -1 -1 -1 -1000 -1000 -1000 -10 -0.956555
Car -1 -1 0.00 740 345 771 374 -1 -1 -1 -1000 -1000 -1000 -10 -0.986592
Car -1 -1 0.00 875 139 900 165 -1 -1 -1 -1000 -1000 -1000 -10 -1.01337
Car -1 -1 0.00 157 -3 187 30 -1 -1 -1 -1000 -1000 -1000 -10 -1.02466
Car -1 -1 0.00 384 147 410 181 -1 -1 -1 -1000 -1000 -1000 -10 -1.02743
