Car -1 -1 0.00 694 177 752 222 -1 -1 -1 -1000 -1000 -1000 -10 1.23237
Car -1 -1 0.00 1116 35 1144 57 -1 -1 -1 -1000 -1000 -1000 -10 -0.81864
Car -1 -1 0.00 578 204 610 228 -1 -1 -1 -1000 -1000 -1000 -10 -0.942707
Car -1 -1 0.00 702 177 750 222 -1 -1 -1 -1000 -1000 -1000 -10 -0.946388
Car -1 -1 0.00 1025 123 1050 144 -1 -1 -1 -1000 -1000 -1000 -10 -0.961165
Car -1 -1 0.00 1116 361 1148 392 -1 -1 -1 -1000 -1000 -1000 -10 -0.996812
Car -1 -1 0.00 562 283 588 305 -1 -1 -1 -1000 -1000 -1000 -10 -1.00148
Car -1 -1 0.00 289 134 328 170 -1 -1 -1 -1000 -1000 -1000 -10 -1.01475
Car -1 -1 0.00 729 154 759 181 -1 -1 -1 -1000 -1000 -1000 -10 -1.01912
Car -1 -1 0.00 159 105 191 128 -1 -1 -1 -1000 -1000 -1000 -10 -1.02335
Car -1 -1 0.00 243 30 266 53 -1 -1 -1 -1000 -1000 -1000 -10 -1.02741
