Car -1 -1 0.00 638 182 666 206 -1 -1 -1 -1000 -1000 -1000 -10 0.0897298
Car -1 -1 0.00 122 201 350 297 -1 -1 -1 -1000 -1000 -1000 -10 -0.503541
Car -1 -1 0.00 500 182 553 217 -1 -1 -1 -1000 -1000 -1000 -10 -0.68958
Car -1 -1 0.00 111 265 140 287 -1 -1 -1 -1000 -1000 -1000 -10 -0.855888
Car -1 -1 0.00 1129 81 1154 95 -1 -1 -1 -1000 -1000 -1000 -10 -0.97883
Car -1 -1 0.00 57 185 80 215 -1 -1 -1 -1000 -1000 -1000 -10 -0.988537
Car -1 -1 0.00 342 154 368 173 -1 -1 -1 -1000 -1000 -1000 -10 -1.01025
Car -1 -1 0.00 479 265 517 293 -1 -1 -1 -1000 -1000 -1000 -10 -1.01214
Car -1 -1 0.00 150 127 216 146 -1 -1 -1 -1000 -1000 -1000 -10 -1.01587
Car -1 -1 0.00 967 155 997 175 -1 -1 -1 -1000 -1000 -1000 -10 -1.0189
Car -1 -1 0.00 105 289 191 313 -1 -1 -1 -1000 -1000 -1000 -10 -1.02408
