Car -1 -1 0.00 737 259 763 272 -1 -1 -1 -1000 -1000 -1000 -10 -0.942519
Car -1 -1 0.00 289 213 323 237 -1 -1 -1 -1000 -1000 -1000 -10 -0.966056
Car -1 -1 0.00 1016 267 1040 293 -1 -1 -1 -1000 -1000 -1000 -10 -0.98769
Car -1 -1 0.00 188 20 233 42 -1 -1 -1 -1000 -1000 -1000 -10 -0.988302
Car -1 -1 0.00 685 -1 714 32 -1 -1 -1 -1000 -1000 -1000 -10 -0.993861
Car -1 -1 0.00 818 174 894 202 -1 -1 -1 -1000 -1000 -1000 -10 -0.996901
Car -1 -1 0.00 788 187 823 214 -1 -1 -1 -1000 -1000 -1000 -10 -1.00397
Car -1 -1 0.00 912 168 955 196 -1 -1 -1 -1000 -1000 -1000 -10 -1.01608
Car -1 -1 0.00 256 224 293 235 -1 -1 -1 -1000 -1000 -1000 -10 -1.01674
Car -1 -1 0.00 522 232 554 257 -1 -1 -1 -1000 -1000 -1000 -10 -1.02467
