Car -1 -1 0.00 99 182 220 230 -1 -1 -1 -1000 -1000 -1000 -10 1.69613
Car -1 -1 0.00 660 187 741 244 -1 -1 -1 -1000 -1000 -1000 -10 1.31964
Car -1 -1 0.00 755 201 1062 374 -1 -1 -1 -1000 -1000 -1000 -10 0.724274
Car -1 -1 0.00 631 183 672 214 -1 -1 -1 -1000 -1000 -1000 -10 -0.226698
Car -1 -1 0.00 273 182 315 212 -1 -1 -1 -1000 -1000 -1000 -10 -0.552824
Car -1 -1 0.00 365 176 406 206 -1 -1 -1 -1000 -1000 -1000 -10 -0.59908
Car -1 -1 0.00 4 183 85 247 -1 -1 -1 -1000 -1000 -1000 -10 -0.807872
Car -1 -1 0.00 577 180 608 194 -1 -1 -1 -1000 -1000 -1000 -10 -0.833959
Car -1 -1 0.00 510 191 536 208 -1 -1 -1 -1000 -1000 -1000 -10 -0.860155
Car -1 -1 0.00 367 177 432 207 -1 -1 -1 -1000 -1000 -1000 -10 -0.906257
Car -1 -1 0.00 618 111 645 140 -1 -1 -1 -1000 -1000 -1000 -10 -0.950721
Car -1 -1 0.00 1228 233 1271 247 -1 -1 -1 -1000 -1000 -1000 -10 -1.00617
Car -1 -1 0.00 1226 222 1279 240 -1 -1 -1 -1000 -1000 -1000 -10 -1.02019
Car -1 -1 0.00 483 268 527 290 -1 -1 -1 -1000 -1000 -1000 -10 -1.02361
Car -1 -1 0.00 1128 302 1217 374 -1 -1 -1 -1000 -1000 -1000 -10 -1.0243
Car -1 -1 0.00 1222 211 1277 228 -1 -1 -1 -1000 -1000 -1000 -10 -1.02856
Car -1 -1 0.00 250 57 281 82 -1 -1 -1 -1000 -1000 -1000 -10 -1.02859
