Car -1 -1 0.00 447 176 474 194 -1 -1 -1 -1000 -1000 -1000 -10 0.410787
Car -1 -1 0.00 501 179 595 207 -1 -1 -1 -1000 -1000 -1000 -10 0.336886
Car -1 -1 0.00 2 152 386 375 -1 -1 -1 -1000 -1000 -1000 -10 -0.436944
Car -1 -1 0.00 893 252 947 287 -1 -1 -1 -1000 -1000 -1000 -10 -0.684251
Car -1 -1 0.00 948 105 973 121 -1 -1 -1 -1000 -1000 -1000 -10 -0.881454
Car -1 -1 0.00 460 231 523 251 -1 -1 -1 -1000 -1000 -1000 -10 -0.981921
Car -1 -1 0.00 395 147 439 185 -1 -1 -1 -1000 -1000 -1000 -10 -0.992328
Car -1 -1 0.00 183 25 205 39 -1 -1 -1 -1000 -1000 -1000 -10 -0.9957
Car -1 -1 0.00 15 307 49 344 -1 -1 -1 -1000 -1000 -1000 -10 -0.999148
Car -1 -1 0.00 748 263 792 297 -1 -1 -1 -1000 -1000 -1000 -10 -1.00191
Car -1 -1 0.00 359 39 387 60 -1 -1 -1 -1000 -1000 -1000 -10 -1.0097
Car -1 -1 0.00 1155 211 1188 228 -1 -1 -1 -1000 -1000 -1000 -10 -1.02549
