Car -1 -1 0.00 754 188 1035 365 -1 -1 -1 -1000 -1000 -1000 -10 1.62367
Car -1 -1 0.00 51 195 387 287 -1 -1 -1 -1000 -1000 -1000 -10 0.905977
Car -1 -1 0.00 637 184 696 228 -1 -1 -1 -1000 -1000 -1000 -10 0.334177
Car -1 -1 0.00 661 184 742 246 -1 -1 -1 -1000 -1000 -1000 -10 -0.136964
Car -1 -1 0.00 513 180 545 205 -1 -1 -1 -1000 -1000 -1000 -10 -0.501471
Car -1 -1 0.00 1115 237 1150 253 -1 -1 -1 -1000 -1000 -1000 -10 -0.811668
Car -1 -1 0.00 1117 161 1149 189 -1 -1 -1 -1000 -1000 -1000 -10 -0.832353
Car -1 -1 0.00 433 177 505 209 -1 -1 -1 -1000 -1000 -1000 -10 -0.841723
Car -1 -1 0.00 255 184 413 240 -1 -1 -1 -1000 -1000 -1000 -10 -0.883854
Car -1 -1 0.00 339 186 457 246 -1 -1 -1 -1000 -1000 -1000 -10 -0.93538
Car -1 -1 0.00 919 196 1064 294 -1 -1 -1 -1000 -1000 -1000 -10 -0.968906
Car -1 -1 0.00 1089 319 1112 338 -1 -1 -1 -1000 -1000 -1000 -10 -0.991037
Car -1 -1 0.00 367 178 486 217 -1 -1 -1 -1000 -1000 -1000 -10 -0.991354
Car -1 -1 0.00 431 176 475 221 -1 -1 -1 -1000 -1000 -1000 -10 -1.00361
Car -1 -1 0.00 189 39 242 82 -1 -1 -1 -1000 -1000 -1000 -10 -1.02106
