Car -1 -1 0.00 448 165 485 191 -1 -1 -1 -1000 -1000 -1000 -10 1.62462
Car -1 -1 0.00 569 164 669 199 -1 -1 -1 -1000 -1000 -1000 -10 0.84483
Car -1 -1 0.00 1067 166 1187 205 -1 -1 -1 -1000 -1000 -1000 -10 0.0275803
Car -1 -1 0.00 476 167 499 184 -1 -1 -1 -1000 -1000 -1000 -10 -0.449702
Car -1 -1 0.00 955 84 986 108 -1 -1 -1 -1000 -1000 -1000 -10 -0.846364
Car -1 -1 0.00 738 173 782 200 -1 -1 -1 -1000 -1000 -1000 -10 -0.872264
Car -1 -1 0.00 1070 161 1217 207 -1 -1 -1 -1000 -1000 -1000 -10 -0.922967
Car -1 -1 0.00 910 119 956 157 -1 -1 -1 -1000 -1000 -1000 -10 -0.92329
Car -1 -1 0.00 160 28 184 48 -1 -1 -1 -1000 -1000 -1000 -10 -0.945
Car -1 -1 0.00 127 74 182 112 -1 -1 -1 -1000 -1000 -1000 -10 -0.966917
Car -1 -1 0.00 16 160 51 178 -1 -1 -1 -1000 -1000 -1000 -10 -1.01748
Car -1 -1 0.00 812 260 837 287 -1 -1 -1 -1000 -1000 -1000 -10 -1.01863
Car -1 -1 0.00 659 4 683 32 -1 -1 -1 -1000 -1000 -1000 -10 -1.02018
Car -1 -1 0.00 423 87 448 100 -1 -1 -1 -1000 -1000 -1000 -10 -1.02697
