Car -1 -1 0.00 989 153 1050 174 -1 -1 -1 -1000 -1000 -1000 -10 0.432587
Car -1 -1 0.00 1072 151 1122 173 -1 -1 -1 -1000 -1000 -1000 -10 -0.370473
Car -1 -1 0.00 1032 155 1082 175 -1 -1 -1 -1000 -1000 -1000 -10 -0.602279
Car -1 -1 0.00 802 324 862 374 -1 -1 -1 -1000 -1000 -1000 -10 -0.849528
Car -1 -1 0.00 335 245 363 272 -1 -1 -1 -1000 -1000 -1000 -10 -0.880543
Car -1 -1 0.00 989 156 1040 173 -1 -1 -1 -1000 -1000 -1000 -10 -0.889069
Car -1 -1 0.00 564 145 595 170 -1 -1 -1 -1000 -1000 -1000 -10 -0.920908
Car -1 -1 0.00 561 345 599 374 -1 -1 -1 -1000 -1000 -1000 -10 -0.938024
Car -1 -1 0.00 128 9 153 34 -1 -1 -1 -1000 -1000 -1000 -10 -0.950014
Car -1 -1 0.00 145 348 178 370 -1 -1 -1 -1000 -1000 -1000 -10 -0.981185
Car -1 -1 0.00 646 166 676 180 -1 -1 -1 -1000 -1000 -1000 -10 -0.985201
Car -1 -1 0.00 529 343 561 366 -1 -1 -1 -1000 -1000 -1000 -10 -0.989289
Car -1 -1 0.00 1213 137 1241 150 -1 -1 -1 -1000 -1000 -1000 -10 -1.00264
Car -1 -1 0.00 747 3 824 27 -1 -1 -1 -1000 -1000 -1000 -10 -1.02484
