Car -1 -1 0.00 472 172 508 197 -1 -1 -1 -1000 -1000 -1000 -10 0.0401585
Car -1 -1 0.00 327 182 369 202 -1 -1 -1 -1000 -1000 -1000 -10 -0.223883
Car -1 -1 0.00 389 179 425 195 -1 -1 -1 -1000 -1000 -1000 -10 -0.433344
Car -1 -1 0.00 354 180 398 197 -1 -1 -1 -1000 -1000 -1000 -10 -0.485065
Car -1 -1 0.00 191 183 224 213 -1 -1 -1 -1000 -1000 -1000 -10 -0.748023
Car -1 -1 0.00 427 179 454 192 -1 -1 -1 -1000 -1000 -1000 -10 -0.751952
Car -1 -1 0.00 340 183 382 198 -1 -1 -1 -1000 -1000 -1000 -10 -0.829504
Car -1 -1 0.00 169 199 212 212 -1 -1 -1 -1000 -1000 -1000 -10 -0.935332
Car -1 -1 0.00 759 195 816 236 -1 -1 -1 -1000 -1000 -1000 -10 -0.938357
Car -1 -1 0.00 566 59 592 81 -1 -1 -1 -1000 -1000 -1000 -10 -0.982506
