Car -1 -1 0.00 693 185 800 254 -1 -1 -1 -1000 -1000 -1000 -10 1.66164
Car -1 -1 0.00 233 184 301 218 -1 -1 -1 -1000 -1000 -1000 -10 1.57457
Car -1 -1 0.00 595 179 617 196 -1 -1 -1 -1000 -1000 -1000 -10 1.17311
Car -1 -1 0.00 339 183 383 205 -1 -1 -1 -1000 -1000 -1000 -10 0.668016
Car -1 -1 0.00 56 189 171 239 -1 -1 -1 -1000 -1000 -1000 -10 0.420058
Car -1 -1 0.00 752 184 990 333 -1 -1 -1 -1000 -1000 -1000 -10 0.266452
Car -1 -1 0.00 413 180 440 198 -1 -1 -1 -1000 -1000 -1000 -10 0.0270587
Car -1 -1 0.00 152 189 225 227 -1 -1 -1 -1000 -1000 -1000 -10 -0.00299936
Car -1 -1 0.00 394 180 423 200 -1 -1 -1 -1000 -1000 -1000 -10 -0.386356
Car -1 -1 0.00 532 172 560 189 -1 -1 -1 -1000 -1000 -1000 -10 -0.418338
Car -1 -1 0.00 662 183 711 225 -1 -1 -1 -1000 -1000 -1000 -10 -0.495989
Car -1 -1 0.00 705 187 821 261 -1 -1 -1 -1000 -1000 -1000 -10 -0.719158
Car -1 -1 0.00 410 181 440 197 -1 -1 -1 -1000 -1000 -1000 -10 -0.930142
Car -1 -1 0.00 244 118 276 146 -1 -1 -1 -1000 -1000 -1000 -10 -0.944425
Car -1 -1 0.00 629 185 657 214 -1 -1 -1 -1000 -1000 -1000 -10 -0.982501
Car -1 -1 0.00 115 106 138 118 -1 -1 -1 -1000 -1000 -1000 -10 -0.991072
Car -1 -1 0.00 368 -8 441 13 -1 -1 -1 -1000 -1000 -1000 -10 -0.993406
Car -1 -1 0.00 769 350 798 370 -1 -1 -1 -1000 -1000 -1000 -10 -0.998658
Car -1 -1 0.00 304 130 345 171 -1 -1 -1 -1000 -1000 -1000 -10 -1.00836
Car -1 -1 0.00 939 219 1112 298 -1 -1 -1 -1000 -1000 -1000 -10 -1.01246
Car -1 -1 0.00 701 339 763 374 -1 -1 -1 -1000 -1000 -1000 -10 -1.01843
Car -1 -1 0.00 345 134 377 169 -1 -1 -1 -1000 -1000 -1000 -10 -1.01967
