Car -1 -1 0.00 669 161 745 220 -1 -1 -1 -1000 -1000 -1000 -10 0.359326
Car -1 -1 0.00 338 165 531 246 -1 -1 -1 -1000 -1000 -1000 -10 0.0994618
Car -1 -1 0.00 425 157 530 240 -1 -1 -1 -1000 -1000 -1000 -10 -0.625035
Car -1 -1 0.00 586 154 612 175 -1 -1 -1 -1000 -1000 -1000 -10 -0.691921
Car -1 -1 0.00 590 172 624 208 -1 -1 -1 -1000 -1000 -1000 -10 -0.892651
Car -1 -1 0.00 425 127 453 154 -1 -1 -1 -1000 -1000 -1000 -10 -0.929454
Car -1 -1 0.00 1052 173 1093 213 -1 -1 -1 -1000 -1000 -1000 -10 -0.96505
Car -1 -1 0.00 14 115 40 142 -1 -1 -1 -1000 -1000 -1000 -10 -0.973674
Car -1 -1 0.00 156 224 366 314 -1 -1 -1 -1000 -1000 -1000 -10 -0.998557
Car -1 -1 0.00 889 258 926 270 -1 -1 -1 -1000 -1000 -1000 -10 -1.00398
Car -1 -1 0.00 889 266 926 278 -1 -1 -1 -1000 -1000 -1000 -10 -1.00426
Car -1 -1 0.00 932 262 970 274 -1 -1 -1 -1000 -1000 -1000 -10 -1.02351
Car -1 -1 0.00 119 225 144 247 -1 -1 -1 -1000 -1000 -1000 -10 -1.02602
Car -1 -1 0.00 939 247 963 275 -1 -1 -1 -1000 -1000 -1000 -10 -1.02672
