Car -1 -1 0.00 462 181 496 203 -1 -1 -1 -1000 -1000 -1000 -10 1.57812
Car -1 -1 0.00 286 185 386 240 -1 -1 -1 -1000 -1000 -1000 -10 0.814688
Car -1 -1 0.00 284 184 388 238 -1 -1 -1 -1000 -1000 -1000 -10 -0.704468
Car -1 -1 0.00 444 180 482 203 -1 -1 -1 -1000 -1000 -1000 -10 -0.84288
Car -1 -1 0.00 287 57 317 76 -1 -1 -1 -1000 -1000 -1000 -10 -0.866498
Car -1 -1 0.00 718 136 762 178 -1 -1 -1 -1000 -1000 -1000 -10 -0.902267
Car -1 -1 0.00 381 175 428 195 -1 -1 -1 -1000 -1000 -1000 -10 -0.92263
Car -1 -1 0.00 1148 158 1179 181 -1 -1 -1 -1000 -1000 -1000 -10 -0.92771
Car -1 -1 0.00 716 278 750 310 -1 -1 -1 -1000 -1000 -1000 -10 -0.975308
Car -1 -1 0.00 779 133 851 182 -1 -1 -1 -1000 -1000 -1000 -10 -0.998083
Car -1 -1 0.00 826 273 873 288 -1 -1 -1 -1000 -1000 -1000 -10 -0.99944
Car -1 -1 0.00 641 200 673 225 -1 -1 -1 -1000 -1000 -1000 -10 -1.00415
