Car -1 -1 0.00 424 177 461 198 -1 -1 -1 -1000 -1000 -1000 -10 1.38956
Car -1 -1 0.00 348 179 402 206 -1 -1 -1 -1000 -1000 -1000 -10 0.913454
Car -1 -1 0.00 633 177 695 230 -1 -1 -1 -1000 -1000 -1000 -10 0.868663
Car -1 -1 0.00 351 178 401 206 -1 -1 -1 -1000 -1000 -1000 -10 -0.0400714
Car -1 -1 0.00 688 176 757 201 -1 -1 -1 -1000 -1000 -1000 -10 -0.178074
Car -1 -1 0.00 890 182 951 213 -1 -1 -1 -1000 -1000 -1000 -10 -0.259482
Car -1 -1 0.00 558 175 587 193 -1 -1 -1 -1000 -1000 -1000 -10 -0.685139
Car -1 -1 0.00 92 159 254 207 -1 -1 -1 -1000 -1000 -1000 -10 -0.85659
Car -1 -1 0.00 58 146 85 165 -1 -1 -1 -1000 -1000 -1000 -10 -0.900598
Car -1 -1 0.00 12 145 39 165 -1 -1 -1 -1000 -1000 -1000 -10 -0.911358
Car -1 -1 0.00 1151 160 1178 176 -1 -1 -1 -1000 -1000 -1000 -10 -0.956216
Car -1 -1 0.00 921 117 977 154 -1 -1 -1 -1000 -1000 -1000 -10 -0.97365
Car -1 -1 0.00 31 101 72 127 -1 -1 -1 -1000 -1000 -1000 -10 -0.994609
Car -1 -1 0.00 241 97 319 164 -1 -1 -1 -1000 -1000 -1000 -10 -0.995763
Car -1 -1 0.00 647 365 701 380 -1 -1 -1 -1000 -1000 -1000 -10 -1.01852
Car -1 -1 0.00 671 180 763 203 -1 -1 -1 -1000 -1000 -1000 -10 -1.02206
Car -1 -1 0.00 102 362 135 374 -1 -1 -1 -1000 -1000 -1000 -10 -1.02639
