Car -1 -1 0.00 268 173 437 280 -1 -1 -1 -1000 -1000 -1000 -10 1.19305
Car -1 -1 0.00 519 174 547 192 -1 -1 -1 -1000 -1000 -1000 -10 1.06334
Car -1 -1 0.00 1037 140 1226 221 -1 -1 -1 -1000 -1000 -1000 -10 0.88271
Car -1 -1 0.00 192 187 278 221 -1 -1 -1 -1000 -1000 -1000 -10 0.0822352
Car -1 -1 0.00 929 172 1069 209 -1 -1 -1 -1000 -1000 -1000 -10 0.0190607
Car -1 -1 0.00 625 169 664 185 -1 -1 -1 -1000 -1000 -1000 -10 -0.143806
Car -1 -1 0.00 37 212 72 234 -1 -1 -1 -1000 -1000 -1000 -10 -0.415901
Car -1 -1 0.00 148 200 208 226 -1 -1 -1 -1000 -1000 -1000 -10 -0.578293
Car -1 -1 0.00 537 172 568 187 -1 -1 -1 -1000 -1000 -1000 -10 -0.64358
Car -1 -1 0.00 232 187 303 219 -1 -1 -1 -1000 -1000 -1000 -10 -0.715805
Car -1 -1 0.00 11 210 48 234 -1 -1 -1 -1000 -1000 -1000 -10 -0.730719
Car -1 -1 0.00 140 207 184 227 -1 -1 -1 -1000 -1000 -1000 -10 -0.731127
Car -1 -1 0.00 696 164 727 190 -1 -1 -1 -1000 -1000 -1000 -10 -0.738841
Car -1 -1 0.00 941 155 1112 217 -1 -1 -1 -1000 -1000 -1000 -10 -0.743666
Car -1 -1 0.00 53 199 133 232 -1 -1 -1 -1000 -1000 -1000 -10 -0.778964
Car -1 -1 0.00 164 194 274 221 -1 -1 -1 -1000 -1000 -1000 -10 -0.834324
Car -1 -1 0.00 609 353 724 385 -1 -1 -1 -1000 -1000 -1000 -10 -1.00367
Car -1 -1 0.00 49 216 90 233 -1 -1 -1 -1000 -1000 -1000 -10 -1.00733
Car -1 -1 0.00 862 261 934 282 -1 -1 -1 -1000 -1000 -1000 -10 -1.00976
Car -1 -1 0.00 850 253 882 274 -1 -1 -1 -1000 -1000 -1000 -10 -1.01713
