Car -1 -1 0.00 106 86 184 121 -1 -1 -1 -1000 -1000 -1000 -10 -0.761159
Car -1 -1 0.00 247 200 423 273 -1 -1 -1 -1000 -1000 -1000 -10 -0.889891
Car -1 -1 0.00 234 21 274 43 -1 -1 -1 -1000 -1000 -1000 -10 -0.944374
Car -1 -1 0.00 106 49 161 73 -1 -1 -1 -1000 -1000 -1000 -10 -0.949984
Car -1 -1 0.00 632 334 683 369 -1 -1 -1 -1000 -1000 -1000 -10 -0.991183
Car -1 -1 0.00 545 303 599 361 -1 -1 -1 -1000 -1000 -1000 -10 -0.993292
Car -1 -1 0.00 969 255 1001 279 -1 -1 -1 -1000 -1000 -1000 -10 -0.994495
Car -1 -1 0.00 89 99 146 129 -1 -1 -1 -1000 -1000 -1000 -10 -0.995122
Car -1 -1 0.00 960 -3 1060 29 -1 -1 -1 -1000 -1000 -1000 -10 -0.995568
Car -1 -1 0.00 1021 12 1092 35 -1 -1 -1 -1000 -1000 -1000 -10 -1.00234
Car -1 -1 0.00 610 346 641 372 -1 -1 -1 -1000 -1000 -1000 -10 -1.00462
Car -1 -1 0.00 878 161 907 186 -1 -1 -1 -1000 -1000 -1000 -10 -1.00612
Car -1 -1 0.00 1139 205 1183 246 -1 -1 -1 -1000 -1000 -1000 -10 -1.00895
Car -1 -1 0.00 553 278 588 314 -1 -1 -1 -1000 -1000 -1000 -10 -1.02712
Car -1 -1 0.00 717 48 749 69 -1 -1 -1 -1000 -1000 -1000 -10 -1.02879
