Car -1 -1 0.00 627 174 676 214 -1 -1 -1 -1000 -1000 -1000 -10 0.274956
Car -1 -1 0.00 159 232 233 280 -1 -1 -1 -1000 -1000 -1000 -10 -0.797531
Car -1 -1 0.00 178 163 251 226 -1 -1 -1 -1000 -1000 -1000 -10 -0.843007
Car -1 -1 0.00 60 185 106 217 -1 -1 -1 -1000 -1000 -1000 -10 -0.874006
Car -1 -1 0.00 310 265 338 289 -1 -1 -1 -1000 -1000 -1000 -10 -0.883378
Car -1 -1 0.00 408 177 440 202 -1 -1 -1 -1000 -1000 -1000 -10 -0.898193
Car -1 -1 0.00 671 351 711 379 -1 -1 -1 -1000 -1000 -1000 -10 -0.950627
Car -1 -1 0.00 1099 38 1125 60 -1 -1 -1 -1000 -1000 -1000 -10 -0.964053
Car -1 -1 0.00 320 204 346 228 -1 -1 -1 -1000 -1000 -1000 -10 -0.970178
Car -1 -1 0.00 1133 215 1158 232 -1 -1 -1 -1000 -1000 -1000 -10 -1.00111
Car -1 -1 0.00 988 26 1020 51 -1 -1 -1 -1000 -1000 -1000 -10 -1.01859
Car -1 -1 0.00 901 144 954 168 -1 -1 -1 -1000 -1000 -1000 -10 -1.02448
Car -1 -1 0.00 1073 160 1106 172 -1 -1 -1 -1000 -1000 -1000 -10 -1.02954
