Car -1 -1 0.00 601 171 628 197 -1 -1 -1 -1000 -1000 -1000 -10 1.7804
Car -1 -1 0.00 687 182 754 232 -1 -1 -1 -1000 -1000 -1000 -10 1.53564
Car -1 -1 0.00 645 174 676 196 -1 -1 -1 -1000 -1000 -1000 -10 1.37246
Car -1 -1 0.00 754 169 924 284 -1 -1 -1 -1000 -1000 -1000 -10 1.34127
Car -1 -1 0.00 809 190 1133 363 -1 -1 -1 -1000 -1000 -1000 -10 0.898023
Car -1 -1 0.00 717 174 817 244 -1 -1 -1 -1000 -1000 -1000 -10 0.764288
Car -1 -1 0.00 448 181 474 197 -1 -1 -1 -1000 -1000 -1000 -10 0.592577
Car -1 -1 0.00 671 175 724 220 -1 -1 -1 -1000 -1000 -1000 -10 0.307971
Car -1 -1 0.00 665 176 707 214 -1 -1 -1 -1000 -1000 -1000 -10 -0.726045
Car -1 -1 0.00 712 196 1228 370 -1 -1 -1 -1000 -1000 -1000 -10 -0.872843
Car -1 -1 0.00 703 178 760 235 -1 -1 -1 -1000 -1000 -1000 -10 -0.873099
Car -1 -1 0.00 1088 181 1114 202 -1 -1 -1 -1000 -1000 -1000 -10 -0.954645
Car -1 -1 0.00 194 59 219 85 -1 -1 -1 -1000 -1000 -1000 -10 -0.958202
Car -1 -1 0.00 1161 219 1194 242 -1 -1 -1 -1000 -1000 -1000 -10 -0.970833
