Car -1 -1 0.00 681 179 752 229 -1 -1 -1 -1000 -1000 -1000 -10 1.81934
Car -1 -1 0.00 719 181 813 252 -1 -1 -1 -1000 -1000 -1000 -10 1.67659
Car -1 -1 0.00 749 184 926 294 -1 -1 -1 -1000 -1000 -1000 -10 1.66862
Car -1 -1 0.00 411 172 557 227 -1 -1 -1 -1000 -1000 -1000 -10 0.877624
Car -1 -1 0.00 187 184 477 297 -1 -1 -1 -1000 -1000 -1000 -10 -0.63718
Car -1 -1 0.00 847 207 1250 374 -1 -1 -1 -1000 -1000 -1000 -10 -0.660364
Car -1 -1 0.00 664 178 711 210 -1 -1 -1 -1000 -1000 -1000 -10 -0.773507
Car -1 -1 0.00 269 28 324 73 -1 -1 -1 -1000 -1000 -1000 -10 -0.921495
Car -1 -1 0.00 526 176 576 203 -1 -1 -1 -1000 -1000 -1000 -10 -0.940128
Car -1 -1 0.00 859 37 900 68 -1 -1 -1 -1000 -1000 -1000 -10 -0.963454
Car -1 -1 0.00 482 171 583 212 -1 -1 -1 -1000 -1000 -1000 -10 -0.980556
Car -1 -1 0.00 74 202 153 228 -1 -1 -1 -1000 -1000 -1000 -10 -1.02755
