Car -1 -1 0.00 689 166 1034 280 -1 -1 -1 -1000 -1000 -1000 -10 2.05041
Car -1 -1 0.00 591 168 678 213 -1 -1 -1 -1000 -1000 -1000 -10 0.301122
Car -1 -1 0.00 -58 186 411 382 -1 -1 -1 -1000 -1000 -1000 -10 -0.172293
Car -1 -1 0.00 986 169 1151 238 -1 -1 -1 -1000 -1000 -1000 -10 -0.250892
Car -1 -1 0.00 664 168 721 211 -1 -1 -1 -1000 -1000 -1000 -10 -0.792425
Car -1 -1 0.00 689 169 1042 282 -1 -1 -1 -1000 -1000 -1000 -10 -0.92001
Car -1 -1 0.00 479 43 506 76 -1 -1 -1 -1000 -1000 -1000 -10 -0.974067
Car -1 -1 0.00 388 150 443 168 -1 -1 -1 -1000 -1000 -1000 -10 -0.996568
Car -1 -1 0.00 1063 30 1086 62 -1 -1 -1 -1000 -1000 -1000 -10 -1.00796
Car -1 -1 0.00 643 48 670 75 -1 -1 -1 -1000 -1000 -1000 -10 -1.0185
