Car -1 -1 0.00 572 161 603 184 -1 -1 -1 -1000 -1000 -1000 -10 0.736678
Car -1 -1 0.00 141 178 471 373 -1 -1 -1 -1000 -1000 -1000 -10 0.343793
Car -1 -1 0.00 690 129 754 158 -1 -1 -1 -1000 -1000 -1000 -10 -0.907853
Car -1 -1 0.00 668 306 701 346 -1 -1 -1 -1000 -1000 -1000 -10 -0.921728
Car -1 -1 0.00 677 322 702 346 -1 -1 -1 -1000 -1000 -1000 -10 -0.956489
Car -1 -1 0.00 299 116 324 129 -1 -1 -1 -1000 -1000 -1000 -10 -0.968171
Car -1 -1 0.00 736 320 797 362 -1 -1 -1 -1000 -1000 -1000 -10 -0.992496
Car -1 -1 0.00 776 151 803 181 -1 -1 -1 -1000 -1000 -1000 -10 -0.993378
Car -1 -1 0.00 865 330 895 364 -1 -1 -1 -1000 -1000 -1000 -10 -1.003
Car -1 -1 0.00 1025 159 1049 172 -1 -1 -1 -1000 -1000 -1000 -10 -1.00501
Car -1 -1 0.00 532 156 563 184 -1 -1 -1 -1000 -1000 -1000 -10 -1.00949
Car -1 -1 0.00 976 9 1005 42 -1 -1 -1 -1000 -1000 -1000 -10 -1.01273
Car -1 -1 0.00 465 360 504 372 -1 -1 -1 -1000 -1000 -1000 -10 -1.01339
Car -1 -1 0.00 305 139 343 154 -1 -1 -1 -1000 -1000 -1000 -10 -1.02393
