Car -1 -1 0.00 430 191 512 249 -1 -1 -1 -1000 -1000 -1000 -10 1.69824
Car -1 -1 0.00 547 184 578 214 -1 -1 -1 -1000 -1000 -1000 -10 1.00819
Car -1 -1 0.00 159 186 224 215 -1 -1 -1 -1000 -1000 -1000 -10 0.639341
Car -1 -1 0.00 160 187 196 214 -1 -1 -1 -1000 -1000 -1000 -10 0.337852
Car -1 -1 0.00 227 185 266 207 -1 -1 -1 -1000 -1000 -1000 -10 0.241814
Car -1 -1 0.00 478 188 515 213 -1 -1 -1 -1000 -1000 -1000 -10 -0.728596
Car -1 -1 0.00 652 156 676 177 -1 -1 -1 -1000 -1000 -1000 -10 -0.888114
Car -1 -1 0.00 417 191 510 252 -1 -1 -1 -1000 -1000 -1000 -10 -0.917303
Car -1 -1 0.00 336 190 360 201 -1 -1 -1 -1000 -1000 -1000 -10 -0.952324
Car -1 -1 0.00 1051 346 1077 366 -1 -1 -1 -1000 -1000 -1000 -10 -0.955373
Car -1 -1 0.00 840 0 869 17 -1 -1 -1 -1000 -1000 -1000 -10 -1.00239
Car -1 -1 0.00 172 104 215 150 -1 -1 -1 -1000 -1000 -1000 -10 -1.00373
