Car -1 -1 0.00 466 166 498 189 -1 -1 -1 -1000 -1000 -1000 -10 1.38797
Car -1 -1 0.00 209 164 478 335 -1 -1 -1 -1000 -1000 -1000 -10 0.702801
Car -1 -1 0.00 1163 236 1203 262 -1 -1 -1 -1000 -1000 -1000 -10 -0.384085
Car -1 -1 0.00 513 167 541 184 -1 -1 -1 -1000 -1000 -1000 -10 -0.578954
Car -1 -1 0.00 350 86 375 112 -1 -1 -1 -1000 -1000 -1000 -10 -0.925153
Car -1 -1 0.00 473 336 514 369 -1 -1 -1 -1000 -1000 -1000 -10 -0.970629
Car -1 -1 0.00 1123 -33 1246 95 -1 -1 -1 -1000 -1000 -1000 -10 -0.974185
Car -1 -1 0.00 955 83 987 108 -1 -1 -1 -1000 -1000 -1000 -10 -1.02066
Car -1 -1 0.00 824 65 861 101 -1 -1 -1 -1000 -1000 -1000 -10 -1.02312
Car -1 -1 0.00 812 261 837 287 -1 -1 -1 -1000 -1000 -1000 -10 -1.02565
Car -1 -1 0.00 494 300 527 322 -1 -1 -1 -1000 -1000 -1000 -10 -1.02699
Car -1 -1 0.00 493 332 532 343 -1 -1 -1 -1000 -1000 -1000 -10 -1.02985
