Car -1 -1 0.00 208 185 396 279 -1 -1 -1 -1000 -1000 -1000 -10 2.09961
Car -1 -1 0.00 589 176 656 240 -1 -1 -1 -1000 -1000 -1000 -10 1.46228
Car -1 -1 0.00 520 180 570 212 -1 -1 -1 -1000 -1000 -1000 -10 0.505367
Car -1 -1 0.00 564 181 596 205 -1 -1 -1 -1000 -1000 -1000 -10 0.167314
Car -1 -1 0.00 464 158 557 223 -1 -1 -1 -1000 -1000 -1000 -10 -0.52427
Car -1 -1 0.00 977 210 1003 228 -1 -1 -1 -1000 -1000 -1000 -10 -0.745453
Car -1 -1 0.00 677 174 710 200 -1 -1 -1 -1000 -1000 -1000 -10 -0.819334
Car -1 -1 0.00 370 116 403 128 -1 -1 -1 -1000 -1000 -1000 -10 -0.889834
Car -1 -1 0.00 1085 345 1131 374 -1 -1 -1 -1000 -1000 -1000 -10 -0.900592
Car -1 -1 0.00 282 242 332 278 -1 -1 -1 -1000 -1000 -1000 -10 -0.909137
Car -1 -1 0.00 635 157 667 179 -1 -1 -1 -1000 -1000 -1000 -10 -1.02036
Car -1 -1 0.00 177 9 262 38 -1 -1 -1 -1000 -1000 -1000 -10 -1.02135
