Car -1 -1 0.00 339 179 417 211 -1 -1 -1 -1000 -1000 -1000 -10 2.01037
Car -1 -1 0.00 205 177 282 203 -1 -1 -1 -1000 -1000 -1000 -10 -0.267357
Car -1 -1 0.00 284 129 351 159 -1 -1 -1 -1000 -1000 -1000 -10 -0.865578
Car -1 -1 0.00 817 223 842 239 -1 -1 -1 -1000 -1000 -1000 -10 -0.936978
Car -1 -1 0.00 709 136 793 184 -1 -1 -1 -1000 -1000 -1000 -10 -0.966742
Car -1 -1 0.00 846 189 991 238 -1 -1 -1 -1000 -1000 -1000 -10 -0.985083
Car -1 -1 0.00 982 171 1228 300 -1 -1 -1 -1000 -1000 -1000 -10 -1.01047
Car -1 -1 0.00 541 108 592 120 -1 -1 -1 -1000 -1000 -1000 -10 -1.0124
Car -1 -1 0.00 797 42 871 67 -1 -1 -1 -1000 -1000 -1000 -10 -1.0252
Car -1 -1 0.00 790 194 835 226 -1 -1 -1 -1000 -1000 -1000 -10 -1.0259
Car -1 -1 0.00 182 91 208 120 -1 -1 -1 -1000 -1000 -1000 -10 -1.02839
