Car -1 -1 0.00 834 179 941 222 -1 -1 -1 -1000 -1000 -1000 -10 1.88574
Car -1 -1 0.00 685 167 785 252 -1 -1 -1 -1000 -1000 -1000 -10 0.694864
Car -1 -1 0.00 530 170 561 192 -1 -1 -1 -1000 -1000 -1000 -10 -0.0430278
Car -1 -1 0.00 335 171 381 193 -1 -1 -1 -1000 -1000 -1000 -10 -0.0808212
Car -1 -1 0.00 633 173 656 191 -1 -1 -1 -1000 -1000 -1000 -10 -0.361376
Car -1 -1 0.00 366 170 420 191 -1 -1 -1 -1000 -1000 -1000 -10 -0.52033
Car -1 -1 0.00 991 162 1130 215 -1 -1 -1 -1000 -1000 -1000 -10 -0.559147
Car -1 -1 0.00 441 97 471 110 -1 -1 -1 -1000 -1000 -1000 -10 -0.862452
Car -1 -1 0.00 420 171 460 187 -1 -1 -1 -1000 -1000 -1000 -10 -0.882165
Car -1 -1 0.00 1181 236 1208 258 -1 -1 -1 -1000 -1000 -1000 -10 -0.992612
Car -1 -1 0.00 25 294 49 316 -1 -1 -1 -1000 -1000 -1000 -10 -0.995419
Car -1 -1 0.00 1074 315 1100 340 -1 -1 -1 -1000 -1000 -1000 -10 -1.00627
Car -1 -1 0.00 642 343 789 375 -1 -1 -1 -1000 -1000 -1000 -10 -1.00797
Car -1 -1 0.00 882 116 905 134 -1 -1 -1 -1000 -1000 -1000 -10 -1.01793
Car -1 -1 0.00 344 172 379 194 -1 -1 -1 -1000 -1000 -1000 -10 -1.02023
Car -1 -1 0.00 673 155 736 182 -1 -1 -1 -1000 -1000 -1000 -10 -1.02149
