Car -1 -1 0.00 905 218 942 238 -1 -1 -1 -1000 -1000 -1000 -10 -0.759477
Car -1 -1 0.00 603 344 638 380 -1 -1 -1 -1000 -1000 -1000 -10 -0.915037
Car -1 -1 0.00 551 277 589 315 -1 -1 -1 -1000 -1000 -1000 -10 -0.966067
Car -1 -1 0.00 442 169 470 183 -1 -1 -1 -1000 -1000 -1000 -10 -0.979182
Car -1 -1 0.00 632 331 680 369 -1 -1 -1 -1000 -1000 -1000 -10 -0.98428
Car -1 -1 0.00 431 265 484 288 -1 -1 -1 -1000 -1000 -1000 -10 -0.998112
Car -1 -1 0.00 1139 205 1183 246 -1 -1 -1 -1000 -1000 -1000 -10 -1.0112
Car -1 -1 0.00 809 -6 868 50 -1 -1 -1 -1000 -1000 -1000 -10 -1.01199
Car -1 -1 0.00 654 177 679 199 -1 -1 -1 -1000 -1000 -1000 -10 -1.01364
Car -1 -1 0.00 975 226 1020 258 -1 -1 -1 -1000 -1000 -1000 -10 -1.02141
