Car -1 -1 0.00 613 177 655 199 -1 -1 -1 -1000 -1000 -1000 -10 1.69647
Car -1 -1 0.00 246 178 353 217 -1 -1 -1 -1000 -1000 -1000 -10 0.730542
Car -1 -1 0.00 465 176 558 204 -1 -1 -1 -1000 -1000 -1000 -10 0.460829
Car -1 -1 0.00 425 175 458 198 -1 -1 -1 -1000 -1000 -1000 -10 0.385322
Car -1 -1 0.00 698 175 761 200 -1 -1 -1 -1000 -1000 -1000 -10 -0.239515
Car -1 -1 0.00 345 177 395 201 -1 -1 -1 -1000 -1000 -1000 -10 -0.513515
Car -1 -1 0.00 546 163 588 182 -1 -1 -1 -1000 -1000 -1000 -10 -0.854195
Car -1 -1 0.00 1014 244 1042 268 -1 -1 -1 -1000 -1000 -1000 -10 -1.00067
Car -1 -1 0.00 327 71 356 100 -1 -1 -1 -1000 -1000 -1000 -10 -1.00363
Car -1 -1 0.00 246 182 355 217 -1 -1 -1 -1000 -1000 -1000 -10 -1.01343
Car -1 -1 0.00 992 297 1017 319 -1 -1 -1 -1000 -1000 -1000 -10 -1.01611
Car -1 -1 0.00 628 177 653 197 -1 -1 -1 -1000 -1000 -1000 -10 -1.01706
Car -1 -1 0.00 1119 -3 1152 22 -1 -1 -1 -1000 -1000 -1000 -10 -1.0178
