Car -1 -1 0.00 599 171 626 197 -1 -1 -1 -1000 -1000 -1000 -10 1.69919
Car -1 -1 0.00 737 180 907 287 -1 -1 -1 -1000 -1000 -1000 -10 1.31238
Car -1 -1 0.00 674 175 731 220 -1 -1 -1 -1000 -1000 -1000 -10 1.1123
Car -1 -1 0.00 640 174 665 193 -1 -1 -1 -1000 -1000 -1000 -10 0.00348232
Car -1 -1 0.00 694 173 768 237 -1 -1 -1 -1000 -1000 -1000 -10 -0.141061
Car -1 -1 0.00 714 173 823 253 -1 -1 -1 -1000 -1000 -1000 -10 -0.376581
Car -1 -1 0.00 661 173 708 212 -1 -1 -1 -1000 -1000 -1000 -10 -0.400968
Car -1 -1 0.00 857 173 1246 397 -1 -1 -1 -1000 -1000 -1000 -10 -0.562267
Car -1 -1 0.00 467 181 490 195 -1 -1 -1 -1000 -1000 -1000 -10 -0.806896
Car -1 -1 0.00 1116 66 1165 91 -1 -1 -1 -1000 -1000 -1000 -10 -0.867096
Car -1 -1 0.00 912 24 942 45 -1 -1 -1 -1000 -1000 -1000 -10 -0.937631
Car -1 -1 0.00 863 294 916 335 -1 -1 -1 -1000 -1000 -1000 -10 -0.980304
Car -1 -1 0.00 891 53 918 78 -1 -1 -1 -1000 -1000 -1000 -10 -0.980812
Car -1 -1 0.00 576 361 602 387 -1 -1 -1 -1000 -1000 -1000 -10 -1.02168
Car -1 -1 0.00 656 174 692 206 -1 -1 -1 -1000 -1000 -1000 -10 -1.02364
Car -1 -1 0.00 45 76 70 96 -1 -1 -1 -1000 -1000 -1000 -10 -1.02995
