Car -1 -1 0.00 772 164 858 218 -1 -1 -1 -1000 -1000 -1000 -10 1.26952
Car -1 -1 0.00 551 185 614 234 -1 -1 -1 -1000 -1000 -1000 -10 1.13175
Car -1 -1 0.00 -8 213 153 288 -1 -1 -1 -1000 -1000 -1000 -10 0.31754
Car -1 -1 0.00 743 170 801 210 -1 -1 -1 -1000 -1000 -1000 -10 -0.0269086
Car -1 -1 0.00 578 177 613 204 -1 -1 -1 -1000 -1000 -1000 -10 -0.520842
Car -1 -1 0.00 710 171 750 201 -1 -1 -1 -1000 -1000 -1000 -10 -0.55259
Car -1 -1 0.00 811 165 893 203 -1 -1 -1 -1000 -1000 -1000 -10 -0.567595
Car -1 -1 0.00 854 160 928 204 -1 -1 -1 -1000 -1000 -1000 -10 -0.622619
Car -1 -1 0.00 854 164 942 203 -1 -1 -1 -1000 -1000 -1000 -10 -0.93985
Car -1 -1 0.00 927 104 957 133 -1 -1 -1 -1000 -1000 -1000 -10 -0.987318
Car -1 -1 0.00 23 366 52 376 -1 -1 -1 -1000 -1000 -1000 -10 -1.00517
