Car -1 -1 0.00 386 172 536 237 -1 -1 -1 -1000 -1000 -1000 -10 1.09361
Car -1 -1 0.00 245 171 307 215 -1 -1 -1 -1000 -1000 -1000 -10 0.109189
Car -1 -1 0.00 578 168 614 191 -1 -1 -1 -1000 -1000 -1000 -10 -0.136048
Car -1 -1 0.00 390 170 524 229 -1 -1 -1 -1000 -1000 -1000 -10 -0.556245
Car -1 -1 0.00 705 161 768 187 -1 -1 -1 -1000 -1000 -1000 -10 -0.572381
Car -1 -1 0.00 713 164 771 183 -1 -1 -1 -1000 -1000 -1000 -10 -0.626637
Car -1 -1 0.00 607 166 633 187 -1 -1 -1 -1000 -1000 -1000 -10 -0.689349
Car -1 -1 0.00 204 169 306 214 -1 -1 -1 -1000 -1000 -1000 -10 -0.812744
Car -1 -1 0.00 167 176 242 217 -1 -1 -1 -1000 -1000 -1000 -10 -0.864025
Car -1 -1 0.00 1090 83 1118 102 -1 -1 -1 -1000 -1000 -1000 -10 -0.88691
Car -1 -1 0.00 1125 254 1152 274 -1 -1 -1 -1000 -1000 -1000 -10 -0.9265
Car -1 -1 0.00 12 -2 55 12 -1 -1 -1 -1000 -1000 -1000 -10 -0.961617
Car -1 -1 0.00 200 235 228 256 -1 -1 -1 -1000 -1000 -1000 -10 -0.974259
Car -1 -1 0.00 655 44 762 118 -1 -1 -1 -1000 -1000 -1000 -10 -0.981003
Car -1 -1 0.00 24 25 87 74 -1 -1 -1 -1000 -1000 -1000 -10 -0.993569
Car -1 -1 0.00 177 56 206 80 -1 -1 -1 -1000 -1000 -1000 -10 -0.99413
Car -1 -1 0.00 810 125 841 161 -1 -1 -1 -1000 -1000 -1000 -10 -1.01122
