Car -1 -1 0.00 423 175 479 208 -1 -1 -1 -1000 -1000 -1000 -10 1.53861
Car -1 -1 0.00 484 172 514 193 -1 -1 -1 -1000 -1000 -1000 -10 0.666853
Car -1 -1 0.00 1044 162 1164 214 -1 -1 -1 -1000 -1000 -1000 -10 0.489117
Car -1 -1 0.00 344 171 425 218 -1 -1 -1 -1000 -1000 -1000 -10 -0.626878
Car -1 -1 0.00 252 162 433 311 -1 -1 -1 -1000 -1000 -1000 -10 -0.641556
Car -1 -1 0.00 31 144 76 166 -1 -1 -1 -1000 -1000 -1000 -10 -0.837856
Car -1 -1 0.00 634 214 694 259 -1 -1 -1 -1000 -1000 -1000 -10 -0.897978
Car -1 -1 0.00 1027 115 1154 212 -1 -1 -1 -1000 -1000 -1000 -10 -0.940924
Car -1 -1 0.00 1161 157 1238 209 -1 -1 -1 -1000 -1000 -1000 -10 -0.965523
Car -1 -1 0.00 485 47 524 76 -1 -1 -1 -1000 -1000 -1000 -10 -0.993774
