Car -1 -1 0.00 235 163 470 329 -1 -1 -1 -1000 -1000 -1000 -10 1.94405
Car -1 -1 0.00 708 187 800 244 -1 -1 -1 -1000 -1000 -1000 -10 1.41642
Car -1 -1 0.00 389 178 511 257 -1 -1 -1 -1000 -1000 -1000 -10 1.1309
Car -1 -1 0.00 177 174 268 215 -1 -1 -1 -1000 -1000 -1000 -10 0.927481
Car -1 -1 0.00 22 174 164 226 -1 -1 -1 -1000 -1000 -1000 -10 0.522826
Car -1 -1 0.00 524 178 558 205 -1 -1 -1 -1000 -1000 -1000 -10 0.414974
Car -1 -1 0.00 649 181 679 205 -1 -1 -1 -1000 -1000 -1000 -10 -0.507008
Car -1 -1 0.00 853 174 1073 250 -1 -1 -1 -1000 -1000 -1000 -10 -0.943056
Car -1 -1 0.00 678 181 735 224 -1 -1 -1 -1000 -1000 -1000 -10 -0.947255
Car -1 -1 0.00 542 174 569 197 -1 -1 -1 -1000 -1000 -1000 -10 -0.957799
Car -1 -1 0.00 1050 173 1108 216 -1 -1 -1 -1000 -1000 -1000 -10 -0.95989
