Car -1 -1 0.00 72 181 147 209 -1 -1 -1 -1000 -1000 -1000 -10 0.149607
Car -1 -1 0.00 332 183 413 213 -1 -1 -1 -1000 -1000 -1000 -10 -0.0177438
Car -1 -1 0.00 370 196 405 212 -1 -1 -1 -1000 -1000 -1000 -10 -0.629161
Car -1 -1 0.00 50 178 84 199 -1 -1 -1 -1000 -1000 -1000 -10 -0.892658
Car -1 -1 0.00 333 183 372 215 -1 -1 -1 -1000 -1000 -1000 -10 -0.905382
Car -1 -1 0.00 218 203 245 224 -1 -1 -1 -1000 -1000 -1000 -10 -0.985951
Car -1 -1 0.00 222 96 276 113 -1 -1 -1 -1000 -1000 -1000 -10 -0.986405
Car -1 -1 0.00 76 168 137 210 -1 -1 -1 -1000 -1000 -1000 -10 -0.988114
Car -1 -1 0.00 694 92 733 122 -1 -1 -1 -1000 -1000 -1000 -10 -0.995507
Car -1 -1 0.00 272 330 367 380 -1 -1 -1 -1000 -1000 -1000 -10 -0.999226
Car -1 -1 0.00 1096 108 1145 124 -1 -1 -1 -1000 -1000 -1000 -10 -1.01404
Car -1 -1 0.00 314 182 380 214 -1 -1 -1 -1000 -1000 -1000 -10 -1.02573
