Car -1 -1 0.00 88 164 291 259 -1 -1 -1 -1000 -1000 -1000 -10 1.91755
Car -1 -1 0.00 412 161 474 200 -1 -1 -1 -1000 -1000 -1000 -10 1.54488
Car -1 -1 0.00 546 160 576 178 -1 -1 -1 -1000 -1000 -1000 -10 1.09329
Car -1 -1 0.00 291 157 392 208 -1 -1 -1 -1000 -1000 -1000 -10 0.258117
Car -1 -1 0.00 564 160 592 175 -1 -1 -1 -1000 -1000 -1000 -10 -0.405285
Car -1 -1 0.00 291 153 378 205 -1 -1 -1 -1000 -1000 -1000 -10 -0.545745
Car -1 -1 0.00 514 161 546 182 -1 -1 -1 -1000 -1000 -1000 -10 -0.683362
Car -1 -1 0.00 402 174 424 192 -1 -1 -1 -1000 -1000 -1000 -10 -0.7778
Car -1 -1 0.00 990 28 1037 47 -1 -1 -1 -1000 -1000 -1000 -10 -0.956255
Car -1 -1 0.00 1151 9 1179 28 -1 -1 -1 -1000 -1000 -1000 -10 -0.959587
Car -1 -1 0.00 899 84 946 122 -1 -1 -1 -1000 -1000 -1000 -10 -0.997536
Car -1 -1 0.00 882 85 919 113 -1 -1 -1 -1000 -1000 -1000 -10 -1.01824
