Car -1 -1 0.00 401 192 586 265 -1 -1 -1 -1000 -1000 -1000 -10 0.658599
Car -1 -1 0.00 924 197 980 222 -1 -1 -1 -1000 -1000 -1000 -10 0.533828
Car -1 -1 0.00 714 197 811 239 -1 -1 -1 -1000 -1000 -1000 -10 0.371662
Car -1 -1 0.00 969 191 1021 219 -1 -1 -1 -1000 -1000 -1000 -10 -0.199325
Car -1 -1 0.00 992 192 1049 218 -1 -1 -1 -1000 -1000 -1000 -10 -0.257365
Car -1 -1 0.00 19 270 63 304 -1 -1 -1 -1000 -1000 -1000 -10 -0.701221
Car -1 -1 0.00 802 200 836 226 -1 -1 -1 -1000 -1000 -1000 -10 -0.889858
Car -1 -1 0.00 588 342 635 376 -1 -1 -1 -1000 -1000 -1000 -10 -0.908717
Car -1 -1 0.00 101 53 136 84 -1 -1 -1 -1000 -1000 -1000 -10 -0.936635
Car -1 -1 0.00 702 -3 734 25 -1 -1 -1 -1000 -1000 -1000 -10 -0.978293
Car -1 -1 0.00 287 131 317 169 -1 -1 -1 -1000 -1000 -1000 -10 -0.999592
Car -1 -1 0.00 117 130 150 169 -1 -1 -1 -1000 -1000 -1000 -10 -1.02156
