Car -1 -1 0.00 558 177 610 209 -1 -1 -1 -1000 -1000 -1000 -10 1.86947
Car -1 -1 0.00 660 169 697 200 -1 -1 -1 -1000 -1000 -1000 -10 0.152553
Car -1 -1 0.00 846 213 876 226 -1 -1 -1 -1000 -1000 -1000 -10 -0.862133
Car -1 -1 0.00 1057 361 1082 375 -1 -1 -1 -1000 -1000 -1000 -10 -0.912784
Car -1 -1 0.00 9 121 71 139 -1 -1 -1 -1000 -1000 -1000 -10 -0.987213
Car -1 -1 0.00 684 96 740 123 -1 -1 -1 -1000 -1000 -1000 -10 -1.00232
Car -1 -1 0.00 261 24 296 35 -1 -1 -1 -1000 -1000 -1000 -10 -1.01148
Car -1 -1 0.00 33 282 58 293 -1 -1 -1 -1000 -1000 -1000 -10 -1.0172
Car -1 -1 0.00 153 253 177 279 -1 -1 -1 -1000 -1000 -1000 -10 -1.0248
Car -1 -1 0.00 1008 163 1050 176 -1 -1 -1 -1000 -1000 -1000 -10 -1.02632
Car -1 -1 0.00 286 20 311 40 -1 -1 -1 -1000 -1000 -1000 -10 -1.02759
Car -1 -1 0.00 1142 124 1179 141 -1 -1 -1 -1000 -1000 -1000 -10 -1.0297
