Car -1 -1 0.00 161 169 376 296 -1 -1 -1 -1000 -1000 -1000 -10 1.04662
Car -1 -1 0.00 352 181 450 253 -1 -1 -1 -1000 -1000 -1000 -10 0.720911
Car -1 -1 0.00 1027 102 1064 132 -1 -1 -1 -1000 -1000 -1000 -10 -0.803763
Car -1 -1 0.00 341 155 386 202 -1 -1 -1 -1000 -1000 -1000 -10 -0.848939
Car -1 -1 0.00 223 163 258 177 -1 -1 -1 -1000 -1000 -1000 -10 -0.9027
Car -1 -1 0.00 439 24 507 55 -1 -1 -1 -1000 -1000 -1000 -10 -0.914512
Car -1 -1 0.00 755 303 793 321 -1 -1 -1 -1000 -1000 -1000 -10 -0.951005
Car -1 -1 0.00 925 236 953 260 -1 -1 -1 -1000 -1000 -1000 -10 -0.953648
Car -1 -1 0.00 684 335 722 347 -1 -1 -1 -1000 -1000 -1000 -10 -0.969582
Car -1 -1 0.00 201 172 372 292 -1 -1 -1 -1000 -1000 -1000 -10 -0.981153
Car -1 -1 0.00 1018 93 1047 118 -1 -1 -1 -1000 -1000 -1000 -10 -0.982862
Car -1 -1 0.00 708 243 768 262 -1 -1 -1 -1000 -1000 -1000 -10 -0.988893
Car -1 -1 0.00 1069 288 1197 348 -1 -1 -1 -1000 -1000 -1000 -10 -0.996681
Car -1 -1 0.00 279 149 311 176 -1 -1 -1 -1000 -1000 -1000 -10 -0.998843
Car -1 -1 0.00 1089 29 1175 91 -1 -1 -1 -1000 -1000 -1000 -10 -1.00159
Car -1 -1 0.00 675 340 853 380 -1 -1 -1 -1000 -1000 -1000 -10 -1.0158
Car -1 -1 0.00 270 348 303 359 -1 -1 -1 -1000 -1000 -1000 -10 -1.02982
