Car -1 -1 0.00 1023 91 1133 123 -1 -1 -1 -1000 -1000 -1000 -10 -0.738944
Car -1 -1 0.00 951 333 1048 369 -1 -1 -1 -1000 -1000 -1000 -10 -0.755061
Car -1 -1 0.00 793 290 820 302 -1 -1 -1 -1000 -1000 -1000 -10 -0.846073
Car -1 -1 0.00 123 82 155 97 -1 -1 -1 -1000 -1000 -1000 -10 -0.883476
Car -1 -1 0.00 120 90 184 121 -1 -1 -1 -1000 -1000 -1000 -10 -0.899855
Car -1 -1 0.00 440 63 473 78 -1 -1 -1 -1000 -1000 -1000 -10 -0.953551
Car -1 -1 0.00 870 92 910 108 -1 -1 -1 -1000 -1000 -1000 -10 -0.970285
Car -1 -1 0.00 444 272 484 311 -1 -1 -1 -1000 -1000 -1000 -10 -0.986541
Car -1 -1 0.00 544 302 599 361 -1 -1 -1 -1000 -1000 -1000 -10 -1.02579
Car -1 -1 0.00 487 13 544 53 -1 -1 -1 -1000 -1000 -1000 -10 -1.02743
Car -1 -1 0.00 552 278 588 314 -1 -1 -1 -1000 -1000 -1000 -10 -1.02895
