Car -1 -1 0.00 369 183 466 246 -1 -1 -1 -1000 -1000 -1000 -10 1.57965
Car -1 -1 0.00 229 187 382 280 -1 -1 -1 -1000 -1000 -1000 -10 1.49492
Car -1 -1 0.00 9 196 310 359 -1 -1 -1 -1000 -1000 -1000 -10 0.279127
Car -1 -1 0.00 540 167 570 194 -1 -1 -1 -1000 -1000 -1000 -10 0.209453
Car -1 -1 0.00 325 179 486 246 -1 -1 -1 -1000 -1000 -1000 -10 -0.376346
Car -1 -1 0.00 495 178 517 196 -1 -1 -1 -1000 -1000 -1000 -10 -0.732698
Car -1 -1 0.00 220 172 363 221 -1 -1 -1 -1000 -1000 -1000 -10 -0.791451
Car -1 -1 0.00 413 176 489 238 -1 -1 -1 -1000 -1000 -1000 -10 -0.868255
Car -1 -1 0.00 986 314 1014 326 -1 -1 -1 -1000 -1000 -1000 -10 -0.957617
Car -1 -1 0.00 966 226 1000 240 -1 -1 -1 -1000 -1000 -1000 -10 -1.02936
