Car -1 -1 0.00 762 163 1028 249 -1 -1 -1 -1000 -1000 -1000 -10 0.710209
Car -1 -1 0.00 131 260 176 296 -1 -1 -1 -1000 -1000 -1000 -10 -0.905208
Car -1 -1 0.00 162 158 254 200 -1 -1 -1 -1000 -1000 -1000 -10 -0.911487
Car -1 -1 0.00 15 220 43 240 -1 -1 -1 -1000 -1000 -1000 -10 -0.951433
Car -1 -1 0.00 337 156 486 205 -1 -1 -1 -1000 -1000 -1000 -10 -0.958416
Car -1 -1 0.00 12 183 38 203 -1 -1 -1 -1000 -1000 -1000 -10 -0.959833
Car -1 -1 0.00 1119 226 1149 259 -1 -1 -1 -1000 -1000 -1000 -10 -0.971158
Car -1 -1 0.00 936 154 962 184 -1 -1 -1 -1000 -1000 -1000 -10 -1.00242
Car -1 -1 0.00 633 30 663 56 -1 -1 -1 -1000 -1000 -1000 -10 -1.01759
Car -1 -1 0.00 762 182 984 250 -1 -1 -1 -1000 -1000 -1000 -10 -1.02167
