Car -1 -1 0.00 716 173 915 252 -1 -1 -1 -1000 -1000 -1000 -10 0.787458
Car -1 -1 0.00 628 175 668 191 -1 -1 -1 -1000 -1000 -1000 -10 0.0829361
Car -1 -1 0.00 701 174 866 242 -1 -1 -1 -1000 -1000 -1000 -10 -0.14408
Car -1 -1 0.00 468 184 519 218 -1 -1 -1 -1000 -1000 -1000 -10 -0.360251
Car -1 -1 0.00 54 206 206 264 -1 -1 -1 -1000 -1000 -1000 -10 -0.797783
Car -1 -1 0.00 903 312 927 323 -1 -1 -1 -1000 -1000 -1000 -10 -0.836398
Car -1 -1 0.00 796 196 1063 320 -1 -1 -1 -1000 -1000 -1000 -10 -0.84424
Car -1 -1 0.00 592 164 627 194 -1 -1 -1 -1000 -1000 -1000 -10 -0.892009
Car -1 -1 0.00 1066 16 1096 49 -1 -1 -1 -1000 -1000 -1000 -10 -0.895665
Car -1 -1 0.00 790 104 816 122 -1 -1 -1 -1000 -1000 -1000 -10 -0.896367
Car -1 -1 0.00 974 -3 1006 24 -1 -1 -1 -1000 -1000 -1000 -10 -0.905882
Car -1 -1 0.00 925 137 1028 172 -1 -1 -1 -1000 -1000 -1000 -10 -0.951429
Car -1 -1 0.00 994 171 1050 193 -1 -1 -1 -1000 -1000 -1000 -10 -0.992843
Car -1 -1 0.00 612 193 665 229 -1 -1 -1 -1000 -1000 -1000 -10 -1.02421
