Car -1 -1 0.00 494 180 549 218 -1 -1 -1 -1000 -1000 -1000 -10 1.81978
Car -1 -1 0.00 677 178 738 231 -1 -1 -1 -1000 -1000 -1000 -10 1.63026
Car -1 -1 0.00 403 182 502 254 -1 -1 -1 -1000 -1000 -1000 -10 1.5996
Car -1 -1 0.00 281 189 456 303 -1 -1 -1 -1000 -1000 -1000 -10 1.35973
Car -1 -1 0.00 564 174 589 194 -1 -1 -1 -1000 -1000 -1000 -10 1.33132
Car -1 -1 0.00 543 175 574 201 -1 -1 -1 -1000 -1000 -1000 -10 1.22322
Car -1 -1 0.00 585 171 609 189 -1 -1 -1 -1000 -1000 -1000 -10 0.0148031
Car -1 -1 0.00 -19 203 364 387 -1 -1 -1 -1000 -1000 -1000 -10 -0.097869
Car -1 -1 0.00 1008 175 1376 292 -1 -1 -1 -1000 -1000 -1000 -10 -0.362148
Car -1 -1 0.00 656 175 697 207 -1 -1 -1 -1000 -1000 -1000 -10 -0.453342
Car -1 -1 0.00 611 170 643 182 -1 -1 -1 -1000 -1000 -1000 -10 -0.723582
Car -1 -1 0.00 656 173 706 217 -1 -1 -1 -1000 -1000 -1000 -10 -0.879475
Car -1 -1 0.00 573 170 620 187 -1 -1 -1 -1000 -1000 -1000 -10 -0.893757
Car -1 -1 0.00 865 130 895 163 -1 -1 -1 -1000 -1000 -1000 -10 -0.947904
Car -1 -1 0.00 377 170 415 194 -1 -1 -1 -1000 -1000 -1000 -10 -0.949755
Car -1 -1 0.00 961 255 1014 269 -1 -1 -1 -1000 -1000 -1000 -10 -1.01158
Car -1 -1 0.00 1227 40 1251 67 -1 -1 -1 -1000 -1000 -1000 -10 -1.01556
Car -1 -1 0.00 517 129 562 161 -1 -1 -1 -1000 -1000 -1000 -10 -1.02041
Car -1 -1 0.00 929 53 959 77 -1 -1 -1 -1000 -1000 -1000 -10 -1.02736
