Car -1 -1 0.00 217 190 311 231 -1 -1 -1 -1000 -1000 -1000 -10 2.08972
Car -1 -1 0.00 592 183 653 230 -1 -1 -1 -1000 -1000 -1000 -10 1.51659
Car -1 -1 0.00 339 185 406 218 -1 -1 -1 -1000 -1000 -1000 -10 0.892417
Car -1 -1 0.00 427 178 502 246 -1 -1 -1 -1000 -1000 -1000 -10 0.270552
Car -1 -1 0.00 265 189 305 218 -1 -1 -1 -1000 -1000 -1000 -10 -0.69343
Car -1 -1 0.00 172 192 211 218 -1 -1 -1 -1000 -1000 -1000 -10 -0.84767
Car -1 -1 0.00 662 323 742 401 -1 -1 -1 -1000 -1000 -1000 -10 -0.86782
Car -1 -1 0.00 949 109 1023 156 -1 -1 -1 -1000 -1000 -1000 -10 -0.985631
Car -1 -1 0.00 90 354 239 393 -1 -1 -1 -1000 -1000 -1000 -10 -0.995403
Car -1 -1 0.00 88 238 126 252 -1 -1 -1 -1000 -1000 -1000 -10 -0.997243
Car -1 -1 0.00 721 132 756 143 -1 -1 -1 -1000 -1000 -1000 -10 -1.00253
Car -1 -1 0.00 768 343 796 365 -1 -1 -1 -1000 -1000 -1000 -10 -1.00463
Car -1 -1 0.00 937 344 972 356 -1 -1 -1 -1000 -1000 -1000 -10 -1.00721
Car -1 -1 0.00 44 58 89 104 -1 -1 -1 -1000 -1000 -1000 -10 -1.01669
Car -1 -1 0.00 632 230 667 253 -1 -1 -1 -1000 -1000 -1000 -10 -1.01708
Car -1 -1 0.00 988 102 1074 161 -1 -1 -1 -1000 -1000 -1000 -10 -1.01739
