Car -1 -1 0.00 536 172 579 213 -1 -1 -1 -1000 -1000 -1000 -10 0.691699
Car -1 -1 0.00 1142 146 1284 198 -1 -1 -1 -1000 -1000 -1000 -10 -0.421036
Car -1 -1 0.00 173 182 265 213 -1 -1 -1 -1000 -1000 -1000 -10 -0.593724
Car -1 -1 0.00 1057 160 1122 185 -1 -1 -1 -1000 -1000 -1000 -10 -0.668759
Car -1 -1 0.00 729 171 754 186 -1 -1 -1 -1000 -1000 -1000 -10 -0.781907
Car -1 -1 0.00 271 182 304 203 -1 -1 -1 -1000 -1000 -1000 -10 -0.86587
Car -1 -1 0.00 670 169 711 183 -1 -1 -1 -1000 -1000 -1000 -10 -0.927336
Car -1 -1 0.00 355 140 386 153 -1 -1 -1 -1000 -1000 -1000 -10 -0.929679
Car -1 -1 0.00 261 182 319 198 -1 -1 -1 -1000 -1000 -1000 -10 -0.95017
Car -1 -1 0.00 433 248 469 259 -1 -1 -1 -1000 -1000 -1000 -10 -1.0003
Car -1 -1 0.00 450 228 484 239 -1 -1 -1 -1000 -1000 -1000 -10 -1.0005
Car -1 -1 0.00 443 242 478 253 -1 -1 -1 -1000 -1000 -1000 -10 -1.00564
Car -1 -1 0.00 432 254 467 265 -1 -1 -1 -1000 -1000 -1000 -10 -1.00949
Car -1 -1 0.00 437 246 472 257 -1 -1 -1 -1000 -1000 -1000 -10 -1.01602
Car -1 -1 0.00 448 232 492 246 -1 -1 -1 -1000 -1000 -1000 -10 -1.01848
Car -1 -1 0.00 433 236 469 247 -1 -1 -1 -1000 -1000 -1000 -10 -1.01918
Car -1 -1 0.00 427 240 463 251 -1 -1 -1 -1000 -1000 -1000 -10 -1.0195
Car -1 -1 0.00 441 227 470 260 -1 -1 -1 -1000 -1000 -1000 -10 -1.0196
Car -1 -1 0.00 448 236 482 247 -1 -1 -1 -1000 -1000 -1000 -10 -1.02079
Car -1 -1 0.00 427 244 463 255 -1 -1 -1 -1000 -1000 -1000 -10 -1.02117
Car -1 -1 0.00 440 250 475 261 -1 -1 -1 -1000 -1000 -1000 -10 -1.02264
Car -1 -1 0.00 1114 304 1139 332 -1 -1 -1 -1000 -1000 -1000 -10 -1.02437
Car -1 -1 0.00 567 240 603 251 -1 -1 -1 -1000 -1000 -1000 -10 -1.02454
Car -1 -1 0.00 441 239 465 267 -1 -1 -1 -1000 -1000 -1000 -10 -1.02665
Car -1 -1 0.00 1227 -12 1251 14 -1 -1 -1 -1000 -1000 -1000 -10 -1.02671
Car -1 -1 0.00 439 230 474 241 -1 -1 -1 -1000 -1000 -1000 -10 -1.02794
Car -1 -1 0.00 376 250 411 261 -1 -1 -1 -1000 -1000 -1000 -10 -1.02862
Car -1 -1 0.00 561 250 597 261 -1 -1 -1 -1000 -1000 -1000 -10 -1.02906
Car -1 -1 0.00 42 109 99 130 -1 -1 -1 -1000 -1000 -1000 -10 -1.02921
Car -1 -1 0.00 420 256 462 270 -1 -1 -1 -1000 -1000 -1000 -10 -1.02973
