Car -1 -1 0.00 432 192 565 256 -1 -1 -1 -1000 -1000 -1000 -10 0.550518
Car -1 -1 0.00 370 171 470 241 -1 -1 -1 -1000 -1000 -1000 -10 0.0740225
Car -1 -1 0.00 304 188 355 222 -1 -1 -1 -1000 -1000 -1000 -10 -0.312045
Car -1 -1 0.00 280 182 328 218 -1 -1 -1 -1000 -1000 -1000 -10 -0.406211
Car -1 -1 0.00 330 186 396 229 -1 -1 -1 -1000 -1000 -1000 -10 -0.519535
Car -1 -1 0.00 848 253 874 271 -1 -1 -1 -1000 -1000 -1000 -10 -0.725048
Car -1 -1 0.00 554 139 832 252 -1 -1 -1 -1000 -1000 -1000 -10 -0.848655
Car -1 -1 0.00 828 255 865 270 -1 -1 -1 -1000 -1000 -1000 -10 -0.929039
Car -1 -1 0.00 208 320 248 340 -1 -1 -1 -1000 -1000 -1000 -10 -0.930964
Car -1 -1 0.00 432 194 618 256 -1 -1 -1 -1000 -1000 -1000 -10 -0.979061
Car -1 -1 0.00 1111 162 1138 183 -1 -1 -1 -1000 -1000 -1000 -10 -0.991313
Car -1 -1 0.00 213 203 257 252 -1 -1 -1 -1000 -1000 -1000 -10 -1.01642
Car -1 -1 0.00 341 48 397 103 -1 -1 -1 -1000 -1000 -1000 -10 -1.02902
