Car -1 -1 0.00 409 177 474 209 -1 -1 -1 -1000 -1000 -1000 -10 1.52096
Car -1 -1 0.00 481 173 512 195 -1 -1 -1 -1000 -1000 -1000 -10 0.700112
Car -1 -1 0.00 1059 158 1195 214 -1 -1 -1 -1000 -1000 -1000 -10 -0.0628963
Car -1 -1 0.00 345 170 417 226 -1 -1 -1 -1000 -1000 -1000 -10 -0.0857403
Car -1 -1 0.00 34 39 68 61 -1 -1 -1 -1000 -1000 -1000 -10 -0.604867
Car -1 -1 0.00 408 176 464 210 -1 -1 -1 -1000 -1000 -1000 -10 -0.878506
Car -1 -1 0.00 246 144 319 165 -1 -1 -1 -1000 -1000 -1000 -10 -0.917335
Car -1 -1 0.00 10 144 57 166 -1 -1 -1 -1000 -1000 -1000 -10 -0.923165
Car -1 -1 0.00 756 79 798 93 -1 -1 -1 -1000 -1000 -1000 -10 -0.942588
Car -1 -1 0.00 423 175 472 208 -1 -1 -1 -1000 -1000 -1000 -10 -0.999448
Car -1 -1 0.00 295 225 339 235 -1 -1 -1 -1000 -1000 -1000 -10 -1.01408
Car -1 -1 0.00 613 194 756 273 -1 -1 -1 -1000 -1000 -1000 -10 -1.02439
