Car -1 -1 0.00 17 186 268 367 -1 -1 -1 -1000 -1000 -1000 -10 0.466111
Car -1 -1 0.00 989 283 1081 374 -1 -1 -1 -1000 -1000 -1000 -10 -0.746131
Car -1 -1 0.00 817 234 846 253 -1 -1 -1 -1000 -1000 -1000 -10 -0.85055
Car -1 -1 0.00 322 147 363 173 -1 -1 -1 -1000 -1000 -1000 -10 -0.883135
Car -1 -1 0.00 330 165 364 200 -1 -1 -1 -1000 -1000 -1000 -10 -0.934131
Car -1 -1 0.00 1129 213 1188 267 -1 -1 -1 -1000 -1000 -1000 -10 -0.939585
Car -1 -1 0.00 1005 150 1032 169 -1 -1 -1 -1000 -1000 -1000 -10 -0.949519
Car -1 -1 0.00 21 135 54 148 -1 -1 -1 -1000 -1000 -1000 -10 -0.974191
Car -1 -1 0.00 28 54 101 79 -1 -1 -1 -1000 -1000 -1000 -10 -0.991277
Car -1 -1 0.00 833 177 874 210 -1 -1 -1 -1000 -1000 -1000 -10 -0.999617
Car -1 -1 0.00 601 205 641 215 -1 -1 -1 -1000 -1000 -1000 -10 -1.00145
Car -1 -1 0.00 41 142 100 198 -1 -1 -1 -1000 -1000 -1000 -10 -1.01531
Car -1 -1 0.00 759 208 783 235 -1 -1 -1 -1000 -1000 -1000 -10 -1.01657
Car -1 -1 0.00 1198 290 1229 314 -1 -1 -1 -1000 -1000 -1000 -10 -1.01731
Car -1 -1 0.00 261 346 297 357 -1 -1 -1 -1000 -1000 -1000 -10 -1.01857
Car -1 -1 0.00 261 338 296 349 -1 -1 -1 -1000 -1000 -1000 -10 -1.02458
