Car -1 -1 0.00 436 176 516 235 -1 -1 -1 -1000 -1000 -1000 -10 1.51044
Car -1 -1 0.00 653 167 720 224 -1 -1 -1 -1000 -1000 -1000 -10 0.612055
Car -1 -1 0.00 654 167 744 223 -1 -1 -1 -1000 -1000 -1000 -10 -0.894971
Car -1 -1 0.00 1060 28 1114 50 -1 -1 -1 -1000 -1000 -1000 -10 -0.980273
Car -1 -1 0.00 542 157 589 199 -1 -1 -1 -1000 -1000 -1000 -10 -0.995728
Car -1 -1 0.00 332 36 361 48 -1 -1 -1 -1000 -1000 -1000 -10 -1.00652
Car -1 -1 0.00 810 149 838 177 -1 -1 -1 -1000 -1000 -1000 -10 -1.0088
Car -1 -1 0.00 1124 346 1170 389 -1 -1 -1 -1000 -1000 -1000 -10 -1.01448
Car -1 -1 0.00 607 233 658 248 -1 -1 -1 -1000 -1000 -1000 -10 -1.01715
Car -1 -1 0.00 333 32 362 44 -1 -1 -1 -1000 -1000 -1000 -10 -1.01747
Car -1 -1 0.00 79 194 116 206 -1 -1 -1 -1000 -1000 -1000 -10 -1.02171
Car -1 -1 0.00 595 89 636 103 -1 -1 -1 -1000 -1000 -1000 -10 -1.0225
