Car -1 -1 0.00 527 179 587 220 -1 -1 -1 -1000 -1000 -1000 -10 1.74534
Car -1 -1 0.00 602 180 715 285 -1 -1 -1 -1000 -1000 -1000 -10 1.59838
Car -1 -1 0.00 601 174 635 199 -1 -1 -1 -1000 -1000 -1000 -10 0.946678
Car -1 -1 0.00 703 169 744 195 -1 -1 -1 -1000 -1000 -1000 -10 0.936297
Car -1 -1 0.00 760 156 938 236 -1 -1 -1 -1000 -1000 -1000 -10 0.897363
Car -1 -1 0.00 86 117 458 374 -1 -1 -1 -1000 -1000 -1000 -10 0.253094
Car -1 -1 0.00 600 174 670 200 -1 -1 -1 -1000 -1000 -1000 -10 -0.526167
Car -1 -1 0.00 510 158 554 178 -1 -1 -1 -1000 -1000 -1000 -10 -0.714671
Car -1 -1 0.00 375 147 443 225 -1 -1 -1 -1000 -1000 -1000 -10 -0.854755
Car -1 -1 0.00 933 175 1029 217 -1 -1 -1 -1000 -1000 -1000 -10 -0.878826
Car -1 -1 0.00 383 51 449 78 -1 -1 -1 -1000 -1000 -1000 -10 -0.929753
Car -1 -1 0.00 434 167 477 206 -1 -1 -1 -1000 -1000 -1000 -10 -0.932292
Car -1 -1 0.00 959 10 1017 38 -1 -1 -1 -1000 -1000 -1000 -10 -0.937082
Car -1 -1 0.00 1055 36 1079 62 -1 -1 -1 -1000 -1000 -1000 -10 -0.93895
Car -1 -1 0.00 -2 6 85 35 -1 -1 -1 -1000 -1000 -1000 -10 -0.945209
Car -1 -1 0.00 949 170 1006 224 -1 -1 -1 -1000 -1000 -1000 -10 -0.948462
Car -1 -1 0.00 42 193 151 238 -1 -1 -1 -1000 -1000 -1000 -10 -0.987426
Car -1 -1 0.00 640 164 662 183 -1 -1 -1 -1000 -1000 -1000 -10 -0.992505
Car -1 -1 0.00 389 -3 432 32 -1 -1 -1 -1000 -1000 -1000 -10 -0.994769
Car -1 -1 0.00 427 43 564 156 -1 -1 -1 -1000 -1000 -1000 -10 -1.01157
Car -1 -1 0.00 761 148 826 168 -1 -1 -1 -1000 -1000 -1000 -10 -1.02572
Car -1 -1 0.00 -19 352 85 385 -1 -1 -1 -1000 -1000 -1000 -10 -1.02617
