Car -1 -1 0.00 1179 230 1205 249 -1 -1 -1 -1000 -1000 -1000 -10 -0.741713
Car -1 -1 0.00 916 103 966 129 -1 -1 -1 -1000 -1000 -1000 -10 -0.778381
Car -1 -1 0.00 232 195 421 276 -1 -1 -1 -1000 -1000 -1000 -10 -0.823077
Car -1 -1 0.00 603 344 638 379 -1 -1 -1 -1000 -1000 -1000 -10 -0.912404
Car -1 -1 0.00 698 51 740 68 -1 -1 -1 -1000 -1000 -1000 -10 -0.929955
Car -1 -1 0.00 406 251 458 285 -1 -1 -1 -1000 -1000 -1000 -10 -0.945228
Car -1 -1 0.00 632 334 683 369 -1 -1 -1 -1000 -1000 -1000 -10 -0.962323
Car -1 -1 0.00 440 169 466 183 -1 -1 -1 -1000 -1000 -1000 -10 -0.967217
Car -1 -1 0.00 1168 107 1197 138 -1 -1 -1 -1000 -1000 -1000 -10 -0.987498
Car -1 -1 0.00 872 93 902 109 -1 -1 -1 -1000 -1000 -1000 -10 -0.989068
Car -1 -1 0.00 855 242 902 276 -1 -1 -1 -1000 -1000 -1000 -10 -0.989751
Car -1 -1 0.00 529 266 558 300 -1 -1 -1 -1000 -1000 -1000 -10 -1.00367
Car -1 -1 0.00 1011 130 1049 147 -1 -1 -1 -1000 -1000 -1000 -10 -1.0059
Car -1 -1 0.00 891 275 918 291 -1 -1 -1 -1000 -1000 -1000 -10 -1.00755
Car -1 -1 0.00 106 91 182 128 -1 -1 -1 -1000 -1000 -1000 -10 -1.01505
Car -1 -1 0.00 553 279 587 318 -1 -1 -1 -1000 -1000 -1000 -10 -1.01527
Car -1 -1 0.00 1139 205 1183 246 -1 -1 -1 -1000 -1000 -1000 -10 -1.01947
Car -1 -1 0.00 898 178 922 201 -1 -1 -1 -1000 -1000 -1000 -10 -1.02932
