Car -1 -1 0.00 314 190 475 298 -1 -1 -1 -1000 -1000 -1000 -10 1.84087
Car -1 -1 0.00 524 184 560 214 -1 -1 -1 -1000 -1000 -1000 -10 1.20694
Car -1 -1 0.00 650 181 716 231 -1 -1 -1 -1000 -1000 -1000 -10 1.116
Car -1 -1 0.00 553 185 576 204 -1 -1 -1 -1000 -1000 -1000 -10 0.395144
Car -1 -1 0.00 635 178 670 207 -1 -1 -1 -1000 -1000 -1000 -10 -0.294411
Car -1 -1 0.00 16 180 51 207 -1 -1 -1 -1000 -1000 -1000 -10 -0.782268
Car -1 -1 0.00 403 115 612 188 -1 -1 -1 -1000 -1000 -1000 -10 -0.912817
Car -1 -1 0.00 948 239 974 259 -1 -1 -1 -1000 -1000 -1000 -10 -0.946554
Car -1 -1 0.00 15 193 55 224 -1 -1 -1 -1000 -1000 -1000 -10 -0.971744
Car -1 -1 0.00 406 170 471 195 -1 -1 -1 -1000 -1000 -1000 -10 -0.99534
Car -1 -1 0.00 1000 165 1032 190 -1 -1 -1 -1000 -1000 -1000 -10 -0.999675
Car -1 -1 0.00 343 133 373 169 -1 -1 -1 -1000 -1000 -1000 -10 -1.00332
Car -1 -1 0.00 949 364 977 385 -1 -1 -1 -1000 -1000 -1000 -10 -1.0064
Car -1 -1 0.00 30 232 70 258 -1 -1 -1 -1000 -1000 -1000 -10 -1.01632
