Car -1 -1 0.00 809 173 872 202 -1 -1 -1 -1000 -1000 -1000 -10 1.09752
Car -1 -1 0.00 553 179 579 199 -1 -1 -1 -1000 -1000 -1000 -10 0.704644
Car -1 -1 0.00 780 167 831 199 -1 -1 -1 -1000 -1000 -1000 -10 -0.306243
Car -1 -1 0.00 989 170 1104 225 -1 -1 -1 -1000 -1000 -1000 -10 -0.839378
Car -1 -1 0.00 1030 100 1059 136 -1 -1 -1 -1000 -1000 -1000 -10 -0.859231
Car -1 -1 0.00 689 23 725 45 -1 -1 -1 -1000 -1000 -1000 -10 -0.890737
Car -1 -1 0.00 191 127 238 172 -1 -1 -1 -1000 -1000 -1000 -10 -0.972919
Car -1 -1 0.00 1133 146 1306 222 -1 -1 -1 -1000 -1000 -1000 -10 -0.996246
Car -1 -1 0.00 39 241 81 262 -1 -1 -1 -1000 -1000 -1000 -10 -1.00348
Car -1 -1 0.00 1088 248 1117 269 -1 -1 -1 -1000 -1000 -1000 -10 -1.00582
Car -1 -1 0.00 1176 46 1201 67 -1 -1 -1 -1000 -1000 -1000 -10 -1.00818
Car -1 -1 0.00 259 90 307 107 -1 -1 -1 -1000 -1000 -1000 -10 -1.00879
Car -1 -1 0.00 107 137 130 165 -1 -1 -1 -1000 -1000 -1000 -10 -1.01417
Car -1 -1 0.00 400 206 456 231 -1 -1 -1 -1000 -1000 -1000 -10 -1.02647
Car -1 -1 0.00 1073 149 1239 220 -1 -1 -1 -1000 -1000 -1000 -10 -1.02902
