Car -1 -1 0.00 612 176 657 206 -1 -1 -1 -1000 -1000 -1000 -10 1.12635
Car -1 -1 0.00 408 173 498 213 -1 -1 -1 -1000 -1000 -1000 -10 0.691601
Car -1 -1 0.00 293 183 452 231 -1 -1 -1 -1000 -1000 -1000 -10 0.584623
Car -1 -1 0.00 556 170 590 205 -1 -1 -1 -1000 -1000 -1000 -10 0.40309
Car -1 -1 0.00 342 181 462 222 -1 -1 -1 -1000 -1000 -1000 -10 -0.852339
Car -1 -1 0.00 1209 208 1241 233 -1 -1 -1 -1000 -1000 -1000 -10 -0.85659
Car -1 -1 0.00 262 345 293 369 -1 -1 -1 -1000 -1000 -1000 -10 -0.990425
Car -1 -1 0.00 272 192 298 219 -1 -1 -1 -1000 -1000 -1000 -10 -0.997985
Car -1 -1 0.00 466 309 497 323 -1 -1 -1 -1000 -1000 -1000 -10 -1.01681
Car -1 -1 0.00 695 230 723 255 -1 -1 -1 -1000 -1000 -1000 -10 -1.02394
