Car -1 -1 0.00 333 164 548 313 -1 -1 -1 -1000 -1000 -1000 -10 1.36339
Car -1 -1 0.00 806 181 878 213 -1 -1 -1 -1000 -1000 -1000 -10 0.771231
Car -1 -1 0.00 1070 193 1138 220 -1 -1 -1 -1000 -1000 -1000 -10 0.190257
Car -1 -1 0.00 997 192 1086 219 -1 -1 -1 -1000 -1000 -1000 -10 -0.834546
Car -1 -1 0.00 121 121 176 158 -1 -1 -1 -1000 -1000 -1000 -10 -0.868041
Car -1 -1 0.00 1132 61 1189 82 -1 -1 -1 -1000 -1000 -1000 -10 -0.903126
Car -1 -1 0.00 69 314 99 347 -1 -1 -1 -1000 -1000 -1000 -10 -0.933834
Car -1 -1 0.00 342 163 421 195 -1 -1 -1 -1000 -1000 -1000 -10 -0.952847
Car -1 -1 0.00 267 347 299 374 -1 -1 -1 -1000 -1000 -1000 -10 -0.979792
Car -1 -1 0.00 713 140 753 160 -1 -1 -1 -1000 -1000 -1000 -10 -0.989606
Car -1 -1 0.00 409 344 456 374 -1 -1 -1 -1000 -1000 -1000 -10 -1.00884
Car -1 -1 0.00 434 366 466 377 -1 -1 -1 -1000 -1000 -1000 -10 -1.01508
