Car -1 -1 0.00 1065 125 1151 163 -1 -1 -1 -1000 -1000 -1000 -10 1.38563
Car -1 -1 0.00 830 173 866 203 -1 -1 -1 -1000 -1000 -1000 -10 -0.779273
Car -1 -1 0.00 247 347 279 374 -1 -1 -1 -1000 -1000 -1000 -10 -0.835822
Car -1 -1 0.00 213 229 400 297 -1 -1 -1 -1000 -1000 -1000 -10 -0.898681
Car -1 -1 0.00 573 26 611 55 -1 -1 -1 -1000 -1000 -1000 -10 -0.934341
Car -1 -1 0.00 643 350 747 381 -1 -1 -1 -1000 -1000 -1000 -10 -0.935498
Car -1 -1 0.00 798 156 819 174 -1 -1 -1 -1000 -1000 -1000 -10 -0.940392
Car -1 -1 0.00 579 275 625 295 -1 -1 -1 -1000 -1000 -1000 -10 -0.982043
Car -1 -1 0.00 188 205 219 227 -1 -1 -1 -1000 -1000 -1000 -10 -0.999896
Car -1 -1 0.00 217 104 241 133 -1 -1 -1 -1000 -1000 -1000 -10 -1.01098
Car -1 -1 0.00 303 14 333 40 -1 -1 -1 -1000 -1000 -1000 -10 -1.01836
Car -1 -1 0.00 331 225 370 252 -1 -1 -1 -1000 -1000 -1000 -10 -1.01917
Car -1 -1 0.00 433 93 478 143 -1 -1 -1 -1000 -1000 -1000 -10 -1.02729
Car -1 -1 0.00 1194 298 1229 337 -1 -1 -1 -1000 -1000 -1000 -10 -1.02945
