Car -1 -1 0.00 621 174 724 213 -1 -1 -1 -1000 -1000 -1000 -10 1.86403
Car -1 -1 0.00 420 177 458 204 -1 -1 -1 -1000 -1000 -1000 -10 1.02297
Car -1 -1 0.00 753 174 817 201 -1 -1 -1 -1000 -1000 -1000 -10 0.892321
Car -1 -1 0.00 462 174 487 192 -1 -1 -1 -1000 -1000 -1000 -10 0.737165
Car -1 -1 0.00 972 170 1070 204 -1 -1 -1 -1000 -1000 -1000 -10 0.521587
Car -1 -1 0.00 138 181 256 222 -1 -1 -1 -1000 -1000 -1000 -10 0.475927
Car -1 -1 0.00 260 176 392 217 -1 -1 -1 -1000 -1000 -1000 -10 0.344889
Car -1 -1 0.00 767 174 799 201 -1 -1 -1 -1000 -1000 -1000 -10 -0.355007
Car -1 -1 0.00 327 71 356 100 -1 -1 -1 -1000 -1000 -1000 -10 -0.980483
Car -1 -1 0.00 1097 204 1118 233 -1 -1 -1 -1000 -1000 -1000 -10 -1.01681
Car -1 -1 0.00 1014 244 1042 267 -1 -1 -1 -1000 -1000 -1000 -10 -1.0223
