Car -1 -1 0.00 592 184 668 238 -1 -1 -1 -1000 -1000 -1000 -10 1.93592
Car -1 -1 0.00 521 183 560 213 -1 -1 -1 -1000 -1000 -1000 -10 1.78533
Car -1 -1 0.00 571 188 619 226 -1 -1 -1 -1000 -1000 -1000 -10 1.04246
Car -1 -1 0.00 650 217 685 242 -1 -1 -1 -1000 -1000 -1000 -10 -0.772402
Car -1 -1 0.00 622 71 713 123 -1 -1 -1 -1000 -1000 -1000 -10 -0.868663
Car -1 -1 0.00 919 83 944 95 -1 -1 -1 -1000 -1000 -1000 -10 -0.931076
Car -1 -1 0.00 127 203 179 262 -1 -1 -1 -1000 -1000 -1000 -10 -1.00317
Car -1 -1 0.00 10 304 41 329 -1 -1 -1 -1000 -1000 -1000 -10 -1.00999
Car -1 -1 0.00 796 224 868 246 -1 -1 -1 -1000 -1000 -1000 -10 -1.02574
Car -1 -1 0.00 804 16 842 28 -1 -1 -1 -1000 -1000 -1000 -10 -1.02686
