Car -1 -1 0.00 822 180 887 221 -1 -1 -1 -1000 -1000 -1000 -10 2.03405
Car -1 -1 0.00 939 163 1001 194 -1 -1 -1 -1000 -1000 -1000 -10 1.33414
Car -1 -1 0.00 983 175 1133 286 -1 -1 -1 -1000 -1000 -1000 -10 1.33289
Car -1 -1 0.00 1032 156 1074 183 -1 -1 -1 -1000 -1000 -1000 -10 -0.315283
Car -1 -1 0.00 946 162 995 200 -1 -1 -1 -1000 -1000 -1000 -10 -0.827896
Car -1 -1 0.00 942 164 1050 195 -1 -1 -1 -1000 -1000 -1000 -10 -0.892172
Car -1 -1 0.00 878 92 901 110 -1 -1 -1 -1000 -1000 -1000 -10 -0.925895
Car -1 -1 0.00 403 58 428 70 -1 -1 -1 -1000 -1000 -1000 -10 -0.994829
Car -1 -1 0.00 1051 288 1192 394 -1 -1 -1 -1000 -1000 -1000 -10 -1.00299
Car -1 -1 0.00 664 21 690 49 -1 -1 -1 -1000 -1000 -1000 -10 -1.0281
