Car -1 -1 0.00 332 195 380 218 -1 -1 -1 -1000 -1000 -1000 -10 0.545946
Car -1 -1 0.00 29 196 180 243 -1 -1 -1 -1000 -1000 -1000 -10 0.374298
Car -1 -1 0.00 251 190 332 227 -1 -1 -1 -1000 -1000 -1000 -10 0.300271
Car -1 -1 0.00 26 206 163 244 -1 -1 -1 -1000 -1000 -1000 -10 -0.420118
Car -1 -1 0.00 332 196 363 219 -1 -1 -1 -1000 -1000 -1000 -10 -0.6457
Car -1 -1 0.00 251 198 296 227 -1 -1 -1 -1000 -1000 -1000 -10 -0.836579
Car -1 -1 0.00 393 204 421 227 -1 -1 -1 -1000 -1000 -1000 -10 -0.933103
Car -1 -1 0.00 902 194 930 212 -1 -1 -1 -1000 -1000 -1000 -10 -0.954546
Car -1 -1 0.00 714 218 793 248 -1 -1 -1 -1000 -1000 -1000 -10 -0.992185
Car -1 -1 0.00 795 328 823 353 -1 -1 -1 -1000 -1000 -1000 -10 -1.00164
Car -1 -1 0.00 1172 164 1225 219 -1 -1 -1 -1000 -1000 -1000 -10 -1.01266
Car -1 -1 0.00 257 61 290 90 -1 -1 -1 -1000 -1000 -1000 -10 -1.02476
