Car -1 -1 0.00 616 166 697 232 -1 -1 -1 -1000 -1000 -1000 -10 0.607378
Car -1 -1 0.00 67 192 128 219 -1 -1 -1 -1000 -1000 -1000 -10 0.219459
Car -1 -1 0.00 699 156 853 271 -1 -1 -1 -1000 -1000 -1000 -10 -0.302236
Car -1 -1 0.00 576 168 688 215 -1 -1 -1 -1000 -1000 -1000 -10 -0.678605
Car -1 -1 0.00 22 194 141 253 -1 -1 -1 -1000 -1000 -1000 -10 -0.719145
Car -1 -1 0.00 243 315 292 331 -1 -1 -1 -1000 -1000 -1000 -10 -0.834625
Car -1 -1 0.00 226 117 251 139 -1 -1 -1 -1000 -1000 -1000 -10 -0.902499
Car -1 -1 0.00 730 355 771 373 -1 -1 -1 -1000 -1000 -1000 -10 -0.961492
Car -1 -1 0.00 1069 165 1123 189 -1 -1 -1 -1000 -1000 -1000 -10 -0.96868
Car -1 -1 0.00 733 344 757 354 -1 -1 -1 -1000 -1000 -1000 -10 -0.974794
Car -1 -1 0.00 320 348 349 367 -1 -1 -1 -1000 -1000 -1000 -10 -0.991637
Car -1 -1 0.00 99 56 136 87 -1 -1 -1 -1000 -1000 -1000 -10 -0.992592
Car -1 -1 0.00 1157 363 1199 394 -1 -1 -1 -1000 -1000 -1000 -10 -1.01286
Car -1 -1 0.00 509 114 548 145 -1 -1 -1 -1000 -1000 -1000 -10 -1.01497
Car -1 -1 0.00 40 194 78 217 -1 -1 -1 -1000 -1000 -1000 -10 -1.02214
