Car -1 -1 0.00 434 157 543 202 -1 -1 -1 -1000 -1000 -1000 -10 2.14132
Car -1 -1 0.00 -4 162 88 201 -1 -1 -1 -1000 -1000 -1000 -10 -0.122616
Car -1 -1 0.00 967 165 1104 204 -1 -1 -1 -1000 -1000 -1000 -10 -0.353608
Car -1 -1 0.00 -27 163 91 201 -1 -1 -1 -1000 -1000 -1000 -10 -0.538368
Car -1 -1 0.00 910 119 956 157 -1 -1 -1 -1000 -1000 -1000 -10 -0.777066
Car -1 -1 0.00 954 83 987 108 -1 -1 -1 -1000 -1000 -1000 -10 -0.924612
Car -1 -1 0.00 1167 233 1211 267 -1 -1 -1 -1000 -1000 -1000 -10 -0.991725
Car -1 -1 0.00 160 28 188 47 -1 -1 -1 -1000 -1000 -1000 -10 -1.01415
Car -1 -1 0.00 1021 3 1049 24 -1 -1 -1 -1000 -1000 -1000 -10 -1.02361
Car -1 -1 0.00 56 331 82 352 -1 -1 -1 -1000 -1000 -1000 -10 -1.02562
