Car -1 -1 0.00 422 176 536 215 -1 -1 -1 -1000 -1000 -1000 -10 1.10761
Car -1 -1 0.00 670 174 766 202 -1 -1 -1 -1000 -1000 -1000 -10 0.613277
Car -1 -1 0.00 837 171 892 205 -1 -1 -1 -1000 -1000 -1000 -10 -0.823294
Car -1 -1 0.00 39 100 86 118 -1 -1 -1 -1000 -1000 -1000 -10 -0.859637
Car -1 -1 0.00 921 131 962 173 -1 -1 -1 -1000 -1000 -1000 -10 -0.883727
Car -1 -1 0.00 183 39 210 67 -1 -1 -1 -1000 -1000 -1000 -10 -0.94858
Car -1 -1 0.00 956 75 993 100 -1 -1 -1 -1000 -1000 -1000 -10 -0.953789
Car -1 -1 0.00 842 241 881 254 -1 -1 -1 -1000 -1000 -1000 -10 -0.969261
Car -1 -1 0.00 377 177 404 199 -1 -1 -1 -1000 -1000 -1000 -10 -0.971319
Car -1 -1 0.00 358 196 399 230 -1 -1 -1 -1000 -1000 -1000 -10 -0.996477
Car -1 -1 0.00 369 242 455 266 -1 -1 -1 -1000 -1000 -1000 -10 -0.998338
Car -1 -1 0.00 941 162 997 181 -1 -1 -1 -1000 -1000 -1000 -10 -1.02766
Car -1 -1 0.00 793 130 824 143 -1 -1 -1 -1000 -1000 -1000 -10 -1.02777
