Car -1 -1 0.00 902 165 970 191 -1 -1 -1 -1000 -1000 -1000 -10 2.24045
Car -1 -1 0.00 496 173 526 191 -1 -1 -1 -1000 -1000 -1000 -10 1.3051
Car -1 -1 0.00 543 162 666 269 -1 -1 -1 -1000 -1000 -1000 -10 0.583775
Car -1 -1 0.00 133 181 161 201 -1 -1 -1 -1000 -1000 -1000 -10 -0.583291
Car -1 -1 0.00 -45 191 406 374 -1 -1 -1 -1000 -1000 -1000 -10 -0.630463
Car -1 -1 0.00 580 13 602 35 -1 -1 -1 -1000 -1000 -1000 -10 -0.762909
Car -1 -1 0.00 366 175 405 193 -1 -1 -1 -1000 -1000 -1000 -10 -0.779811
Car -1 -1 0.00 648 169 680 185 -1 -1 -1 -1000 -1000 -1000 -10 -0.783346
Car -1 -1 0.00 83 182 111 203 -1 -1 -1 -1000 -1000 -1000 -10 -0.806067
Car -1 -1 0.00 346 175 402 194 -1 -1 -1 -1000 -1000 -1000 -10 -0.835052
Car -1 -1 0.00 275 179 317 197 -1 -1 -1 -1000 -1000 -1000 -10 -0.840445
Car -1 -1 0.00 380 177 418 193 -1 -1 -1 -1000 -1000 -1000 -10 -0.851674
Car -1 -1 0.00 165 180 199 200 -1 -1 -1 -1000 -1000 -1000 -10 -0.91562
Car -1 -1 0.00 854 107 881 128 -1 -1 -1 -1000 -1000 -1000 -10 -0.935022
Car -1 -1 0.00 446 170 469 194 -1 -1 -1 -1000 -1000 -1000 -10 -0.944819
Car -1 -1 0.00 624 1 653 27 -1 -1 -1 -1000 -1000 -1000 -10 -0.960777
Car -1 -1 0.00 614 113 707 153 -1 -1 -1 -1000 -1000 -1000 -10 -0.965725
Car -1 -1 0.00 316 180 357 196 -1 -1 -1 -1000 -1000 -1000 -10 -0.977504
Car -1 -1 0.00 744 172 774 204 -1 -1 -1 -1000 -1000 -1000 -10 -1.00343
Car -1 -1 0.00 863 141 890 167 -1 -1 -1 -1000 -1000 -1000 -10 -1.01418
Car -1 -1 0.00 407 226 460 243 -1 -1 -1 -1000 -1000 -1000 -10 -1.01835
