Car -1 -1 0.00 918 28 972 53 -1 -1 -1 -1000 -1000 -1000 -10 -0.707444
Car -1 -1 0.00 1178 229 1205 248 -1 -1 -1 -1000 -1000 -1000 -10 -0.833864
Car -1 -1 0.00 102 191 124 215 -1 -1 -1 -1000 -1000 -1000 -10 -0.911199
Car -1 -1 0.00 442 169 470 183 -1 -1 -1 -1000 -1000 -1000 -10 -0.924927
Car -1 -1 0.00 603 344 638 380 -1 -1 -1 -1000 -1000 -1000 -10 -0.967566
Car -1 -1 0.00 552 278 589 314 -1 -1 -1 -1000 -1000 -1000 -10 -0.998866
Car -1 -1 0.00 654 177 679 199 -1 -1 -1 -1000 -1000 -1000 -10 -1.00897
Car -1 -1 0.00 85 102 136 127 -1 -1 -1 -1000 -1000 -1000 -10 -1.01448
Car -1 -1 0.00 866 10 897 33 -1 -1 -1 -1000 -1000 -1000 -10 -1.02247
Car -1 -1 0.00 632 332 680 369 -1 -1 -1 -1000 -1000 -1000 -10 -1.02923
