Car -1 -1 0.00 608 174 644 208 -1 -1 -1 -1000 -1000 -1000 -10 0.980507
Car -1 -1 0.00 721 180 861 284 -1 -1 -1 -1000 -1000 -1000 -10 0.948119
Car -1 -1 0.00 354 193 471 235 -1 -1 -1 -1000 -1000 -1000 -10 0.511921
Car -1 -1 0.00 415 183 514 220 -1 -1 -1 -1000 -1000 -1000 -10 0.495616
Car -1 -1 0.00 795 179 1181 367 -1 -1 -1 -1000 -1000 -1000 -10 0.347579
Car -1 -1 0.00 667 173 735 208 -1 -1 -1 -1000 -1000 -1000 -10 -0.438255
Car -1 -1 0.00 682 168 738 218 -1 -1 -1 -1000 -1000 -1000 -10 -0.511472
Car -1 -1 0.00 665 174 704 205 -1 -1 -1 -1000 -1000 -1000 -10 -0.757302
Car -1 -1 0.00 685 198 718 219 -1 -1 -1 -1000 -1000 -1000 -10 -0.797121
Car -1 -1 0.00 830 169 1196 383 -1 -1 -1 -1000 -1000 -1000 -10 -0.844302
Car -1 -1 0.00 513 176 551 206 -1 -1 -1 -1000 -1000 -1000 -10 -0.866145
Car -1 -1 0.00 249 334 284 345 -1 -1 -1 -1000 -1000 -1000 -10 -0.989114
Car -1 -1 0.00 608 185 645 208 -1 -1 -1 -1000 -1000 -1000 -10 -0.991278
Car -1 -1 0.00 278 326 313 337 -1 -1 -1 -1000 -1000 -1000 -10 -1.00901
Car -1 -1 0.00 322 290 357 301 -1 -1 -1 -1000 -1000 -1000 -10 -1.01245
Car -1 -1 0.00 242 346 276 357 -1 -1 -1 -1000 -1000 -1000 -10 -1.01359
Car -1 -1 0.00 284 304 318 315 -1 -1 -1 -1000 -1000 -1000 -10 -1.0159
Car -1 -1 0.00 268 302 302 313 -1 -1 -1 -1000 -1000 -1000 -10 -1.02258
Car -1 -1 0.00 275 300 311 311 -1 -1 -1 -1000 -1000 -1000 -10 -1.02353
Car -1 -1 0.00 256 312 290 323 -1 -1 -1 -1000 -1000 -1000 -10 -1.02404
Car -1 -1 0.00 338 284 373 295 -1 -1 -1 -1000 -1000 -1000 -10 -1.02635
Car -1 -1 0.00 228 346 263 357 -1 -1 -1 -1000 -1000 -1000 -10 -1.02813
Car -1 -1 0.00 359 278 395 289 -1 -1 -1 -1000 -1000 -1000 -10 -1.02982
Car -1 -1 0.00 314 296 349 307 -1 -1 -1 -1000 -1000 -1000 -10 -1.02998
