Car -1 -1 0.00 682 194 767 248 -1 -1 -1 -1000 -1000 -1000 -10 2.46248
Car -1 -1 0.00 660 190 715 230 -1 -1 -1 -1000 -1000 -1000 -10 1.80392
Car -1 -1 0.00 579 185 606 211 -1 -1 -1 -1000 -1000 -1000 -10 1.21788
Car -1 -1 0.00 768 191 968 313 -1 -1 -1 -1000 -1000 -1000 -10 0.784826
Car -1 -1 0.00 724 194 836 271 -1 -1 -1 -1000 -1000 -1000 -10 0.720657
Car -1 -1 0.00 13 135 43 170 -1 -1 -1 -1000 -1000 -1000 -10 -0.786785
Car -1 -1 0.00 163 139 205 171 -1 -1 -1 -1000 -1000 -1000 -10 -0.977633
Car -1 -1 0.00 178 175 204 196 -1 -1 -1 -1000 -1000 -1000 -10 -0.997946
Car -1 -1 0.00 284 355 324 369 -1 -1 -1 -1000 -1000 -1000 -10 -1.00128
Car -1 -1 0.00 559 259 619 312 -1 -1 -1 -1000 -1000 -1000 -10 -1.02165
Car -1 -1 0.00 383 268 427 283 -1 -1 -1 -1000 -1000 -1000 -10 -1.02463
Car -1 -1 0.00 583 73 614 107 -1 -1 -1 -1000 -1000 -1000 -10 -1.02783
