Car -1 -1 0.00 539 182 577 211 -1 -1 -1 -1000 -1000 -1000 -10 1.4671
Car -1 -1 0.00 1183 186 1216 209 -1 -1 -1 -1000 -1000 -1000 -10 -0.898792
Car -1 -1 0.00 192 52 257 84 -1 -1 -1 -1000 -1000 -1000 -10 -0.925092
Car -1 -1 0.00 377 231 409 257 -1 -1 -1 -1000 -1000 -1000 -10 -0.955496
Car -1 -1 0.00 990 232 1015 258 -1 -1 -1 -1000 -1000 -1000 -10 -0.958249
Car -1 -1 0.00 21 209 62 222 -1 -1 -1 -1000 -1000 -1000 -10 -0.976919
Car -1 -1 0.00 390 82 416 93 -1 -1 -1 -1000 -1000 -1000 -10 -0.999445
Car -1 -1 0.00 11 18 35 45 -1 -1 -1 -1000 -1000 -1000 -10 -1.02435
Car -1 -1 0.00 182 132 207 154 -1 -1 -1 -1000 -1000 -1000 -10 -1.0268
Car -1 -1 0.00 85 64 110 91 -1 -1 -1 -1000 -1000 -1000 -10 -1.02944
