Car -1 -1 0.00 491 179 530 204 -1 -1 -1 -1000 -1000 -1000 -10 1.75536
Car -1 -1 0.00 298 188 449 281 -1 -1 -1 -1000 -1000 -1000 -10 1.42046
Car -1 -1 0.00 574 177 615 211 -1 -1 -1 -1000 -1000 -1000 -10 1.13111
Car -1 -1 0.00 90 177 219 225 -1 -1 -1 -1000 -1000 -1000 -10 0.838258
Car -1 -1 0.00 394 177 420 192 -1 -1 -1 -1000 -1000 -1000 -10 0.00352373
Car -1 -1 0.00 567 177 593 198 -1 -1 -1 -1000 -1000 -1000 -10 -0.692115
Car -1 -1 0.00 382 157 405 168 -1 -1 -1 -1000 -1000 -1000 -10 -0.981663
Car -1 -1 0.00 1012 293 1063 324 -1 -1 -1 -1000 -1000 -1000 -10 -0.997433
Car -1 -1 0.00 804 261 837 278 -1 -1 -1 -1000 -1000 -1000 -10 -1.00879
Car -1 -1 0.00 269 160 294 186 -1 -1 -1 -1000 -1000 -1000 -10 -1.0258
Car -1 -1 0.00 1128 40 1180 57 -1 -1 -1 -1000 -1000 -1000 -10 -1.02732
