Car -1 -1 0.00 656 174 722 222 -1 -1 -1 -1000 -1000 -1000 -10 2.3366
Car -1 -1 0.00 688 176 786 248 -1 -1 -1 -1000 -1000 -1000 -10 2.01454
Car -1 -1 0.00 735 179 910 299 -1 -1 -1 -1000 -1000 -1000 -10 1.75049
Car -1 -1 0.00 286 193 338 218 -1 -1 -1 -1000 -1000 -1000 -10 1.43992
Car -1 -1 0.00 48 202 158 253 -1 -1 -1 -1000 -1000 -1000 -10 1.41356
Car -1 -1 0.00 632 174 677 209 -1 -1 -1 -1000 -1000 -1000 -10 1.3772
Car -1 -1 0.00 173 200 275 246 -1 -1 -1 -1000 -1000 -1000 -10 1.21041
Car -1 -1 0.00 421 178 456 202 -1 -1 -1 -1000 -1000 -1000 -10 0.392657
Car -1 -1 0.00 368 189 398 207 -1 -1 -1 -1000 -1000 -1000 -10 0.0766565
Car -1 -1 0.00 331 191 366 212 -1 -1 -1 -1000 -1000 -1000 -10 0.0379626
Car -1 -1 0.00 564 176 598 187 -1 -1 -1 -1000 -1000 -1000 -10 -0.167093
Car -1 -1 0.00 456 182 488 192 -1 -1 -1 -1000 -1000 -1000 -10 -0.390724
Car -1 -1 0.00 609 178 635 199 -1 -1 -1 -1000 -1000 -1000 -10 -0.392606
Car -1 -1 0.00 250 195 295 224 -1 -1 -1 -1000 -1000 -1000 -10 -0.513404
Car -1 -1 0.00 387 188 415 205 -1 -1 -1 -1000 -1000 -1000 -10 -0.557222
Car -1 -1 0.00 827 51 859 75 -1 -1 -1 -1000 -1000 -1000 -10 -0.847591
Car -1 -1 0.00 1069 201 1102 216 -1 -1 -1 -1000 -1000 -1000 -10 -0.85484
Car -1 -1 0.00 689 201 718 229 -1 -1 -1 -1000 -1000 -1000 -10 -0.956097
Car -1 -1 0.00 890 162 981 203 -1 -1 -1 -1000 -1000 -1000 -10 -0.978373
Car -1 -1 0.00 938 7 1021 32 -1 -1 -1 -1000 -1000 -1000 -10 -0.981928
Car -1 -1 0.00 1014 261 1048 285 -1 -1 -1 -1000 -1000 -1000 -10 -0.985491
Car -1 -1 0.00 986 165 1016 183 -1 -1 -1 -1000 -1000 -1000 -10 -1.01713
Car -1 -1 0.00 1110 253 1189 332 -1 -1 -1 -1000 -1000 -1000 -10 -1.02459
