Car -1 -1 0.00 1179 229 1205 248 -1 -1 -1 -1000 -1000 -1000 -10 -0.80994
Car -1 -1 0.00 942 335 1042 369 -1 -1 -1 -1000 -1000 -1000 -10 -0.912617
Car -1 -1 0.00 776 89 803 107 -1 -1 -1 -1000 -1000 -1000 -10 -0.966628
Car -1 -1 0.00 325 177 536 273 -1 -1 -1 -1000 -1000 -1000 -10 -0.968053
Car -1 -1 0.00 671 173 722 216 -1 -1 -1 -1000 -1000 -1000 -10 -0.982442
Car -1 -1 0.00 603 344 638 380 -1 -1 -1 -1000 -1000 -1000 -10 -0.987141
Car -1 -1 0.00 340 9 389 25 -1 -1 -1 -1000 -1000 -1000 -10 -1.00856
Car -1 -1 0.00 1144 211 1182 246 -1 -1 -1 -1000 -1000 -1000 -10 -1.01474
Car -1 -1 0.00 553 279 587 318 -1 -1 -1 -1000 -1000 -1000 -10 -1.01641
Car -1 -1 0.00 337 330 368 355 -1 -1 -1 -1000 -1000 -1000 -10 -1.02193
Car -1 -1 0.00 167 10 226 38 -1 -1 -1 -1000 -1000 -1000 -10 -1.02369
Car -1 -1 0.00 443 169 469 183 -1 -1 -1 -1000 -1000 -1000 -10 -1.0238
