Car -1 -1 0.00 407 189 520 276 -1 -1 -1 -1000 -1000 -1000 -10 0.801351
Car -1 -1 0.00 201 208 435 347 -1 -1 -1 -1000 -1000 -1000 -10 0.727682
Car -1 -1 0.00 626 183 653 204 -1 -1 -1 -1000 -1000 -1000 -10 -0.371006
Car -1 -1 0.00 635 169 700 211 -1 -1 -1 -1000 -1000 -1000 -10 -0.601224
Car -1 -1 0.00 906 248 971 291 -1 -1 -1 -1000 -1000 -1000 -10 -0.869619
Car -1 -1 0.00 1183 348 1230 368 -1 -1 -1 -1000 -1000 -1000 -10 -0.94179
Car -1 -1 0.00 908 195 946 209 -1 -1 -1 -1000 -1000 -1000 -10 -0.955785
Car -1 -1 0.00 929 274 956 297 -1 -1 -1 -1000 -1000 -1000 -10 -0.968313
Car -1 -1 0.00 990 125 1025 160 -1 -1 -1 -1000 -1000 -1000 -10 -1.00533
Car -1 -1 0.00 940 284 1060 331 -1 -1 -1 -1000 -1000 -1000 -10 -1.01326
Car -1 -1 0.00 857 310 931 341 -1 -1 -1 -1000 -1000 -1000 -10 -1.0238
Car -1 -1 0.00 727 112 801 136 -1 -1 -1 -1000 -1000 -1000 -10 -1.0282
