Car -1 -1 0.00 555 174 618 225 -1 -1 -1 -1000 -1000 -1000 -10 1.60199
Car -1 -1 0.00 744 171 1055 342 -1 -1 -1 -1000 -1000 -1000 -10 0.449542
Car -1 -1 0.00 144 154 289 212 -1 -1 -1 -1000 -1000 -1000 -10 0.274386
Car -1 -1 0.00 754 169 1069 344 -1 -1 -1 -1000 -1000 -1000 -10 -0.743948
Car -1 -1 0.00 968 259 1081 292 -1 -1 -1 -1000 -1000 -1000 -10 -0.891898
Car -1 -1 0.00 742 337 776 361 -1 -1 -1 -1000 -1000 -1000 -10 -0.920363
Car -1 -1 0.00 196 -5 313 80 -1 -1 -1 -1000 -1000 -1000 -10 -0.951114
Car -1 -1 0.00 437 193 487 209 -1 -1 -1 -1000 -1000 -1000 -10 -0.959399
Car -1 -1 0.00 471 170 495 183 -1 -1 -1 -1000 -1000 -1000 -10 -0.99938
Car -1 -1 0.00 1207 4 1231 15 -1 -1 -1 -1000 -1000 -1000 -10 -1.00887
Car -1 -1 0.00 561 172 618 224 -1 -1 -1 -1000 -1000 -1000 -10 -1.02543
