Car -1 -1 0.00 733 173 847 212 -1 -1 -1 -1000 -1000 -1000 -10 1.41485
Car -1 -1 0.00 397 169 526 214 -1 -1 -1 -1000 -1000 -1000 -10 0.761971
Car -1 -1 0.00 277 178 407 219 -1 -1 -1 -1000 -1000 -1000 -10 0.666215
Car -1 -1 0.00 839 174 917 201 -1 -1 -1 -1000 -1000 -1000 -10 0.623814
Car -1 -1 0.00 1121 170 1222 203 -1 -1 -1 -1000 -1000 -1000 -10 -0.556746
Car -1 -1 0.00 581 176 600 193 -1 -1 -1 -1000 -1000 -1000 -10 -0.866837
Car -1 -1 0.00 227 73 579 220 -1 -1 -1 -1000 -1000 -1000 -10 -0.967608
Car -1 -1 0.00 1014 244 1043 268 -1 -1 -1 -1000 -1000 -1000 -10 -0.981956
Car -1 -1 0.00 394 206 420 216 -1 -1 -1 -1000 -1000 -1000 -10 -0.982119
Car -1 -1 0.00 21 177 58 194 -1 -1 -1 -1000 -1000 -1000 -10 -0.992142
Car -1 -1 0.00 546 164 587 182 -1 -1 -1 -1000 -1000 -1000 -10 -1.01016
Car -1 -1 0.00 992 297 1017 320 -1 -1 -1 -1000 -1000 -1000 -10 -1.01651
Car -1 -1 0.00 327 71 355 100 -1 -1 -1 -1000 -1000 -1000 -10 -1.01665
