Car -1 -1 0.00 905 293 930 312 -1 -1 -1 -1000 -1000 -1000 -10 -0.447625
Car -1 -1 0.00 246 202 427 272 -1 -1 -1 -1000 -1000 -1000 -10 -0.777979
Car -1 -1 0.00 105 86 184 121 -1 -1 -1 -1000 -1000 -1000 -10 -0.862651
Car -1 -1 0.00 957 255 993 278 -1 -1 -1 -1000 -1000 -1000 -10 -0.894718
Car -1 -1 0.00 89 99 146 129 -1 -1 -1 -1000 -1000 -1000 -10 -0.908857
Car -1 -1 0.00 604 247 632 262 -1 -1 -1 -1000 -1000 -1000 -10 -0.926052
Car -1 -1 0.00 661 50 707 69 -1 -1 -1 -1000 -1000 -1000 -10 -0.930226
Car -1 -1 0.00 234 21 274 43 -1 -1 -1 -1000 -1000 -1000 -10 -0.934779
Car -1 -1 0.00 958 50 985 67 -1 -1 -1 -1000 -1000 -1000 -10 -0.947476
Car -1 -1 0.00 631 330 680 369 -1 -1 -1 -1000 -1000 -1000 -10 -0.99099
Car -1 -1 0.00 962 -3 1059 29 -1 -1 -1 -1000 -1000 -1000 -10 -0.994134
Car -1 -1 0.00 544 303 599 361 -1 -1 -1 -1000 -1000 -1000 -10 -1.00401
Car -1 -1 0.00 644 361 677 375 -1 -1 -1 -1000 -1000 -1000 -10 -1.0054
Car -1 -1 0.00 1021 12 1093 35 -1 -1 -1 -1000 -1000 -1000 -10 -1.01661
Car -1 -1 0.00 106 49 160 72 -1 -1 -1 -1000 -1000 -1000 -10 -1.01847
Car -1 -1 0.00 121 80 157 97 -1 -1 -1 -1000 -1000 -1000 -10 -1.01866
Car -1 -1 0.00 584 283 623 322 -1 -1 -1 -1000 -1000 -1000 -10 -1.01887
Car -1 -1 0.00 553 278 588 315 -1 -1 -1 -1000 -1000 -1000 -10 -1.02094
Car -1 -1 0.00 1139 206 1184 246 -1 -1 -1 -1000 -1000 -1000 -10 -1.0259
