Car -1 -1 0.00 605 175 636 199 -1 -1 -1 -1000 -1000 -1000 -10 0.719688
Car -1 -1 0.00 890 186 944 208 -1 -1 -1 -1000 -1000 -1000 -10 0.558209
Car -1 -1 0.00 925 184 1013 218 -1 -1 -1 -1000 -1000 -1000 -10 0.497103
Car -1 -1 0.00 972 187 1066 223 -1 -1 -1 -1000 -1000 -1000 -10 -0.491911
Car -1 -1 0.00 523 191 548 214 -1 -1 -1 -1000 -1000 -1000 -10 -0.862129
Car -1 -1 0.00 1006 186 1067 210 -1 -1 -1 -1000 -1000 -1000 -10 -0.903078
Car -1 -1 0.00 718 193 750 206 -1 -1 -1 -1000 -1000 -1000 -10 -0.940158
Car -1 -1 0.00 673 260 697 289 -1 -1 -1 -1000 -1000 -1000 -10 -1.00354
Car -1 -1 0.00 250 152 311 197 -1 -1 -1 -1000 -1000 -1000 -10 -1.00373
Car -1 -1 0.00 400 35 426 61 -1 -1 -1 -1000 -1000 -1000 -10 -1.00474
Car -1 -1 0.00 771 230 798 241 -1 -1 -1 -1000 -1000 -1000 -10 -1.01389
Car -1 -1 0.00 499 297 553 337 -1 -1 -1 -1000 -1000 -1000 -10 -1.01429
Car -1 -1 0.00 504 98 543 115 -1 -1 -1 -1000 -1000 -1000 -10 -1.02721
