Car -1 -1 0.00 574 162 606 186 -1 -1 -1 -1000 -1000 -1000 -10 1.04344
Car -1 -1 0.00 20 196 444 374 -1 -1 -1 -1000 -1000 -1000 -10 -0.4459
Car -1 -1 0.00 776 155 821 173 -1 -1 -1 -1000 -1000 -1000 -10 -0.86575
Car -1 -1 0.00 531 158 566 187 -1 -1 -1 -1000 -1000 -1000 -10 -0.88441
Car -1 -1 0.00 686 335 723 375 -1 -1 -1 -1000 -1000 -1000 -10 -0.949151
Car -1 -1 0.00 847 232 886 274 -1 -1 -1 -1000 -1000 -1000 -10 -1.0006
Car -1 -1 0.00 795 85 832 125 -1 -1 -1 -1000 -1000 -1000 -10 -1.01084
Car -1 -1 0.00 695 128 763 159 -1 -1 -1 -1000 -1000 -1000 -10 -1.01474
Car -1 -1 0.00 277 134 329 150 -1 -1 -1 -1000 -1000 -1000 -10 -1.0224
Car -1 -1 0.00 533 352 578 364 -1 -1 -1 -1000 -1000 -1000 -10 -1.02306
Car -1 -1 0.00 577 104 611 136 -1 -1 -1 -1000 -1000 -1000 -10 -1.0238
