Car -1 -1 0.00 347 165 499 277 -1 -1 -1 -1000 -1000 -1000 -10 1.73558
Car -1 -1 0.00 693 183 768 229 -1 -1 -1 -1000 -1000 -1000 -10 1.62067
Car -1 -1 0.00 440 175 521 239 -1 -1 -1 -1000 -1000 -1000 -10 0.785116
Car -1 -1 0.00 528 174 560 200 -1 -1 -1 -1000 -1000 -1000 -10 0.474042
Car -1 -1 0.00 311 170 362 199 -1 -1 -1 -1000 -1000 -1000 -10 0.139048
Car -1 -1 0.00 1095 186 1241 231 -1 -1 -1 -1000 -1000 -1000 -10 -0.671044
Car -1 -1 0.00 645 177 673 199 -1 -1 -1 -1000 -1000 -1000 -10 -0.721913
Car -1 -1 0.00 194 46 249 70 -1 -1 -1 -1000 -1000 -1000 -10 -0.800903
Car -1 -1 0.00 236 170 294 207 -1 -1 -1 -1000 -1000 -1000 -10 -0.813459
Car -1 -1 0.00 970 132 1018 162 -1 -1 -1 -1000 -1000 -1000 -10 -0.839724
Car -1 -1 0.00 547 170 572 193 -1 -1 -1 -1000 -1000 -1000 -10 -0.874253
Car -1 -1 0.00 -22 239 20 254 -1 -1 -1 -1000 -1000 -1000 -10 -0.958381
Car -1 -1 0.00 -22 244 19 259 -1 -1 -1 -1000 -1000 -1000 -10 -0.968831
Car -1 -1 0.00 -22 234 20 250 -1 -1 -1 -1000 -1000 -1000 -10 -0.989684
Car -1 -1 0.00 -22 248 20 264 -1 -1 -1 -1000 -1000 -1000 -10 -0.994728
Car -1 -1 0.00 659 174 717 212 -1 -1 -1 -1000 -1000 -1000 -10 -1.00258
Car -1 -1 0.00 -25 261 22 281 -1 -1 -1 -1000 -1000 -1000 -10 -1.00962
Car -1 -1 0.00 -12 201 10 231 -1 -1 -1 -1000 -1000 -1000 -10 -1.0176
Car -1 -1 0.00 -18 231 16 244 -1 -1 -1 -1000 -1000 -1000 -10 -1.01879
Car -1 -1 0.00 -15 214 12 251 -1 -1 -1 -1000 -1000 -1000 -10 -1.02126
Car -1 -1 0.00 693 63 723 97 -1 -1 -1 -1000 -1000 -1000 -10 -1.02682
Car -1 -1 0.00 -25 255 22 275 -1 -1 -1 -1000 -1000 -1000 -10 -1.02834
Car -1 -1 0.00 1017 194 1044 222 -1 -1 -1 -1000 -1000 -1000 -10 -1.02997
