Car -1 -1 0.00 718 171 757 191 -1 -1 -1 -1000 -1000 -1000 -10 1.20587
Car -1 -1 0.00 586 180 643 211 -1 -1 -1 -1000 -1000 -1000 -10 1.0052
Car -1 -1 0.00 721 170 757 191 -1 -1 -1 -1000 -1000 -1000 -10 -0.484899
Car -1 -1 0.00 1087 171 1115 191 -1 -1 -1 -1000 -1000 -1000 -10 -0.873567
Car -1 -1 0.00 498 116 526 144 -1 -1 -1 -1000 -1000 -1000 -10 -0.977284
Car -1 -1 0.00 121 71 185 126 -1 -1 -1 -1000 -1000 -1000 -10 -0.982021
Car -1 -1 0.00 320 191 343 216 -1 -1 -1 -1000 -1000 -1000 -10 -0.991643
Car -1 -1 0.00 731 345 764 369 -1 -1 -1 -1000 -1000 -1000 -10 -1.00427
Car -1 -1 0.00 575 92 610 129 -1 -1 -1 -1000 -1000 -1000 -10 -1.00854
Car -1 -1 0.00 1041 105 1067 126 -1 -1 -1 -1000 -1000 -1000 -10 -1.02187
Car -1 -1 0.00 948 200 988 212 -1 -1 -1 -1000 -1000 -1000 -10 -1.02347
