Car -1 -1 0.00 317 183 461 278 -1 -1 -1 -1000 -1000 -1000 -10 2.54652
Car -1 -1 0.00 532 183 568 208 -1 -1 -1 -1000 -1000 -1000 -10 1.25449
Car -1 -1 0.00 606 179 641 210 -1 -1 -1 -1000 -1000 -1000 -10 1.17735
Car -1 -1 0.00 530 178 560 198 -1 -1 -1 -1000 -1000 -1000 -10 -0.972036
Car -1 -1 0.00 1023 101 1048 122 -1 -1 -1 -1000 -1000 -1000 -10 -0.991649
Car -1 -1 0.00 348 171 378 184 -1 -1 -1 -1000 -1000 -1000 -10 -0.993906
Car -1 -1 0.00 1039 93 1063 121 -1 -1 -1 -1000 -1000 -1000 -10 -0.994709
Car -1 -1 0.00 1059 98 1095 109 -1 -1 -1 -1000 -1000 -1000 -10 -0.997477
Car -1 -1 0.00 1071 73 1105 111 -1 -1 -1 -1000 -1000 -1000 -10 -0.999869
Car -1 -1 0.00 1021 104 1057 115 -1 -1 -1 -1000 -1000 -1000 -10 -1.00347
Car -1 -1 0.00 395 298 430 309 -1 -1 -1 -1000 -1000 -1000 -10 -1.00592
Car -1 -1 0.00 1017 91 1045 123 -1 -1 -1 -1000 -1000 -1000 -10 -1.00624
Car -1 -1 0.00 1066 84 1116 101 -1 -1 -1 -1000 -1000 -1000 -10 -1.00778
Car -1 -1 0.00 1064 97 1090 118 -1 -1 -1 -1000 -1000 -1000 -10 -1.0098
Car -1 -1 0.00 1077 88 1101 115 -1 -1 -1 -1000 -1000 -1000 -10 -1.01006
Car -1 -1 0.00 1134 72 1163 105 -1 -1 -1 -1000 -1000 -1000 -10 -1.01027
Car -1 -1 0.00 1091 69 1125 109 -1 -1 -1 -1000 -1000 -1000 -10 -1.01327
Car -1 -1 0.00 238 326 280 340 -1 -1 -1 -1000 -1000 -1000 -10 -1.01432
Car -1 -1 0.00 1085 91 1110 111 -1 -1 -1 -1000 -1000 -1000 -10 -1.01641
Car -1 -1 0.00 982 109 1008 130 -1 -1 -1 -1000 -1000 -1000 -10 -1.01701
Car -1 -1 0.00 265 315 315 331 -1 -1 -1 -1000 -1000 -1000 -10 -1.0173
Car -1 -1 0.00 1059 88 1094 99 -1 -1 -1 -1000 -1000 -1000 -10 -1.01908
Car -1 -1 0.00 1114 67 1149 106 -1 -1 -1 -1000 -1000 -1000 -10 -1.02006
Car -1 -1 0.00 135 79 166 108 -1 -1 -1 -1000 -1000 -1000 -10 -1.02138
Car -1 -1 0.00 1060 84 1102 97 -1 -1 -1 -1000 -1000 -1000 -10 -1.02179
Car -1 -1 0.00 1058 91 1100 105 -1 -1 -1 -1000 -1000 -1000 -10 -1.02216
Car -1 -1 0.00 959 113 984 134 -1 -1 -1 -1000 -1000 -1000 -10 -1.02279
Car -1 -1 0.00 1022 98 1056 109 -1 -1 -1 -1000 -1000 -1000 -10 -1.02289
Car -1 -1 0.00 1068 81 1110 95 -1 -1 -1 -1000 -1000 -1000 -10 -1.0229
Car -1 -1 0.00 1093 92 1128 103 -1 -1 -1 -1000 -1000 -1000 -10 -1.02293
Car -1 -1 0.00 1109 84 1151 97 -1 -1 -1 -1000 -1000 -1000 -10 -1.02346
Car -1 -1 0.00 1075 88 1117 102 -1 -1 -1 -1000 -1000 -1000 -10 -1.02355
Car -1 -1 0.00 589 322 625 333 -1 -1 -1 -1000 -1000 -1000 -10 -1.02509
Car -1 -1 0.00 1087 79 1115 112 -1 -1 -1 -1000 -1000 -1000 -10 -1.02528
Car -1 -1 0.00 1027 98 1069 112 -1 -1 -1 -1000 -1000 -1000 -10 -1.02529
Car -1 -1 0.00 1078 81 1128 98 -1 -1 -1 -1000 -1000 -1000 -10 -1.02675
Car -1 -1 0.00 249 324 285 335 -1 -1 -1 -1000 -1000 -1000 -10 -1.02694
Car -1 -1 0.00 1079 81 1108 115 -1 -1 -1 -1000 -1000 -1000 -10 -1.02766
Car -1 -1 0.00 984 105 1026 119 -1 -1 -1 -1000 -1000 -1000 -10 -1.02803
Car -1 -1 0.00 1128 81 1170 95 -1 -1 -1 -1000 -1000 -1000 -10 -1.0283
Car -1 -1 0.00 972 111 998 132 -1 -1 -1 -1000 -1000 -1000 -10 -1.02858
Car -1 -1 0.00 1085 86 1127 100 -1 -1 -1 -1000 -1000 -1000 -10 -1.02886
Car -1 -1 0.00 1101 84 1125 111 -1 -1 -1 -1000 -1000 -1000 -10 -1.02899
Car -1 -1 0.00 417 286 452 297 -1 -1 -1 -1000 -1000 -1000 -10 -1.02912
Car -1 -1 0.00 387 302 422 313 -1 -1 -1 -1000 -1000 -1000 -10 -1.02975
