Car -1 -1 0.00 906 162 943 178 -1 -1 -1 -1000 -1000 -1000 -10 0.00726239
Car -1 -1 0.00 812 162 867 179 -1 -1 -1 -1000 -1000 -1000 -10 -0.104918
Car -1 -1 0.00 1058 154 1144 178 -1 -1 -1 -1000 -1000 -1000 -10 -0.511755
Car -1 -1 0.00 971 158 1027 179 -1 -1 -1 -1000 -1000 -1000 -10 -0.544808
Car -1 -1 0.00 1154 149 1241 175 -1 -1 -1 -1000 -1000 -1000 -10 -0.674935
Car -1 -1 0.00 70 94 128 120 -1 -1 -1 -1000 -1000 -1000 -10 -0.845802
Car -1 -1 0.00 703 236 908 310 -1 -1 -1 -1000 -1000 -1000 -10 -0.863357
Car -1 -1 0.00 842 197 909 235 -1 -1 -1 -1000 -1000 -1000 -10 -0.913454
Car -1 -1 0.00 703 333 731 346 -1 -1 -1 -1000 -1000 -1000 -10 -0.983462
Car -1 -1 0.00 1132 182 1187 196 -1 -1 -1 -1000 -1000 -1000 -10 -1.00928
Car -1 -1 0.00 884 45 910 60 -1 -1 -1 -1000 -1000 -1000 -10 -1.02623
