Car -1 -1 0.00 360 178 486 219 -1 -1 -1 -1000 -1000 -1000 -10 0.58239
Car -1 -1 0.00 475 163 522 196 -1 -1 -1 -1000 -1000 -1000 -10 -0.085918
Car -1 -1 0.00 837 171 892 206 -1 -1 -1 -1000 -1000 -1000 -10 -0.822906
Car -1 -1 0.00 183 39 210 68 -1 -1 -1 -1000 -1000 -1000 -10 -0.897258
Car -1 -1 0.00 38 100 86 118 -1 -1 -1 -1000 -1000 -1000 -10 -0.90201
Car -1 -1 0.00 840 240 879 254 -1 -1 -1 -1000 -1000 -1000 -10 -0.947954
Car -1 -1 0.00 185 75 209 103 -1 -1 -1 -1000 -1000 -1000 -10 -0.964589
Car -1 -1 0.00 917 131 964 165 -1 -1 -1 -1000 -1000 -1000 -10 -0.969576
Car -1 -1 0.00 1237 192 1278 251 -1 -1 -1 -1000 -1000 -1000 -10 -1.01251
Car -1 -1 0.00 793 130 824 143 -1 -1 -1 -1000 -1000 -1000 -10 -1.01708
Car -1 -1 0.00 566 152 592 163 -1 -1 -1 -1000 -1000 -1000 -10 -1.02562
