Car -1 -1 0.00 458 175 493 200 -1 -1 -1 -1000 -1000 -1000 -10 1.85135
Car -1 -1 0.00 365 172 421 213 -1 -1 -1 -1000 -1000 -1000 -10 1.47295
Car -1 -1 0.00 592 177 613 195 -1 -1 -1 -1000 -1000 -1000 -10 -0.134311
Car -1 -1 0.00 500 175 524 194 -1 -1 -1 -1000 -1000 -1000 -10 -0.201474
Car -1 -1 0.00 646 178 670 197 -1 -1 -1 -1000 -1000 -1000 -10 -0.726293
Car -1 -1 0.00 718 173 740 185 -1 -1 -1 -1000 -1000 -1000 -10 -0.851942
Car -1 -1 0.00 11 155 40 181 -1 -1 -1 -1000 -1000 -1000 -10 -0.865928
Car -1 -1 0.00 975 127 1054 169 -1 -1 -1 -1000 -1000 -1000 -10 -0.90018
Car -1 -1 0.00 298 346 323 358 -1 -1 -1 -1000 -1000 -1000 -10 -0.946505
Car -1 -1 0.00 991 80 1097 154 -1 -1 -1 -1000 -1000 -1000 -10 -0.972004
Car -1 -1 0.00 703 171 727 187 -1 -1 -1 -1000 -1000 -1000 -10 -1.00049
Car -1 -1 0.00 289 138 358 168 -1 -1 -1 -1000 -1000 -1000 -10 -1.0204
Car -1 -1 0.00 761 155 793 171 -1 -1 -1 -1000 -1000 -1000 -10 -1.02622
