Car -1 -1 0.00 426 185 482 229 -1 -1 -1 -1000 -1000 -1000 -10 1.54388
Car -1 -1 0.00 290 191 321 211 -1 -1 -1 -1000 -1000 -1000 -10 0.575934
Car -1 -1 0.00 438 327 475 368 -1 -1 -1 -1000 -1000 -1000 -10 -0.787128
Car -1 -1 0.00 27 212 52 233 -1 -1 -1 -1000 -1000 -1000 -10 -0.954102
Car -1 -1 0.00 352 96 379 122 -1 -1 -1 -1000 -1000 -1000 -10 -0.967569
Car -1 -1 0.00 1153 24 1189 36 -1 -1 -1 -1000 -1000 -1000 -10 -0.970339
Car -1 -1 0.00 407 84 454 97 -1 -1 -1 -1000 -1000 -1000 -10 -1.00503
Car -1 -1 0.00 30 61 58 82 -1 -1 -1 -1000 -1000 -1000 -10 -1.01454
Car -1 -1 0.00 806 92 834 114 -1 -1 -1 -1000 -1000 -1000 -10 -1.01745
Car -1 -1 0.00 104 82 130 108 -1 -1 -1 -1000 -1000 -1000 -10 -1.02514
