Car -1 -1 0.00 325 203 440 260 -1 -1 -1 -1000 -1000 -1000 -10 1.67994
Car -1 -1 0.00 503 192 542 221 -1 -1 -1 -1000 -1000 -1000 -10 1.03171
Car -1 -1 0.00 100 199 333 325 -1 -1 -1 -1000 -1000 -1000 -10 0.488729
Car -1 -1 0.00 105 196 340 323 -1 -1 -1 -1000 -1000 -1000 -10 -0.513172
Car -1 -1 0.00 354 197 433 258 -1 -1 -1 -1000 -1000 -1000 -10 -0.834777
Car -1 -1 0.00 718 219 753 252 -1 -1 -1 -1000 -1000 -1000 -10 -0.858432
Car -1 -1 0.00 901 252 1091 332 -1 -1 -1 -1000 -1000 -1000 -10 -0.865784
Car -1 -1 0.00 100 199 323 327 -1 -1 -1 -1000 -1000 -1000 -10 -0.944017
Car -1 -1 0.00 1023 127 1069 142 -1 -1 -1 -1000 -1000 -1000 -10 -0.995519
Car -1 -1 0.00 1099 183 1131 217 -1 -1 -1 -1000 -1000 -1000 -10 -1.00734
Car -1 -1 0.00 1098 291 1124 307 -1 -1 -1 -1000 -1000 -1000 -10 -1.02677
