Car -1 -1 0.00 537 176 563 202 -1 -1 -1 -1000 -1000 -1000 -10 0.319199
Car -1 -1 0.00 499 179 525 200 -1 -1 -1 -1000 -1000 -1000 -10 -0.142233
Car -1 -1 0.00 29 328 55 348 -1 -1 -1 -1000 -1000 -1000 -10 -0.772615
Car -1 -1 0.00 42 325 73 348 -1 -1 -1 -1000 -1000 -1000 -10 -0.867119
Car -1 -1 0.00 87 44 116 65 -1 -1 -1 -1000 -1000 -1000 -10 -0.89045
Car -1 -1 0.00 624 176 677 203 -1 -1 -1 -1000 -1000 -1000 -10 -0.906011
Car -1 -1 0.00 1095 -2 1139 13 -1 -1 -1 -1000 -1000 -1000 -10 -0.91097
Car -1 -1 0.00 427 159 477 207 -1 -1 -1 -1000 -1000 -1000 -10 -0.92923
Car -1 -1 0.00 1110 211 1148 236 -1 -1 -1 -1000 -1000 -1000 -10 -0.954786
Car -1 -1 0.00 1098 -2 1185 23 -1 -1 -1 -1000 -1000 -1000 -10 -0.972503
Car -1 -1 0.00 1157 -2 1202 14 -1 -1 -1 -1000 -1000 -1000 -10 -0.982461
Car -1 -1 0.00 274 195 323 214 -1 -1 -1 -1000 -1000 -1000 -10 -1.01733
Car -1 -1 0.00 950 -2 1048 25 -1 -1 -1 -1000 -1000 -1000 -10 -1.02106
Car -1 -1 0.00 879 341 909 362 -1 -1 -1 -1000 -1000 -1000 -10 -1.02469
