Car -1 -1 0.00 428 265 484 288 -1 -1 -1 -1000 -1000 -1000 -10 -0.805228
Car -1 -1 0.00 1178 231 1204 249 -1 -1 -1 -1000 -1000 -1000 -10 -0.831373
Car -1 -1 0.00 551 277 588 315 -1 -1 -1 -1000 -1000 -1000 -10 -0.92282
Car -1 -1 0.00 633 333 683 369 -1 -1 -1 -1000 -1000 -1000 -10 -0.935001
Car -1 -1 0.00 951 13 979 32 -1 -1 -1 -1000 -1000 -1000 -10 -0.9683
Car -1 -1 0.00 603 344 638 380 -1 -1 -1 -1000 -1000 -1000 -10 -0.977702
Car -1 -1 0.00 1144 211 1182 246 -1 -1 -1 -1000 -1000 -1000 -10 -0.993763
Car -1 -1 0.00 106 90 182 127 -1 -1 -1 -1000 -1000 -1000 -10 -0.999874
Car -1 -1 0.00 88 91 156 163 -1 -1 -1 -1000 -1000 -1000 -10 -1.00988
Car -1 -1 0.00 341 8 388 25 -1 -1 -1 -1000 -1000 -1000 -10 -1.01785
Car -1 -1 0.00 443 169 470 183 -1 -1 -1 -1000 -1000 -1000 -10 -1.02454
