Car -1 -1 0.00 431 265 483 288 -1 -1 -1 -1000 -1000 -1000 -10 -0.85033
Car -1 -1 0.00 900 48 955 68 -1 -1 -1 -1000 -1000 -1000 -10 -0.884344
Car -1 -1 0.00 582 275 627 326 -1 -1 -1 -1000 -1000 -1000 -10 -0.961497
Car -1 -1 0.00 489 287 523 316 -1 -1 -1 -1000 -1000 -1000 -10 -0.970081
Car -1 -1 0.00 704 51 748 68 -1 -1 -1 -1000 -1000 -1000 -10 -0.971211
Car -1 -1 0.00 545 303 599 362 -1 -1 -1 -1000 -1000 -1000 -10 -0.984427
Car -1 -1 0.00 390 271 418 303 -1 -1 -1 -1000 -1000 -1000 -10 -0.989411
Car -1 -1 0.00 1145 211 1182 245 -1 -1 -1 -1000 -1000 -1000 -10 -0.997973
Car -1 -1 0.00 167 10 226 38 -1 -1 -1 -1000 -1000 -1000 -10 -0.998187
Car -1 -1 0.00 116 91 176 119 -1 -1 -1 -1000 -1000 -1000 -10 -1.00397
Car -1 -1 0.00 633 334 683 370 -1 -1 -1 -1000 -1000 -1000 -10 -1.00569
Car -1 -1 0.00 1168 107 1197 139 -1 -1 -1 -1000 -1000 -1000 -10 -1.00894
Car -1 -1 0.00 1021 16 1078 34 -1 -1 -1 -1000 -1000 -1000 -10 -1.0227
Car -1 -1 0.00 383 110 539 183 -1 -1 -1 -1000 -1000 -1000 -10 -1.02658
Car -1 -1 0.00 107 52 158 79 -1 -1 -1 -1000 -1000 -1000 -10 -1.02793
Car -1 -1 0.00 92 100 143 129 -1 -1 -1 -1000 -1000 -1000 -10 -1.02998
