Car -1 -1 0.00 599 178 645 218 -1 -1 -1 -1000 -1000 -1000 -10 0.698818
Car -1 -1 0.00 335 186 477 285 -1 -1 -1 -1000 -1000 -1000 -10 0.195995
Car -1 -1 0.00 560 173 589 197 -1 -1 -1 -1000 -1000 -1000 -10 -0.500736
Car -1 -1 0.00 610 179 640 199 -1 -1 -1 -1000 -1000 -1000 -10 -0.948617
Car -1 -1 0.00 1160 75 1186 96 -1 -1 -1 -1000 -1000 -1000 -10 -0.965497
Car -1 -1 0.00 967 304 1010 318 -1 -1 -1 -1000 -1000 -1000 -10 -0.970549
Car -1 -1 0.00 677 147 715 178 -1 -1 -1 -1000 -1000 -1000 -10 -0.996246
Car -1 -1 0.00 891 174 928 213 -1 -1 -1 -1000 -1000 -1000 -10 -0.998267
Car -1 -1 0.00 678 134 723 187 -1 -1 -1 -1000 -1000 -1000 -10 -1.00941
Car -1 -1 0.00 293 231 473 362 -1 -1 -1 -1000 -1000 -1000 -10 -1.01712
Car -1 -1 0.00 1051 22 1087 34 -1 -1 -1 -1000 -1000 -1000 -10 -1.0184
