Car -1 -1 0.00 455 177 504 212 -1 -1 -1 -1000 -1000 -1000 -10 0.871353
Car -1 -1 0.00 914 159 939 183 -1 -1 -1 -1000 -1000 -1000 -10 -0.785701
Car -1 -1 0.00 1141 254 1169 266 -1 -1 -1 -1000 -1000 -1000 -10 -0.832099
Car -1 -1 0.00 623 343 653 367 -1 -1 -1 -1000 -1000 -1000 -10 -0.901363
Car -1 -1 0.00 150 207 190 247 -1 -1 -1 -1000 -1000 -1000 -10 -0.933232
Car -1 -1 0.00 105 355 146 369 -1 -1 -1 -1000 -1000 -1000 -10 -0.936796
Car -1 -1 0.00 1161 39 1199 55 -1 -1 -1 -1000 -1000 -1000 -10 -0.947633
Car -1 -1 0.00 818 158 843 181 -1 -1 -1 -1000 -1000 -1000 -10 -0.966685
Car -1 -1 0.00 324 246 356 265 -1 -1 -1 -1000 -1000 -1000 -10 -1.00427
Car -1 -1 0.00 110 293 136 322 -1 -1 -1 -1000 -1000 -1000 -10 -1.01171
Car -1 -1 0.00 51 341 102 357 -1 -1 -1 -1000 -1000 -1000 -10 -1.01213
Car -1 -1 0.00 755 348 779 367 -1 -1 -1 -1000 -1000 -1000 -10 -1.01378
Car -1 -1 0.00 1168 79 1217 95 -1 -1 -1 -1000 -1000 -1000 -10 -1.02155
Car -1 -1 0.00 822 98 858 110 -1 -1 -1 -1000 -1000 -1000 -10 -1.02337
Car -1 -1 0.00 688 121 739 145 -1 -1 -1 -1000 -1000 -1000 -10 -1.02435
Car -1 -1 0.00 1014 172 1058 194 -1 -1 -1 -1000 -1000 -1000 -10 -1.02924
