Car -1 -1 0.00 1178 229 1205 249 -1 -1 -1 -1000 -1000 -1000 -10 -0.667122
Car -1 -1 0.00 838 208 862 231 -1 -1 -1 -1000 -1000 -1000 -10 -0.869674
Car -1 -1 0.00 642 361 676 375 -1 -1 -1 -1000 -1000 -1000 -10 -0.883984
Car -1 -1 0.00 529 266 558 300 -1 -1 -1 -1000 -1000 -1000 -10 -0.974581
Car -1 -1 0.00 1139 206 1183 246 -1 -1 -1 -1000 -1000 -1000 -10 -0.978735
Car -1 -1 0.00 553 279 588 319 -1 -1 -1 -1000 -1000 -1000 -10 -0.991102
Car -1 -1 0.00 632 329 683 369 -1 -1 -1 -1000 -1000 -1000 -10 -1.01435
Car -1 -1 0.00 167 10 226 38 -1 -1 -1 -1000 -1000 -1000 -10 -1.01558
Car -1 -1 0.00 106 90 183 128 -1 -1 -1 -1000 -1000 -1000 -10 -1.01702
Car -1 -1 0.00 603 344 638 380 -1 -1 -1 -1000 -1000 -1000 -10 -1.02389
Car -1 -1 0.00 916 28 972 52 -1 -1 -1 -1000 -1000 -1000 -10 -1.02549
