Car -1 -1 0.00 310 219 340 236 -1 -1 -1 -1000 -1000 -1000 -10 -0.914201
Car -1 -1 0.00 1132 232 1157 252 -1 -1 -1 -1000 -1000 -1000 -10 -0.933145
Car -1 -1 0.00 403 65 432 96 -1 -1 -1 -1000 -1000 -1000 -10 -0.946702
Car -1 -1 0.00 1095 323 1119 347 -1 -1 -1 -1000 -1000 -1000 -10 -0.980318
Car -1 -1 0.00 588 336 613 360 -1 -1 -1 -1000 -1000 -1000 -10 -0.984739
Car -1 -1 0.00 1149 306 1197 319 -1 -1 -1 -1000 -1000 -1000 -10 -0.993333
Car -1 -1 0.00 431 16 468 28 -1 -1 -1 -1000 -1000 -1000 -10 -1.00739
Car -1 -1 0.00 431 26 468 37 -1 -1 -1 -1000 -1000 -1000 -10 -1.01416
Car -1 -1 0.00 824 110 859 136 -1 -1 -1 -1000 -1000 -1000 -10 -1.01676
Car -1 -1 0.00 1091 139 1118 168 -1 -1 -1 -1000 -1000 -1000 -10 -1.02098
Car -1 -1 0.00 422 74 450 101 -1 -1 -1 -1000 -1000 -1000 -10 -1.02382
Car -1 -1 0.00 415 15 457 29 -1 -1 -1 -1000 -1000 -1000 -10 -1.02622
Car -1 -1 0.00 418 30 452 41 -1 -1 -1 -1000 -1000 -1000 -10 -1.02677
Car -1 -1 0.00 416 24 450 35 -1 -1 -1 -1000 -1000 -1000 -10 -1.02813
