Car -1 -1 0.00 675 183 753 235 -1 -1 -1 -1000 -1000 -1000 -10 2.04315
Car -1 -1 0.00 113 188 229 233 -1 -1 -1 -1000 -1000 -1000 -10 0.838944
Car -1 -1 0.00 373 181 406 204 -1 -1 -1 -1000 -1000 -1000 -10 0.483548
Car -1 -1 0.00 204 184 274 221 -1 -1 -1 -1000 -1000 -1000 -10 0.407253
Car -1 -1 0.00 264 187 324 217 -1 -1 -1 -1000 -1000 -1000 -10 0.277339
Car -1 -1 0.00 298 185 358 211 -1 -1 -1 -1000 -1000 -1000 -10 -0.638285
Car -1 -1 0.00 653 182 700 214 -1 -1 -1 -1000 -1000 -1000 -10 -0.68083
Car -1 -1 0.00 337 182 374 208 -1 -1 -1 -1000 -1000 -1000 -10 -0.723444
Car -1 -1 0.00 214 186 274 224 -1 -1 -1 -1000 -1000 -1000 -10 -0.780652
Car -1 -1 0.00 855 39 886 56 -1 -1 -1 -1000 -1000 -1000 -10 -0.926375
Car -1 -1 0.00 929 276 997 298 -1 -1 -1 -1000 -1000 -1000 -10 -0.96239
Car -1 -1 0.00 18 191 56 219 -1 -1 -1 -1000 -1000 -1000 -10 -0.978375
Car -1 -1 0.00 1040 42 1067 63 -1 -1 -1 -1000 -1000 -1000 -10 -0.998873
Car -1 -1 0.00 1038 154 1063 166 -1 -1 -1 -1000 -1000 -1000 -10 -1.0063
Car -1 -1 0.00 877 183 941 199 -1 -1 -1 -1000 -1000 -1000 -10 -1.0091
Car -1 -1 0.00 464 119 517 136 -1 -1 -1 -1000 -1000 -1000 -10 -1.0126
Car -1 -1 0.00 507 160 546 172 -1 -1 -1 -1000 -1000 -1000 -10 -1.01812
Car -1 -1 0.00 981 365 1009 384 -1 -1 -1 -1000 -1000 -1000 -10 -1.01852
