Car -1 -1 0.00 587 195 772 309 -1 -1 -1 -1000 -1000 -1000 -10 1.39728
Car -1 -1 0.00 301 206 390 278 -1 -1 -1 -1000 -1000 -1000 -10 0.257927
Car -1 -1 0.00 368 199 419 244 -1 -1 -1 -1000 -1000 -1000 -10 -0.225913
Car -1 -1 0.00 674 211 1127 373 -1 -1 -1 -1000 -1000 -1000 -10 -0.226983
Car -1 -1 0.00 420 193 445 217 -1 -1 -1 -1000 -1000 -1000 -10 -0.651842
Car -1 -1 0.00 199 186 243 204 -1 -1 -1 -1000 -1000 -1000 -10 -0.748476
Car -1 -1 0.00 509 194 564 235 -1 -1 -1 -1000 -1000 -1000 -10 -0.809594
Car -1 -1 0.00 563 194 660 279 -1 -1 -1 -1000 -1000 -1000 -10 -0.822955
Car -1 -1 0.00 1109 -5 1140 21 -1 -1 -1 -1000 -1000 -1000 -10 -0.936101
Car -1 -1 0.00 962 169 1176 316 -1 -1 -1 -1000 -1000 -1000 -10 -0.970887
Car -1 -1 0.00 756 133 813 175 -1 -1 -1 -1000 -1000 -1000 -10 -0.991683
Car -1 -1 0.00 735 116 765 132 -1 -1 -1 -1000 -1000 -1000 -10 -0.998539
Car -1 -1 0.00 787 156 836 182 -1 -1 -1 -1000 -1000 -1000 -10 -1.00147
Car -1 -1 0.00 508 166 602 236 -1 -1 -1 -1000 -1000 -1000 -10 -1.00254
Car -1 -1 0.00 19 75 56 91 -1 -1 -1 -1000 -1000 -1000 -10 -1.01857
Car -1 -1 0.00 147 215 246 241 -1 -1 -1 -1000 -1000 -1000 -10 -1.01979
Car -1 -1 0.00 1193 238 1273 273 -1 -1 -1 -1000 -1000 -1000 -10 -1.02101
