Car -1 -1 0.00 499 185 639 259 -1 -1 -1 -1000 -1000 -1000 -10 1.64692
Car -1 -1 0.00 816 175 933 272 -1 -1 -1 -1000 -1000 -1000 -10 1.03038
Car -1 -1 0.00 686 170 794 229 -1 -1 -1 -1000 -1000 -1000 -10 0.203593
Car -1 -1 0.00 957 177 983 195 -1 -1 -1 -1000 -1000 -1000 -10 -0.163268
Car -1 -1 0.00 986 179 1020 201 -1 -1 -1 -1000 -1000 -1000 -10 -0.346869
Car -1 -1 0.00 800 176 861 213 -1 -1 -1 -1000 -1000 -1000 -10 -0.383259
Car -1 -1 0.00 686 168 759 228 -1 -1 -1 -1000 -1000 -1000 -10 -0.524388
Car -1 -1 0.00 145 134 220 172 -1 -1 -1 -1000 -1000 -1000 -10 -0.813952
Car -1 -1 0.00 194 287 308 321 -1 -1 -1 -1000 -1000 -1000 -10 -0.893398
Car -1 -1 0.00 914 178 949 201 -1 -1 -1 -1000 -1000 -1000 -10 -1.00575
Car -1 -1 0.00 955 261 1084 305 -1 -1 -1 -1000 -1000 -1000 -10 -1.01009
