Car -1 -1 0.00 233 196 417 310 -1 -1 -1 -1000 -1000 -1000 -10 0.711938
Car -1 -1 0.00 468 178 504 203 -1 -1 -1 -1000 -1000 -1000 -10 0.462781
Car -1 -1 0.00 374 173 499 245 -1 -1 -1 -1000 -1000 -1000 -10 -0.635967
Car -1 -1 0.00 207 213 235 234 -1 -1 -1 -1000 -1000 -1000 -10 -0.701382
Car -1 -1 0.00 458 170 504 201 -1 -1 -1 -1000 -1000 -1000 -10 -0.723835
Car -1 -1 0.00 980 165 1052 193 -1 -1 -1 -1000 -1000 -1000 -10 -0.798884
Car -1 -1 0.00 955 167 988 193 -1 -1 -1 -1000 -1000 -1000 -10 -0.86198
Car -1 -1 0.00 1004 334 1029 353 -1 -1 -1 -1000 -1000 -1000 -10 -0.948291
Car -1 -1 0.00 245 228 284 251 -1 -1 -1 -1000 -1000 -1000 -10 -0.971171
Car -1 -1 0.00 554 188 741 317 -1 -1 -1 -1000 -1000 -1000 -10 -0.997021
Car -1 -1 0.00 290 85 378 110 -1 -1 -1 -1000 -1000 -1000 -10 -1.0005
Car -1 -1 0.00 26 325 53 342 -1 -1 -1 -1000 -1000 -1000 -10 -1.00751
Car -1 -1 0.00 803 349 831 374 -1 -1 -1 -1000 -1000 -1000 -10 -1.00901
Car -1 -1 0.00 1117 172 1141 199 -1 -1 -1 -1000 -1000 -1000 -10 -1.02383
Car -1 -1 0.00 853 312 890 323 -1 -1 -1 -1000 -1000 -1000 -10 -1.02751
Car -1 -1 0.00 487 223 554 244 -1 -1 -1 -1000 -1000 -1000 -10 -1.02788
