Car -1 -1 0.00 512 166 631 210 -1 -1 -1 -1000 -1000 -1000 -10 1.13118
Car -1 -1 0.00 104 183 241 222 -1 -1 -1 -1000 -1000 -1000 -10 0.300252
Car -1 -1 0.00 517 164 627 204 -1 -1 -1 -1000 -1000 -1000 -10 -0.335045
Car -1 -1 0.00 472 172 541 201 -1 -1 -1 -1000 -1000 -1000 -10 -0.476965
Car -1 -1 0.00 183 40 210 68 -1 -1 -1 -1000 -1000 -1000 -10 -0.810858
Car -1 -1 0.00 1053 88 1098 121 -1 -1 -1 -1000 -1000 -1000 -10 -0.812624
Car -1 -1 0.00 832 167 900 197 -1 -1 -1 -1000 -1000 -1000 -10 -0.892359
Car -1 -1 0.00 354 196 399 229 -1 -1 -1 -1000 -1000 -1000 -10 -0.911269
Car -1 -1 0.00 473 174 502 201 -1 -1 -1 -1000 -1000 -1000 -10 -0.920696
Car -1 -1 0.00 941 55 1159 120 -1 -1 -1 -1000 -1000 -1000 -10 -0.98834
Car -1 -1 0.00 43 64 70 76 -1 -1 -1 -1000 -1000 -1000 -10 -1.00501
Car -1 -1 0.00 40 93 94 113 -1 -1 -1 -1000 -1000 -1000 -10 -1.00746
Car -1 -1 0.00 38 10 64 33 -1 -1 -1 -1000 -1000 -1000 -10 -1.0103
Car -1 -1 0.00 1196 259 1231 281 -1 -1 -1 -1000 -1000 -1000 -10 -1.01744
Car -1 -1 0.00 1151 333 1185 348 -1 -1 -1 -1000 -1000 -1000 -10 -1.02587
