Car -1 -1 0.00 725 184 879 289 -1 -1 -1 -1000 -1000 -1000 -10 1.61187
Car -1 -1 0.00 659 173 718 212 -1 -1 -1 -1000 -1000 -1000 -10 0.544315
Car -1 -1 0.00 465 167 561 210 -1 -1 -1 -1000 -1000 -1000 -10 0.271624
Car -1 -1 0.00 850 182 1187 374 -1 -1 -1 -1000 -1000 -1000 -10 0.057763
Car -1 -1 0.00 715 181 796 237 -1 -1 -1 -1000 -1000 -1000 -10 -0.481888
Car -1 -1 0.00 684 168 763 227 -1 -1 -1 -1000 -1000 -1000 -10 -0.570805
Car -1 -1 0.00 651 172 683 199 -1 -1 -1 -1000 -1000 -1000 -10 -0.580914
Car -1 -1 0.00 850 201 949 262 -1 -1 -1 -1000 -1000 -1000 -10 -0.799801
Car -1 -1 0.00 1056 162 1083 193 -1 -1 -1 -1000 -1000 -1000 -10 -0.871826
Car -1 -1 0.00 183 155 463 337 -1 -1 -1 -1000 -1000 -1000 -10 -0.889566
Car -1 -1 0.00 103 57 130 86 -1 -1 -1 -1000 -1000 -1000 -10 -0.899525
Car -1 -1 0.00 30 38 56 59 -1 -1 -1 -1000 -1000 -1000 -10 -0.968304
Car -1 -1 0.00 772 105 803 121 -1 -1 -1 -1000 -1000 -1000 -10 -0.983978
Car -1 -1 0.00 192 101 220 128 -1 -1 -1 -1000 -1000 -1000 -10 -0.985499
Car -1 -1 0.00 772 97 803 114 -1 -1 -1 -1000 -1000 -1000 -10 -0.994001
Car -1 -1 0.00 566 165 631 184 -1 -1 -1 -1000 -1000 -1000 -10 -1.00801
