Car -1 -1 0.00 124 177 232 246 -1 -1 -1 -1000 -1000 -1000 -10 1.71339
Car -1 -1 0.00 859 165 1024 226 -1 -1 -1 -1000 -1000 -1000 -10 0.562519
Car -1 -1 0.00 656 176 736 234 -1 -1 -1 -1000 -1000 -1000 -10 0.288376
Car -1 -1 0.00 1025 160 1179 220 -1 -1 -1 -1000 -1000 -1000 -10 0.0923525
Car -1 -1 0.00 768 186 842 217 -1 -1 -1 -1000 -1000 -1000 -10 0.063096
Car -1 -1 0.00 468 179 570 226 -1 -1 -1 -1000 -1000 -1000 -10 0.00501451
Car -1 -1 0.00 391 177 484 217 -1 -1 -1 -1000 -1000 -1000 -10 -0.63265
Car -1 -1 0.00 814 139 843 167 -1 -1 -1 -1000 -1000 -1000 -10 -0.740458
Car -1 -1 0.00 309 182 387 212 -1 -1 -1 -1000 -1000 -1000 -10 -0.752364
Car -1 -1 0.00 771 180 867 214 -1 -1 -1 -1000 -1000 -1000 -10 -0.814043
Car -1 -1 0.00 598 181 710 211 -1 -1 -1 -1000 -1000 -1000 -10 -0.848244
Car -1 -1 0.00 430 180 527 223 -1 -1 -1 -1000 -1000 -1000 -10 -0.852912
Car -1 -1 0.00 819 176 917 216 -1 -1 -1 -1000 -1000 -1000 -10 -0.892193
Car -1 -1 0.00 518 185 624 227 -1 -1 -1 -1000 -1000 -1000 -10 -0.918784
Car -1 -1 0.00 924 166 1126 224 -1 -1 -1 -1000 -1000 -1000 -10 -0.926176
Car -1 -1 0.00 804 103 829 124 -1 -1 -1 -1000 -1000 -1000 -10 -0.944104
Car -1 -1 0.00 405 281 489 315 -1 -1 -1 -1000 -1000 -1000 -10 -0.986997
Car -1 -1 0.00 602 152 666 170 -1 -1 -1 -1000 -1000 -1000 -10 -0.98746
Car -1 -1 0.00 55 214 83 238 -1 -1 -1 -1000 -1000 -1000 -10 -1.00936
Car -1 -1 0.00 715 362 749 374 -1 -1 -1 -1000 -1000 -1000 -10 -1.0131
Car -1 -1 0.00 504 181 545 193 -1 -1 -1 -1000 -1000 -1000 -10 -1.02645
Car -1 -1 0.00 455 234 480 261 -1 -1 -1 -1000 -1000 -1000 -10 -1.02962
