Car -1 -1 0.00 450 186 524 232 -1 -1 -1 -1000 -1000 -1000 -10 1.80743
Car -1 -1 0.00 505 187 538 210 -1 -1 -1 -1000 -1000 -1000 -10 0.349844
Car -1 -1 0.00 638 183 664 208 -1 -1 -1 -1000 -1000 -1000 -10 0.303069
Car -1 -1 0.00 539 183 567 199 -1 -1 -1 -1000 -1000 -1000 -10 -0.647129
Car -1 -1 0.00 1138 97 1165 110 -1 -1 -1 -1000 -1000 -1000 -10 -0.908904
Car -1 -1 0.00 475 268 512 297 -1 -1 -1 -1000 -1000 -1000 -10 -0.932004
Car -1 -1 0.00 832 235 868 256 -1 -1 -1 -1000 -1000 -1000 -10 -0.934418
Car -1 -1 0.00 1045 -21 1090 30 -1 -1 -1 -1000 -1000 -1000 -10 -0.976578
Car -1 -1 0.00 121 217 166 259 -1 -1 -1 -1000 -1000 -1000 -10 -0.98753
Car -1 -1 0.00 806 302 835 329 -1 -1 -1 -1000 -1000 -1000 -10 -1.0021
Car -1 -1 0.00 915 -21 986 26 -1 -1 -1 -1000 -1000 -1000 -10 -1.00493
Car -1 -1 0.00 202 237 258 254 -1 -1 -1 -1000 -1000 -1000 -10 -1.02534
