Car -1 -1 0.00 555 169 643 238 -1 -1 -1 -1000 -1000 -1000 -10 1.25301
Car -1 -1 0.00 289 180 409 213 -1 -1 -1 -1000 -1000 -1000 -10 0.908935
Car -1 -1 0.00 464 172 494 202 -1 -1 -1 -1000 -1000 -1000 -10 0.203925
Car -1 -1 0.00 908 172 1034 229 -1 -1 -1 -1000 -1000 -1000 -10 -0.0547144
Car -1 -1 0.00 705 174 762 215 -1 -1 -1 -1000 -1000 -1000 -10 -0.0717714
Car -1 -1 0.00 284 181 413 223 -1 -1 -1 -1000 -1000 -1000 -10 -0.810728
Car -1 -1 0.00 691 229 727 257 -1 -1 -1 -1000 -1000 -1000 -10 -0.851981
Car -1 -1 0.00 54 15 80 36 -1 -1 -1 -1000 -1000 -1000 -10 -0.873787
Car -1 -1 0.00 773 228 809 252 -1 -1 -1 -1000 -1000 -1000 -10 -0.881615
Car -1 -1 0.00 329 252 392 281 -1 -1 -1 -1000 -1000 -1000 -10 -0.948416
Car -1 -1 0.00 138 22 164 42 -1 -1 -1 -1000 -1000 -1000 -10 -0.955874
Car -1 -1 0.00 347 347 381 374 -1 -1 -1 -1000 -1000 -1000 -10 -0.961314
Car -1 -1 0.00 324 355 361 370 -1 -1 -1 -1000 -1000 -1000 -10 -0.975562
Car -1 -1 0.00 403 172 447 193 -1 -1 -1 -1000 -1000 -1000 -10 -0.99625
Car -1 -1 0.00 763 233 786 249 -1 -1 -1 -1000 -1000 -1000 -10 -1.00836
Car -1 -1 0.00 1087 297 1124 328 -1 -1 -1 -1000 -1000 -1000 -10 -1.02231
Car -1 -1 0.00 368 349 394 361 -1 -1 -1 -1000 -1000 -1000 -10 -1.02554
