Car -1 -1 0.00 746 179 929 288 -1 -1 -1 -1000 -1000 -1000 -10 0.995526
Car -1 -1 0.00 528 180 558 198 -1 -1 -1 -1000 -1000 -1000 -10 0.310109
Car -1 -1 0.00 140 159 289 219 -1 -1 -1 -1000 -1000 -1000 -10 -0.615708
Car -1 -1 0.00 741 172 938 284 -1 -1 -1 -1000 -1000 -1000 -10 -0.87202
Car -1 -1 0.00 725 60 754 89 -1 -1 -1 -1000 -1000 -1000 -10 -0.905295
Car -1 -1 0.00 91 75 124 99 -1 -1 -1 -1000 -1000 -1000 -10 -0.956615
Car -1 -1 0.00 974 117 1010 146 -1 -1 -1 -1000 -1000 -1000 -10 -0.95737
Car -1 -1 0.00 377 179 408 192 -1 -1 -1 -1000 -1000 -1000 -10 -1.0182
Car -1 -1 0.00 18 33 75 49 -1 -1 -1 -1000 -1000 -1000 -10 -1.02824
Car -1 -1 0.00 549 175 591 189 -1 -1 -1 -1000 -1000 -1000 -10 -1.02846
