Car -1 -1 0.00 326 107 378 145 -1 -1 -1 -1000 -1000 -1000 -10 -0.781947
Car -1 -1 0.00 664 361 694 382 -1 -1 -1 -1000 -1000 -1000 -10 -0.824112
Car -1 -1 0.00 308 125 377 147 -1 -1 -1 -1000 -1000 -1000 -10 -0.885889
Car -1 -1 0.00 741 155 770 180 -1 -1 -1 -1000 -1000 -1000 -10 -0.940415
Car -1 -1 0.00 1087 108 1121 120 -1 -1 -1 -1000 -1000 -1000 -10 -0.956175
Car -1 -1 0.00 1003 28 1026 47 -1 -1 -1 -1000 -1000 -1000 -10 -0.98325
Car -1 -1 0.00 675 94 702 123 -1 -1 -1 -1000 -1000 -1000 -10 -0.997849
Car -1 -1 0.00 1056 126 1098 141 -1 -1 -1 -1000 -1000 -1000 -10 -1.005
Car -1 -1 0.00 656 95 703 118 -1 -1 -1 -1000 -1000 -1000 -10 -1.01618
Car -1 -1 0.00 147 147 173 168 -1 -1 -1 -1000 -1000 -1000 -10 -1.01796
Car -1 -1 0.00 1172 120 1217 150 -1 -1 -1 -1000 -1000 -1000 -10 -1.018
Car -1 -1 0.00 419 232 467 277 -1 -1 -1 -1000 -1000 -1000 -10 -1.02064
