Car -1 -1 0.00 1022 91 1132 123 -1 -1 -1 -1000 -1000 -1000 -10 -0.801264
Car -1 -1 0.00 949 333 1047 369 -1 -1 -1 -1000 -1000 -1000 -10 -0.802585
Car -1 -1 0.00 791 115 833 134 -1 -1 -1 -1000 -1000 -1000 -10 -0.836282
Car -1 -1 0.00 104 90 188 128 -1 -1 -1 -1000 -1000 -1000 -10 -0.911177
Car -1 -1 0.00 914 103 969 129 -1 -1 -1 -1000 -1000 -1000 -10 -0.97105
Car -1 -1 0.00 553 279 587 318 -1 -1 -1 -1000 -1000 -1000 -10 -0.985369
Car -1 -1 0.00 611 347 638 369 -1 -1 -1 -1000 -1000 -1000 -10 -1.00444
Car -1 -1 0.00 442 169 470 183 -1 -1 -1 -1000 -1000 -1000 -10 -1.00995
Car -1 -1 0.00 1139 205 1183 245 -1 -1 -1 -1000 -1000 -1000 -10 -1.02316
Car -1 -1 0.00 345 270 382 281 -1 -1 -1 -1000 -1000 -1000 -10 -1.02798
