Car -1 -1 0.00 495 174 602 209 -1 -1 -1 -1000 -1000 -1000 -10 1.5714
Car -1 -1 0.00 155 185 320 243 -1 -1 -1 -1000 -1000 -1000 -10 0.134909
Car -1 -1 0.00 837 171 892 206 -1 -1 -1 -1000 -1000 -1000 -10 -0.818086
Car -1 -1 0.00 182 41 210 70 -1 -1 -1 -1000 -1000 -1000 -10 -0.833852
Car -1 -1 0.00 38 101 86 118 -1 -1 -1 -1000 -1000 -1000 -10 -0.901104
Car -1 -1 0.00 369 241 455 266 -1 -1 -1 -1000 -1000 -1000 -10 -0.974065
Car -1 -1 0.00 1132 331 1158 352 -1 -1 -1 -1000 -1000 -1000 -10 -0.979492
Car -1 -1 0.00 842 240 881 254 -1 -1 -1 -1000 -1000 -1000 -10 -0.985587
Car -1 -1 0.00 566 152 592 163 -1 -1 -1 -1000 -1000 -1000 -10 -0.987089
Car -1 -1 0.00 963 75 993 106 -1 -1 -1 -1000 -1000 -1000 -10 -0.991467
Car -1 -1 0.00 919 130 964 165 -1 -1 -1 -1000 -1000 -1000 -10 -0.992261
Car -1 -1 0.00 185 76 209 103 -1 -1 -1 -1000 -1000 -1000 -10 -0.995362
Car -1 -1 0.00 377 177 404 200 -1 -1 -1 -1000 -1000 -1000 -10 -0.998418
Car -1 -1 0.00 475 164 524 199 -1 -1 -1 -1000 -1000 -1000 -10 -1.00436
Car -1 -1 0.00 1236 192 1279 251 -1 -1 -1 -1000 -1000 -1000 -10 -1.02396
