Car -1 -1 0.00 476 186 543 236 -1 -1 -1 -1000 -1000 -1000 -10 0.92285
Car -1 -1 0.00 356 170 490 287 -1 -1 -1 -1000 -1000 -1000 -10 0.3546
Car -1 -1 0.00 552 178 584 197 -1 -1 -1 -1000 -1000 -1000 -10 -0.200429
Car -1 -1 0.00 782 294 824 321 -1 -1 -1 -1000 -1000 -1000 -10 -0.853442
Car -1 -1 0.00 35 220 323 332 -1 -1 -1 -1000 -1000 -1000 -10 -0.939034
Car -1 -1 0.00 963 196 1005 214 -1 -1 -1 -1000 -1000 -1000 -10 -0.957836
Car -1 -1 0.00 46 301 77 337 -1 -1 -1 -1000 -1000 -1000 -10 -0.977575
Car -1 -1 0.00 953 186 1018 206 -1 -1 -1 -1000 -1000 -1000 -10 -0.987099
Car -1 -1 0.00 775 47 811 61 -1 -1 -1 -1000 -1000 -1000 -10 -1.00143
Car -1 -1 0.00 135 100 165 139 -1 -1 -1 -1000 -1000 -1000 -10 -1.02384
Car -1 -1 0.00 66 47 91 70 -1 -1 -1 -1000 -1000 -1000 -10 -1.02476
Car -1 -1 0.00 875 158 910 170 -1 -1 -1 -1000 -1000 -1000 -10 -1.02843
