Car -1 -1 0.00 209 207 373 316 -1 -1 -1 -1000 -1000 -1000 -10 0.723131
Car -1 -1 0.00 573 184 647 217 -1 -1 -1 -1000 -1000 -1000 -10 -0.465288
Car -1 -1 0.00 858 195 1117 352 -1 -1 -1 -1000 -1000 -1000 -10 -0.527659
Car -1 -1 0.00 563 183 603 213 -1 -1 -1 -1000 -1000 -1000 -10 -0.567684
Car -1 -1 0.00 664 185 743 240 -1 -1 -1 -1000 -1000 -1000 -10 -0.638111
Car -1 -1 0.00 740 192 936 267 -1 -1 -1 -1000 -1000 -1000 -10 -0.639129
Car -1 -1 0.00 663 184 772 232 -1 -1 -1 -1000 -1000 -1000 -10 -0.716005
Car -1 -1 0.00 402 180 433 200 -1 -1 -1 -1000 -1000 -1000 -10 -0.795042
Car -1 -1 0.00 722 188 823 259 -1 -1 -1 -1000 -1000 -1000 -10 -0.826875
Car -1 -1 0.00 626 187 731 230 -1 -1 -1 -1000 -1000 -1000 -10 -0.844752
Car -1 -1 0.00 926 210 1243 353 -1 -1 -1 -1000 -1000 -1000 -10 -0.8838
Car -1 -1 0.00 524 183 551 202 -1 -1 -1 -1000 -1000 -1000 -10 -0.903998
Car -1 -1 0.00 791 203 1029 304 -1 -1 -1 -1000 -1000 -1000 -10 -0.914033
Car -1 -1 0.00 -1 53 89 84 -1 -1 -1 -1000 -1000 -1000 -10 -0.946013
Car -1 -1 0.00 293 355 331 371 -1 -1 -1 -1000 -1000 -1000 -10 -0.985288
