Car -1 -1 0.00 541 177 572 201 -1 -1 -1 -1000 -1000 -1000 -10 1.75617
Car -1 -1 0.00 696 175 843 231 -1 -1 -1 -1000 -1000 -1000 -10 0.354197
Car -1 -1 0.00 847 174 1147 365 -1 -1 -1 -1000 -1000 -1000 -10 -0.47619
Car -1 -1 0.00 597 237 621 260 -1 -1 -1 -1000 -1000 -1000 -10 -0.746571
Car -1 -1 0.00 638 142 688 187 -1 -1 -1 -1000 -1000 -1000 -10 -0.808778
Car -1 -1 0.00 401 195 489 257 -1 -1 -1 -1000 -1000 -1000 -10 -0.920676
Car -1 -1 0.00 856 181 893 212 -1 -1 -1 -1000 -1000 -1000 -10 -0.977901
Car -1 -1 0.00 794 229 824 241 -1 -1 -1 -1000 -1000 -1000 -10 -0.981087
Car -1 -1 0.00 869 104 902 129 -1 -1 -1 -1000 -1000 -1000 -10 -0.990028
Car -1 -1 0.00 617 229 661 272 -1 -1 -1 -1000 -1000 -1000 -10 -0.992324
Car -1 -1 0.00 723 -6 792 10 -1 -1 -1 -1000 -1000 -1000 -10 -1.00739
Car -1 -1 0.00 613 231 643 260 -1 -1 -1 -1000 -1000 -1000 -10 -1.01453
Car -1 -1 0.00 658 175 732 207 -1 -1 -1 -1000 -1000 -1000 -10 -1.01871
