Car -1 -1 0.00 843 161 932 185 -1 -1 -1 -1000 -1000 -1000 -10 0.952227
Car -1 -1 0.00 544 171 569 187 -1 -1 -1 -1000 -1000 -1000 -10 0.506712
Car -1 -1 0.00 636 162 708 186 -1 -1 -1 -1000 -1000 -1000 -10 -0.224517
Car -1 -1 0.00 472 345 524 374 -1 -1 -1 -1000 -1000 -1000 -10 -0.879475
Car -1 -1 0.00 714 159 786 181 -1 -1 -1 -1000 -1000 -1000 -10 -0.935435
Car -1 -1 0.00 619 164 706 190 -1 -1 -1 -1000 -1000 -1000 -10 -0.94888
Car -1 -1 0.00 1140 267 1167 288 -1 -1 -1 -1000 -1000 -1000 -10 -0.993825
Car -1 -1 0.00 195 84 232 96 -1 -1 -1 -1000 -1000 -1000 -10 -0.996609
Car -1 -1 0.00 1026 157 1085 190 -1 -1 -1 -1000 -1000 -1000 -10 -1.01732
Car -1 -1 0.00 1123 39 1147 69 -1 -1 -1 -1000 -1000 -1000 -10 -1.02731
Car -1 -1 0.00 1052 129 1076 142 -1 -1 -1 -1000 -1000 -1000 -10 -1.02874
