Car -1 -1 0.00 388 210 547 288 -1 -1 -1 -1000 -1000 -1000 -10 1.58013
Car -1 -1 0.00 626 198 670 230 -1 -1 -1 -1000 -1000 -1000 -10 1.43757
Car -1 -1 0.00 256 210 294 221 -1 -1 -1 -1000 -1000 -1000 -10 -0.925507
Car -1 -1 0.00 400 249 460 289 -1 -1 -1 -1000 -1000 -1000 -10 -0.979145
Car -1 -1 0.00 110 144 134 155 -1 -1 -1 -1000 -1000 -1000 -10 -0.990753
Car -1 -1 0.00 673 48 711 89 -1 -1 -1 -1000 -1000 -1000 -10 -1.01396
Car -1 -1 0.00 1127 332 1182 349 -1 -1 -1 -1000 -1000 -1000 -10 -1.01556
Car -1 -1 0.00 1226 347 1266 362 -1 -1 -1 -1000 -1000 -1000 -10 -1.02145
Car -1 -1 0.00 1010 38 1100 71 -1 -1 -1 -1000 -1000 -1000 -10 -1.02327
Car -1 -1 0.00 340 266 397 307 -1 -1 -1 -1000 -1000 -1000 -10 -1.02575
