Car -1 -1 0.00 694 184 732 218 -1 -1 -1 -1000 -1000 -1000 -10 -0.83281
Car -1 -1 0.00 472 262 506 293 -1 -1 -1 -1000 -1000 -1000 -10 -0.842754
Car -1 -1 0.00 120 90 184 121 -1 -1 -1 -1000 -1000 -1000 -10 -0.863597
Car -1 -1 0.00 876 162 909 186 -1 -1 -1 -1000 -1000 -1000 -10 -0.923872
Car -1 -1 0.00 1168 107 1197 139 -1 -1 -1 -1000 -1000 -1000 -10 -0.934687
Car -1 -1 0.00 1139 205 1183 245 -1 -1 -1 -1000 -1000 -1000 -10 -0.958896
Car -1 -1 0.00 948 99 982 109 -1 -1 -1 -1000 -1000 -1000 -10 -0.969599
Car -1 -1 0.00 906 48 948 65 -1 -1 -1 -1000 -1000 -1000 -10 -1.01299
Car -1 -1 0.00 123 82 155 98 -1 -1 -1 -1000 -1000 -1000 -10 -1.0225
Car -1 -1 0.00 1020 12 1093 35 -1 -1 -1 -1000 -1000 -1000 -10 -1.02811
