Car -1 -1 0.00 532 178 649 224 -1 -1 -1 -1000 -1000 -1000 -10 1.17881
Car -1 -1 0.00 448 182 492 217 -1 -1 -1 -1000 -1000 -1000 -10 1.16534
Car -1 -1 0.00 113 191 271 265 -1 -1 -1 -1000 -1000 -1000 -10 0.437913
Car -1 -1 0.00 362 184 404 211 -1 -1 -1 -1000 -1000 -1000 -10 0.329646
Car -1 -1 0.00 321 183 377 220 -1 -1 -1 -1000 -1000 -1000 -10 0.230778
Car -1 -1 0.00 373 182 412 210 -1 -1 -1 -1000 -1000 -1000 -10 -0.404754
Car -1 -1 0.00 139 192 267 264 -1 -1 -1 -1000 -1000 -1000 -10 -0.860568
Car -1 -1 0.00 171 88 201 115 -1 -1 -1 -1000 -1000 -1000 -10 -0.940331
Car -1 -1 0.00 144 143 186 192 -1 -1 -1 -1000 -1000 -1000 -10 -0.997909
Car -1 -1 0.00 1199 333 1267 403 -1 -1 -1 -1000 -1000 -1000 -10 -1.0171
Car -1 -1 0.00 813 -40 933 55 -1 -1 -1 -1000 -1000 -1000 -10 -1.02108
Car -1 -1 0.00 508 187 540 203 -1 -1 -1 -1000 -1000 -1000 -10 -1.02427
Car -1 -1 0.00 276 148 311 173 -1 -1 -1 -1000 -1000 -1000 -10 -1.02474
