Car -1 -1 0.00 620 168 727 206 -1 -1 -1 -1000 -1000 -1000 -10 1.77969
Car -1 -1 0.00 751 165 852 200 -1 -1 -1 -1000 -1000 -1000 -10 1.49472
Car -1 -1 0.00 331 180 404 212 -1 -1 -1 -1000 -1000 -1000 -10 0.846321
Car -1 -1 0.00 1101 148 1243 187 -1 -1 -1 -1000 -1000 -1000 -10 0.0950207
Car -1 -1 0.00 861 157 992 195 -1 -1 -1 -1000 -1000 -1000 -10 -0.0489965
Car -1 -1 0.00 553 170 614 198 -1 -1 -1 -1000 -1000 -1000 -10 -0.204913
Car -1 -1 0.00 859 163 960 199 -1 -1 -1 -1000 -1000 -1000 -10 -0.74714
Car -1 -1 0.00 435 183 470 208 -1 -1 -1 -1000 -1000 -1000 -10 -0.748855
Car -1 -1 0.00 460 235 498 257 -1 -1 -1 -1000 -1000 -1000 -10 -0.795572
Car -1 -1 0.00 970 156 1105 191 -1 -1 -1 -1000 -1000 -1000 -10 -0.832223
Car -1 -1 0.00 1178 342 1232 374 -1 -1 -1 -1000 -1000 -1000 -10 -0.93865
Car -1 -1 0.00 1171 341 1197 365 -1 -1 -1 -1000 -1000 -1000 -10 -0.975155
Car -1 -1 0.00 865 83 893 95 -1 -1 -1 -1000 -1000 -1000 -10 -1.00105
Car -1 -1 0.00 803 58 846 71 -1 -1 -1 -1000 -1000 -1000 -10 -1.01846
Car -1 -1 0.00 598 313 633 325 -1 -1 -1 -1000 -1000 -1000 -10 -1.02022
Car -1 -1 0.00 566 230 600 240 -1 -1 -1 -1000 -1000 -1000 -10 -1.02589
Car -1 -1 0.00 72 353 108 374 -1 -1 -1 -1000 -1000 -1000 -10 -1.02859
