Car -1 -1 0.00 473 177 530 213 -1 -1 -1 -1000 -1000 -1000 -10 1.39157
Car -1 -1 0.00 521 174 552 196 -1 -1 -1 -1000 -1000 -1000 -10 0.963799
Car -1 -1 0.00 630 170 656 187 -1 -1 -1 -1000 -1000 -1000 -10 0.0455441
Car -1 -1 0.00 907 339 935 362 -1 -1 -1 -1000 -1000 -1000 -10 -0.936787
Car -1 -1 0.00 1006 279 1128 327 -1 -1 -1 -1000 -1000 -1000 -10 -0.949958
Car -1 -1 0.00 995 139 1028 168 -1 -1 -1 -1000 -1000 -1000 -10 -0.976722
Car -1 -1 0.00 669 316 707 348 -1 -1 -1 -1000 -1000 -1000 -10 -0.982736
Car -1 -1 0.00 574 141 619 184 -1 -1 -1 -1000 -1000 -1000 -10 -0.99507
Car -1 -1 0.00 1033 40 1066 59 -1 -1 -1 -1000 -1000 -1000 -10 -0.997262
Car -1 -1 0.00 8 34 34 62 -1 -1 -1 -1000 -1000 -1000 -10 -1.00123
Car -1 -1 0.00 1047 57 1107 72 -1 -1 -1 -1000 -1000 -1000 -10 -1.0096
Car -1 -1 0.00 690 349 716 361 -1 -1 -1 -1000 -1000 -1000 -10 -1.01081
Car -1 -1 0.00 788 112 812 123 -1 -1 -1 -1000 -1000 -1000 -10 -1.01085
Car -1 -1 0.00 866 347 887 360 -1 -1 -1 -1000 -1000 -1000 -10 -1.01462
Car -1 -1 0.00 256 324 299 337 -1 -1 -1 -1000 -1000 -1000 -10 -1.02854
