Car -1 -1 0.00 729 159 918 286 -1 -1 -1 -1000 -1000 -1000 -10 1.58871
Car -1 -1 0.00 670 171 755 231 -1 -1 -1 -1000 -1000 -1000 -10 1.19945
Car -1 -1 0.00 650 170 698 206 -1 -1 -1 -1000 -1000 -1000 -10 0.537809
Car -1 -1 0.00 390 162 532 224 -1 -1 -1 -1000 -1000 -1000 -10 0.230675
Car -1 -1 0.00 789 179 1244 378 -1 -1 -1 -1000 -1000 -1000 -10 -0.373079
Car -1 -1 0.00 294 213 351 257 -1 -1 -1 -1000 -1000 -1000 -10 -0.909363
Car -1 -1 0.00 687 169 784 239 -1 -1 -1 -1000 -1000 -1000 -10 -0.973777
Car -1 -1 0.00 270 114 302 141 -1 -1 -1 -1000 -1000 -1000 -10 -1.00431
Car -1 -1 0.00 -27 82 46 107 -1 -1 -1 -1000 -1000 -1000 -10 -1.01574
Car -1 -1 0.00 800 186 1118 371 -1 -1 -1 -1000 -1000 -1000 -10 -1.02017
Car -1 -1 0.00 -20 -1 22 56 -1 -1 -1 -1000 -1000 -1000 -10 -1.02262
Car -1 -1 0.00 465 71 503 84 -1 -1 -1 -1000 -1000 -1000 -10 -1.02579
