Car -1 -1 0.00 541 177 566 198 -1 -1 -1 -1000 -1000 -1000 -10 1.65871
Car -1 -1 0.00 437 179 502 204 -1 -1 -1 -1000 -1000 -1000 -10 0.565068
Car -1 -1 0.00 581 174 615 205 -1 -1 -1 -1000 -1000 -1000 -10 0.538582
Car -1 -1 0.00 -11 200 263 315 -1 -1 -1 -1000 -1000 -1000 -10 0.230592
Car -1 -1 0.00 359 184 470 223 -1 -1 -1 -1000 -1000 -1000 -10 0.106932
Car -1 -1 0.00 91 190 345 289 -1 -1 -1 -1000 -1000 -1000 -10 -0.286889
Car -1 -1 0.00 416 181 472 221 -1 -1 -1 -1000 -1000 -1000 -10 -0.619338
Car -1 -1 0.00 298 181 436 244 -1 -1 -1 -1000 -1000 -1000 -10 -0.778472
Car -1 -1 0.00 670 154 707 185 -1 -1 -1 -1000 -1000 -1000 -10 -0.831187
Car -1 -1 0.00 148 186 374 262 -1 -1 -1 -1000 -1000 -1000 -10 -0.898998
Car -1 -1 0.00 296 138 321 164 -1 -1 -1 -1000 -1000 -1000 -10 -0.934454
Car -1 -1 0.00 701 68 943 286 -1 -1 -1 -1000 -1000 -1000 -10 -0.939346
Car -1 -1 0.00 341 20 368 45 -1 -1 -1 -1000 -1000 -1000 -10 -0.943136
Car -1 -1 0.00 220 191 251 214 -1 -1 -1 -1000 -1000 -1000 -10 -0.96407
Car -1 -1 0.00 520 176 556 198 -1 -1 -1 -1000 -1000 -1000 -10 -0.991971
Car -1 -1 0.00 601 366 629 376 -1 -1 -1 -1000 -1000 -1000 -10 -0.996169
Car -1 -1 0.00 1193 253 1231 294 -1 -1 -1 -1000 -1000 -1000 -10 -1.01678
Car -1 -1 0.00 1032 367 1086 381 -1 -1 -1 -1000 -1000 -1000 -10 -1.02123
Car -1 -1 0.00 303 229 349 260 -1 -1 -1 -1000 -1000 -1000 -10 -1.02145
