Car -1 -1 0.00 576 171 618 205 -1 -1 -1 -1000 -1000 -1000 -10 0.807146
Car -1 -1 0.00 362 175 420 208 -1 -1 -1 -1000 -1000 -1000 -10 0.600847
Car -1 -1 0.00 426 172 470 196 -1 -1 -1 -1000 -1000 -1000 -10 0.565339
Car -1 -1 0.00 640 172 674 198 -1 -1 -1 -1000 -1000 -1000 -10 0.563695
Car -1 -1 0.00 394 172 446 203 -1 -1 -1 -1000 -1000 -1000 -10 0.322917
Car -1 -1 0.00 474 168 504 190 -1 -1 -1 -1000 -1000 -1000 -10 0.311909
Car -1 -1 0.00 454 169 490 193 -1 -1 -1 -1000 -1000 -1000 -10 -0.314878
Car -1 -1 0.00 638 168 708 199 -1 -1 -1 -1000 -1000 -1000 -10 -0.627861
Car -1 -1 0.00 359 175 428 207 -1 -1 -1 -1000 -1000 -1000 -10 -0.845239
Car -1 -1 0.00 528 148 563 186 -1 -1 -1 -1000 -1000 -1000 -10 -0.862953
Car -1 -1 0.00 834 170 943 253 -1 -1 -1 -1000 -1000 -1000 -10 -0.936052
Car -1 -1 0.00 979 182 1009 207 -1 -1 -1 -1000 -1000 -1000 -10 -1.00957
Car -1 -1 0.00 744 324 776 355 -1 -1 -1 -1000 -1000 -1000 -10 -1.02288
Car -1 -1 0.00 1107 166 1188 219 -1 -1 -1 -1000 -1000 -1000 -10 -1.02309
Car -1 -1 0.00 300 105 352 134 -1 -1 -1 -1000 -1000 -1000 -10 -1.02934
