Car -1 -1 0.00 346 181 504 235 -1 -1 -1 -1000 -1000 -1000 -10 1.53137
Car -1 -1 0.00 660 179 807 228 -1 -1 -1 -1000 -1000 -1000 -10 1.22074
Car -1 -1 0.00 530 170 560 193 -1 -1 -1 -1000 -1000 -1000 -10 0.842833
Car -1 -1 0.00 622 157 666 173 -1 -1 -1 -1000 -1000 -1000 -10 0.385275
Car -1 -1 0.00 353 181 516 235 -1 -1 -1 -1000 -1000 -1000 -10 -0.251142
Car -1 -1 0.00 827 89 903 149 -1 -1 -1 -1000 -1000 -1000 -10 -0.814141
Car -1 -1 0.00 345 243 383 255 -1 -1 -1 -1000 -1000 -1000 -10 -0.911546
Car -1 -1 0.00 769 42 803 69 -1 -1 -1 -1000 -1000 -1000 -10 -0.98723
Car -1 -1 0.00 1165 29 1193 65 -1 -1 -1 -1000 -1000 -1000 -10 -0.993169
Car -1 -1 0.00 903 213 988 235 -1 -1 -1 -1000 -1000 -1000 -10 -1.00071
Car -1 -1 0.00 1036 115 1096 167 -1 -1 -1 -1000 -1000 -1000 -10 -1.00759
Car -1 -1 0.00 71 166 270 218 -1 -1 -1 -1000 -1000 -1000 -10 -1.01844
Car -1 -1 0.00 1232 127 1277 144 -1 -1 -1 -1000 -1000 -1000 -10 -1.02541
Car -1 -1 0.00 1087 43 1115 63 -1 -1 -1 -1000 -1000 -1000 -10 -1.02733
