Car -1 -1 0.00 115 183 221 223 -1 -1 -1 -1000 -1000 -1000 -10 1.46592
Car -1 -1 0.00 497 175 630 216 -1 -1 -1 -1000 -1000 -1000 -10 1.11541
Car -1 -1 0.00 109 174 404 292 -1 -1 -1 -1000 -1000 -1000 -10 1.09137
Car -1 -1 0.00 412 178 456 204 -1 -1 -1 -1000 -1000 -1000 -10 0.912121
Car -1 -1 0.00 874 172 1006 210 -1 -1 -1 -1000 -1000 -1000 -10 0.288471
Car -1 -1 0.00 1018 169 1137 202 -1 -1 -1 -1000 -1000 -1000 -10 0.0019891
Car -1 -1 0.00 580 170 712 209 -1 -1 -1 -1000 -1000 -1000 -10 -0.233912
Car -1 -1 0.00 901 171 1005 211 -1 -1 -1 -1000 -1000 -1000 -10 -0.537239
Car -1 -1 0.00 1014 244 1042 268 -1 -1 -1 -1000 -1000 -1000 -10 -0.998488
Car -1 -1 0.00 327 71 355 100 -1 -1 -1 -1000 -1000 -1000 -10 -1.01376
Car -1 -1 0.00 992 298 1016 319 -1 -1 -1 -1000 -1000 -1000 -10 -1.0256
