Car -1 -1 0.00 114 191 297 274 -1 -1 -1 -1000 -1000 -1000 -10 1.35688
Car -1 -1 0.00 230 187 327 233 -1 -1 -1 -1000 -1000 -1000 -10 0.488806
Car -1 -1 0.00 699 197 776 235 -1 -1 -1 -1000 -1000 -1000 -10 -0.898898
Car -1 -1 0.00 914 183 942 206 -1 -1 -1 -1000 -1000 -1000 -10 -0.937155
Car -1 -1 0.00 591 148 671 181 -1 -1 -1 -1000 -1000 -1000 -10 -0.948505
Car -1 -1 0.00 1006 145 1077 185 -1 -1 -1 -1000 -1000 -1000 -10 -0.956931
Car -1 -1 0.00 739 96 792 119 -1 -1 -1 -1000 -1000 -1000 -10 -0.96818
Car -1 -1 0.00 86 296 117 322 -1 -1 -1 -1000 -1000 -1000 -10 -0.988842
Car -1 -1 0.00 438 186 478 197 -1 -1 -1 -1000 -1000 -1000 -10 -1.00054
Car -1 -1 0.00 350 2 374 30 -1 -1 -1 -1000 -1000 -1000 -10 -1.00863
Car -1 -1 0.00 974 353 1029 371 -1 -1 -1 -1000 -1000 -1000 -10 -1.01354
Car -1 -1 0.00 344 24 374 40 -1 -1 -1 -1000 -1000 -1000 -10 -1.01684
Car -1 -1 0.00 560 -2 593 22 -1 -1 -1 -1000 -1000 -1000 -10 -1.02275
Car -1 -1 0.00 631 193 656 218 -1 -1 -1 -1000 -1000 -1000 -10 -1.02832
