Car -1 -1 0.00 1033 183 1157 231 -1 -1 -1 -1000 -1000 -1000 -10 1.51081
Car -1 -1 0.00 957 182 1069 232 -1 -1 -1 -1000 -1000 -1000 -10 1.30055
Car -1 -1 0.00 1095 184 1223 236 -1 -1 -1 -1000 -1000 -1000 -10 0.764952
Car -1 -1 0.00 601 170 637 202 -1 -1 -1 -1000 -1000 -1000 -10 -0.203907
Car -1 -1 0.00 573 172 638 204 -1 -1 -1 -1000 -1000 -1000 -10 -0.676957
Car -1 -1 0.00 1115 42 1143 62 -1 -1 -1 -1000 -1000 -1000 -10 -0.822861
Car -1 -1 0.00 743 194 788 213 -1 -1 -1 -1000 -1000 -1000 -10 -0.903533
Car -1 -1 0.00 597 173 635 189 -1 -1 -1 -1000 -1000 -1000 -10 -0.949876
Car -1 -1 0.00 932 164 984 227 -1 -1 -1 -1000 -1000 -1000 -10 -0.994049
Car -1 -1 0.00 835 174 864 206 -1 -1 -1 -1000 -1000 -1000 -10 -0.996125
Car -1 -1 0.00 179 236 231 255 -1 -1 -1 -1000 -1000 -1000 -10 -1.00789
Car -1 -1 0.00 361 3 390 37 -1 -1 -1 -1000 -1000 -1000 -10 -1.00871
Car -1 -1 0.00 1159 15 1205 30 -1 -1 -1 -1000 -1000 -1000 -10 -1.01745
Car -1 -1 0.00 384 224 435 255 -1 -1 -1 -1000 -1000 -1000 -10 -1.01878
Car -1 -1 0.00 325 72 356 96 -1 -1 -1 -1000 -1000 -1000 -10 -1.01973
Car -1 -1 0.00 521 229 572 264 -1 -1 -1 -1000 -1000 -1000 -10 -1.02807
Car -1 -1 0.00 178 133 224 172 -1 -1 -1 -1000 -1000 -1000 -10 -1.02953
Car -1 -1 0.00 1 253 104 283 -1 -1 -1 -1000 -1000 -1000 -10 -1.02982
