Car -1 -1 0.00 178 180 338 292 -1 -1 -1 -1000 -1000 -1000 -10 1.71744
Car -1 -1 0.00 556 184 704 232 -1 -1 -1 -1000 -1000 -1000 -10 0.900464
Car -1 -1 0.00 406 169 452 187 -1 -1 -1 -1000 -1000 -1000 -10 -0.342499
Car -1 -1 0.00 740 239 781 262 -1 -1 -1 -1000 -1000 -1000 -10 -0.719558
Car -1 -1 0.00 208 149 239 171 -1 -1 -1 -1000 -1000 -1000 -10 -0.826323
Car -1 -1 0.00 496 177 569 216 -1 -1 -1 -1000 -1000 -1000 -10 -0.882829
Car -1 -1 0.00 772 186 816 225 -1 -1 -1 -1000 -1000 -1000 -10 -0.902171
Car -1 -1 0.00 522 175 560 191 -1 -1 -1 -1000 -1000 -1000 -10 -0.90753
Car -1 -1 0.00 287 159 360 196 -1 -1 -1 -1000 -1000 -1000 -10 -0.943459
Car -1 -1 0.00 356 143 386 157 -1 -1 -1 -1000 -1000 -1000 -10 -0.962421
Car -1 -1 0.00 30 144 67 173 -1 -1 -1 -1000 -1000 -1000 -10 -0.982732
Car -1 -1 0.00 190 4 273 29 -1 -1 -1 -1000 -1000 -1000 -10 -0.99581
Car -1 -1 0.00 460 62 485 81 -1 -1 -1 -1000 -1000 -1000 -10 -0.997806
Car -1 -1 0.00 204 64 272 135 -1 -1 -1 -1000 -1000 -1000 -10 -1.00972
Car -1 -1 0.00 947 160 977 177 -1 -1 -1 -1000 -1000 -1000 -10 -1.01134
Car -1 -1 0.00 548 105 632 132 -1 -1 -1 -1000 -1000 -1000 -10 -1.01483
