Car -1 -1 0.00 693 194 816 276 -1 -1 -1 -1000 -1000 -1000 -10 1.73047
Car -1 -1 0.00 664 186 729 236 -1 -1 -1 -1000 -1000 -1000 -10 0.671787
Car -1 -1 0.00 67 171 207 231 -1 -1 -1 -1000 -1000 -1000 -10 0.227677
Car -1 -1 0.00 571 179 613 197 -1 -1 -1 -1000 -1000 -1000 -10 0.166935
Car -1 -1 0.00 379 -3 529 36 -1 -1 -1 -1000 -1000 -1000 -10 -0.940833
Car -1 -1 0.00 265 218 306 267 -1 -1 -1 -1000 -1000 -1000 -10 -0.962445
Car -1 -1 0.00 315 108 350 150 -1 -1 -1 -1000 -1000 -1000 -10 -0.983431
Car -1 -1 0.00 814 210 868 236 -1 -1 -1 -1000 -1000 -1000 -10 -0.988469
Car -1 -1 0.00 842 -2 882 24 -1 -1 -1 -1000 -1000 -1000 -10 -0.9957
Car -1 -1 0.00 378 190 418 207 -1 -1 -1 -1000 -1000 -1000 -10 -1.00001
Car -1 -1 0.00 396 -12 526 20 -1 -1 -1 -1000 -1000 -1000 -10 -1.00207
Car -1 -1 0.00 352 21 377 47 -1 -1 -1 -1000 -1000 -1000 -10 -1.00327
Car -1 -1 0.00 562 183 590 195 -1 -1 -1 -1000 -1000 -1000 -10 -1.00788
Car -1 -1 0.00 1060 104 1095 115 -1 -1 -1 -1000 -1000 -1000 -10 -1.01792
Car -1 -1 0.00 143 243 179 253 -1 -1 -1 -1000 -1000 -1000 -10 -1.01846
Car -1 -1 0.00 36 63 104 94 -1 -1 -1 -1000 -1000 -1000 -10 -1.01934
Car -1 -1 0.00 1102 66 1128 77 -1 -1 -1 -1000 -1000 -1000 -10 -1.02045
Car -1 -1 0.00 186 216 269 291 -1 -1 -1 -1000 -1000 -1000 -10 -1.02436
Car -1 -1 0.00 228 34 264 61 -1 -1 -1 -1000 -1000 -1000 -10 -1.02903
Car -1 -1 0.00 639 102 717 163 -1 -1 -1 -1000 -1000 -1000 -10 -1.02954
