Car -1 -1 0.00 914 175 938 192 -1 -1 -1 -1000 -1000 -1000 -10 0.457057
Car -1 -1 0.00 986 171 1010 190 -1 -1 -1 -1000 -1000 -1000 -10 -0.212838
Car -1 -1 0.00 994 256 1023 275 -1 -1 -1 -1000 -1000 -1000 -10 -0.763335
Car -1 -1 0.00 738 183 771 200 -1 -1 -1 -1000 -1000 -1000 -10 -0.763732
Car -1 -1 0.00 913 170 953 191 -1 -1 -1 -1000 -1000 -1000 -10 -0.929707
Car -1 -1 0.00 973 99 1012 131 -1 -1 -1 -1000 -1000 -1000 -10 -0.958765
Car -1 -1 0.00 86 179 126 200 -1 -1 -1 -1000 -1000 -1000 -10 -0.987538
Car -1 -1 0.00 418 152 460 170 -1 -1 -1 -1000 -1000 -1000 -10 -0.987644
Car -1 -1 0.00 1148 96 1179 127 -1 -1 -1 -1000 -1000 -1000 -10 -1.00813
Car -1 -1 0.00 926 172 951 189 -1 -1 -1 -1000 -1000 -1000 -10 -1.01535
Car -1 -1 0.00 431 130 510 166 -1 -1 -1 -1000 -1000 -1000 -10 -1.01972
