Car -1 -1 0.00 168 203 362 301 -1 -1 -1 -1000 -1000 -1000 -10 1.3421
Car -1 -1 0.00 1184 104 1224 135 -1 -1 -1 -1000 -1000 -1000 -10 0.0804527
Car -1 -1 0.00 633 191 777 257 -1 -1 -1 -1000 -1000 -1000 -10 -0.0307552
Car -1 -1 0.00 162 202 367 298 -1 -1 -1 -1000 -1000 -1000 -10 -0.926302
Car -1 -1 0.00 668 192 716 228 -1 -1 -1 -1000 -1000 -1000 -10 -0.993648
Car -1 -1 0.00 335 275 367 298 -1 -1 -1 -1000 -1000 -1000 -10 -0.997679
Car -1 -1 0.00 703 40 730 63 -1 -1 -1 -1000 -1000 -1000 -10 -1.00868
Car -1 -1 0.00 133 12 164 45 -1 -1 -1 -1000 -1000 -1000 -10 -1.0109
Car -1 -1 0.00 357 22 394 33 -1 -1 -1 -1000 -1000 -1000 -10 -1.01863
Car -1 -1 0.00 32 105 74 133 -1 -1 -1 -1000 -1000 -1000 -10 -1.01948
Car -1 -1 0.00 260 124 289 139 -1 -1 -1 -1000 -1000 -1000 -10 -1.02254
