Car -1 -1 0.00 960 151 1049 193 -1 -1 -1 -1000 -1000 -1000 -10 1.12259
Car -1 -1 0.00 894 161 983 203 -1 -1 -1 -1000 -1000 -1000 -10 0.58638
Car -1 -1 0.00 1099 151 1189 208 -1 -1 -1 -1000 -1000 -1000 -10 0.0717336
Car -1 -1 0.00 1034 151 1082 182 -1 -1 -1 -1000 -1000 -1000 -10 -0.236815
Car -1 -1 0.00 198 183 275 221 -1 -1 -1 -1000 -1000 -1000 -10 -0.318357
Car -1 -1 0.00 221 182 270 220 -1 -1 -1 -1000 -1000 -1000 -10 -0.782799
Car -1 -1 0.00 115 -3 153 33 -1 -1 -1 -1000 -1000 -1000 -10 -0.829928
Car -1 -1 0.00 767 147 831 169 -1 -1 -1 -1000 -1000 -1000 -10 -0.836617
Car -1 -1 0.00 962 134 1001 161 -1 -1 -1 -1000 -1000 -1000 -10 -0.895542
Car -1 -1 0.00 1174 149 1226 195 -1 -1 -1 -1000 -1000 -1000 -10 -0.905985
Car -1 -1 0.00 384 154 485 184 -1 -1 -1 -1000 -1000 -1000 -10 -0.938404
Car -1 -1 0.00 374 344 399 361 -1 -1 -1 -1000 -1000 -1000 -10 -1.01601
Car -1 -1 0.00 375 314 410 325 -1 -1 -1 -1000 -1000 -1000 -10 -1.01755
Car -1 -1 0.00 513 253 541 273 -1 -1 -1 -1000 -1000 -1000 -10 -1.02306
Car -1 -1 0.00 386 296 421 307 -1 -1 -1 -1000 -1000 -1000 -10 -1.02843
Car -1 -1 0.00 443 292 479 303 -1 -1 -1 -1000 -1000 -1000 -10 -1.02954
