Car -1 -1 0.00 447 165 485 191 -1 -1 -1 -1000 -1000 -1000 -10 1.41141
Car -1 -1 0.00 811 165 959 208 -1 -1 -1 -1000 -1000 -1000 -10 -0.117318
Car -1 -1 0.00 1048 165 1182 205 -1 -1 -1 -1000 -1000 -1000 -10 -0.2392
Car -1 -1 0.00 769 166 874 203 -1 -1 -1 -1000 -1000 -1000 -10 -0.405503
Car -1 -1 0.00 476 167 499 184 -1 -1 -1 -1000 -1000 -1000 -10 -0.595626
Car -1 -1 0.00 1110 -2 1143 25 -1 -1 -1 -1000 -1000 -1000 -10 -0.946966
Car -1 -1 0.00 1140 172 1190 192 -1 -1 -1 -1000 -1000 -1000 -10 -0.973005
Car -1 -1 0.00 524 171 605 195 -1 -1 -1 -1000 -1000 -1000 -10 -1.00326
Car -1 -1 0.00 955 78 987 116 -1 -1 -1 -1000 -1000 -1000 -10 -1.02036
Car -1 -1 0.00 874 104 904 136 -1 -1 -1 -1000 -1000 -1000 -10 -1.02322
Car -1 -1 0.00 353 118 389 132 -1 -1 -1 -1000 -1000 -1000 -10 -1.02458
Car -1 -1 0.00 824 60 859 100 -1 -1 -1 -1000 -1000 -1000 -10 -1.02671
Car -1 -1 0.00 910 120 956 157 -1 -1 -1 -1000 -1000 -1000 -10 -1.02825
Car -1 -1 0.00 448 89 472 103 -1 -1 -1 -1000 -1000 -1000 -10 -1.02924
