Car -1 -1 0.00 677 190 792 265 -1 -1 -1 -1000 -1000 -1000 -10 1.22971
Car -1 -1 0.00 -2 181 134 246 -1 -1 -1 -1000 -1000 -1000 -10 0.824207
Car -1 -1 0.00 643 184 687 219 -1 -1 -1 -1000 -1000 -1000 -10 0.795705
Car -1 -1 0.00 606 184 638 198 -1 -1 -1 -1000 -1000 -1000 -10 0.449196
Car -1 -1 0.00 580 181 611 196 -1 -1 -1 -1000 -1000 -1000 -10 -0.36838
Car -1 -1 0.00 451 179 476 195 -1 -1 -1 -1000 -1000 -1000 -10 -0.668221
Car -1 -1 0.00 306 184 347 212 -1 -1 -1 -1000 -1000 -1000 -10 -0.764668
Car -1 -1 0.00 619 109 654 141 -1 -1 -1 -1000 -1000 -1000 -10 -0.841758
Car -1 -1 0.00 608 108 654 132 -1 -1 -1 -1000 -1000 -1000 -10 -0.862347
Car -1 -1 0.00 500 193 528 211 -1 -1 -1 -1000 -1000 -1000 -10 -0.921425
Car -1 -1 0.00 1121 187 1167 221 -1 -1 -1 -1000 -1000 -1000 -10 -0.967038
Car -1 -1 0.00 620 162 690 186 -1 -1 -1 -1000 -1000 -1000 -10 -1.00663
Car -1 -1 0.00 262 189 304 215 -1 -1 -1 -1000 -1000 -1000 -10 -1.02866
Car -1 -1 0.00 126 72 170 92 -1 -1 -1 -1000 -1000 -1000 -10 -1.02961
