Car -1 -1 0.00 1095 174 1263 323 -1 -1 -1 -1000 -1000 -1000 -10 -0.560847
Car -1 -1 0.00 194 27 237 63 -1 -1 -1 -1000 -1000 -1000 -10 -0.912581
Car -1 -1 0.00 952 169 977 181 -1 -1 -1 -1000 -1000 -1000 -10 -0.958002
Car -1 -1 0.00 78 358 110 371 -1 -1 -1 -1000 -1000 -1000 -10 -0.993556
Car -1 -1 0.00 508 275 555 302 -1 -1 -1 -1000 -1000 -1000 -10 -0.994495
Car -1 -1 0.00 795 329 834 347 -1 -1 -1 -1000 -1000 -1000 -10 -0.995218
Car -1 -1 0.00 107 90 147 100 -1 -1 -1 -1000 -1000 -1000 -10 -1.01122
Car -1 -1 0.00 107 42 148 53 -1 -1 -1 -1000 -1000 -1000 -10 -1.02011
Car -1 -1 0.00 465 1 494 20 -1 -1 -1 -1000 -1000 -1000 -10 -1.02211
Car -1 -1 0.00 281 240 322 254 -1 -1 -1 -1000 -1000 -1000 -10 -1.0288
