Car -1 -1 0.00 577 163 637 219 -1 -1 -1 -1000 -1000 -1000 -10 0.488772
Car -1 -1 0.00 -7 189 255 306 -1 -1 -1 -1000 -1000 -1000 -10 0.302158
Car -1 -1 0.00 631 165 672 197 -1 -1 -1 -1000 -1000 -1000 -10 -0.32518
Car -1 -1 0.00 83 122 423 273 -1 -1 -1 -1000 -1000 -1000 -10 -0.727206
Car -1 -1 0.00 21 54 48 78 -1 -1 -1 -1000 -1000 -1000 -10 -0.809676
Car -1 -1 0.00 623 166 710 224 -1 -1 -1 -1000 -1000 -1000 -10 -0.858719
Car -1 -1 0.00 888 258 921 279 -1 -1 -1 -1000 -1000 -1000 -10 -0.892
Car -1 -1 0.00 661 161 728 224 -1 -1 -1 -1000 -1000 -1000 -10 -0.903196
Car -1 -1 0.00 407 342 446 366 -1 -1 -1 -1000 -1000 -1000 -10 -0.918531
Car -1 -1 0.00 884 239 928 275 -1 -1 -1 -1000 -1000 -1000 -10 -0.955369
Car -1 -1 0.00 519 321 571 348 -1 -1 -1 -1000 -1000 -1000 -10 -0.96844
Car -1 -1 0.00 164 109 193 131 -1 -1 -1 -1000 -1000 -1000 -10 -0.976367
Car -1 -1 0.00 126 335 176 352 -1 -1 -1 -1000 -1000 -1000 -10 -1.00825
