Car -1 -1 0.00 395 180 501 246 -1 -1 -1 -1000 -1000 -1000 -10 2.53789
Car -1 -1 0.00 496 177 543 211 -1 -1 -1 -1000 -1000 -1000 -10 1.84026
Car -1 -1 0.00 562 175 635 242 -1 -1 -1 -1000 -1000 -1000 -10 1.74365
Car -1 -1 0.00 534 174 565 199 -1 -1 -1 -1000 -1000 -1000 -10 1.14868
Car -1 -1 0.00 779 155 903 226 -1 -1 -1 -1000 -1000 -1000 -10 1.01097
Car -1 -1 0.00 644 168 697 202 -1 -1 -1 -1000 -1000 -1000 -10 0.74381
Car -1 -1 0.00 449 68 490 91 -1 -1 -1 -1000 -1000 -1000 -10 -0.801836
Car -1 -1 0.00 346 121 387 140 -1 -1 -1 -1000 -1000 -1000 -10 -0.870583
Car -1 -1 0.00 257 146 288 173 -1 -1 -1 -1000 -1000 -1000 -10 -0.983182
Car -1 -1 0.00 705 169 740 199 -1 -1 -1 -1000 -1000 -1000 -10 -0.983975
Car -1 -1 0.00 404 157 456 182 -1 -1 -1 -1000 -1000 -1000 -10 -1.00061
Car -1 -1 0.00 366 236 401 266 -1 -1 -1 -1000 -1000 -1000 -10 -1.01138
Car -1 -1 0.00 1018 142 1150 179 -1 -1 -1 -1000 -1000 -1000 -10 -1.01176
Car -1 -1 0.00 170 360 202 383 -1 -1 -1 -1000 -1000 -1000 -10 -1.0198
Car -1 -1 0.00 1001 58 1027 78 -1 -1 -1 -1000 -1000 -1000 -10 -1.02594
