Car -1 -1 0.00 308 196 348 214 -1 -1 -1 -1000 -1000 -1000 -10 -0.585133
Car -1 -1 0.00 462 189 500 204 -1 -1 -1 -1000 -1000 -1000 -10 -0.866729
Car -1 -1 0.00 751 217 783 240 -1 -1 -1 -1000 -1000 -1000 -10 -0.891961
Car -1 -1 0.00 -2 209 117 254 -1 -1 -1 -1000 -1000 -1000 -10 -0.911486
Car -1 -1 0.00 871 108 901 122 -1 -1 -1 -1000 -1000 -1000 -10 -0.918867
Car -1 -1 0.00 380 191 411 206 -1 -1 -1 -1000 -1000 -1000 -10 -0.990913
Car -1 -1 0.00 204 193 265 220 -1 -1 -1 -1000 -1000 -1000 -10 -1.00363
Car -1 -1 0.00 1183 114 1211 136 -1 -1 -1 -1000 -1000 -1000 -10 -1.01624
Car -1 -1 0.00 14 317 45 338 -1 -1 -1 -1000 -1000 -1000 -10 -1.01909
Car -1 -1 0.00 1175 275 1202 296 -1 -1 -1 -1000 -1000 -1000 -10 -1.02593
Car -1 -1 0.00 762 121 836 143 -1 -1 -1 -1000 -1000 -1000 -10 -1.02847
