Car -1 -1 0.00 491 179 530 204 -1 -1 -1 -1000 -1000 -1000 -10 1.85899
Car -1 -1 0.00 274 189 441 287 -1 -1 -1 -1000 -1000 -1000 -10 1.55952
Car -1 -1 0.00 159 178 263 215 -1 -1 -1 -1000 -1000 -1000 -10 1.32161
Car -1 -1 0.00 574 177 615 211 -1 -1 -1 -1000 -1000 -1000 -10 1.178
Car -1 -1 0.00 402 177 428 192 -1 -1 -1 -1000 -1000 -1000 -10 0.0389571
Car -1 -1 0.00 158 194 189 217 -1 -1 -1 -1000 -1000 -1000 -10 -0.559597
Car -1 -1 0.00 567 177 597 198 -1 -1 -1 -1000 -1000 -1000 -10 -0.826894
Car -1 -1 0.00 294 180 363 224 -1 -1 -1 -1000 -1000 -1000 -10 -0.944464
Car -1 -1 0.00 879 267 988 293 -1 -1 -1 -1000 -1000 -1000 -10 -0.98806
Car -1 -1 0.00 128 139 167 152 -1 -1 -1 -1000 -1000 -1000 -10 -1.02262
Car -1 -1 0.00 262 6 317 24 -1 -1 -1 -1000 -1000 -1000 -10 -1.02366
Car -1 -1 0.00 160 63 192 97 -1 -1 -1 -1000 -1000 -1000 -10 -1.026
