Car -1 -1 0.00 705 168 728 190 -1 -1 -1 -1000 -1000 -1000 -10 1.69923
Car -1 -1 0.00 358 63 411 88 -1 -1 -1 -1000 -1000 -1000 -10 -0.8412
Car -1 -1 0.00 87 206 115 230 -1 -1 -1 -1000 -1000 -1000 -10 -0.88529
Car -1 -1 0.00 615 170 658 186 -1 -1 -1 -1000 -1000 -1000 -10 -0.969126
Car -1 -1 0.00 1129 356 1179 398 -1 -1 -1 -1000 -1000 -1000 -10 -0.975442
Car -1 -1 0.00 929 300 965 322 -1 -1 -1 -1000 -1000 -1000 -10 -0.983396
Car -1 -1 0.00 1112 332 1191 354 -1 -1 -1 -1000 -1000 -1000 -10 -1.00061
Car -1 -1 0.00 618 167 663 185 -1 -1 -1 -1000 -1000 -1000 -10 -1.01011
Car -1 -1 0.00 450 296 485 307 -1 -1 -1 -1000 -1000 -1000 -10 -1.01517
Car -1 -1 0.00 -5 265 27 299 -1 -1 -1 -1000 -1000 -1000 -10 -1.0196
Car -1 -1 0.00 1060 304 1091 324 -1 -1 -1 -1000 -1000 -1000 -10 -1.02008
Car -1 -1 0.00 485 273 526 287 -1 -1 -1 -1000 -1000 -1000 -10 -1.02144
Car -1 -1 0.00 79 263 104 285 -1 -1 -1 -1000 -1000 -1000 -10 -1.02355
Car -1 -1 0.00 644 66 673 86 -1 -1 -1 -1000 -1000 -1000 -10 -1.02412
Car -1 -1 0.00 988 361 1020 371 -1 -1 -1 -1000 -1000 -1000 -10 -1.02412
Car -1 -1 0.00 916 121 967 165 -1 -1 -1 -1000 -1000 -1000 -10 -1.02486
Car -1 -1 0.00 798 237 981 293 -1 -1 -1 -1000 -1000 -1000 -10 -1.02807
Car -1 -1 0.00 531 247 572 261 -1 -1 -1 -1000 -1000 -1000 -10 -1.02957
