Car -1 -1 0.00 292 178 401 229 -1 -1 -1 -1000 -1000 -1000 -10 1.20742
Car -1 -1 0.00 845 160 913 183 -1 -1 -1 -1000 -1000 -1000 -10 1.04399
Car -1 -1 0.00 576 160 641 218 -1 -1 -1 -1000 -1000 -1000 -10 0.741029
Car -1 -1 0.00 987 164 1062 196 -1 -1 -1 -1000 -1000 -1000 -10 0.410246
Car -1 -1 0.00 1154 153 1229 175 -1 -1 -1 -1000 -1000 -1000 -10 -0.069715
Car -1 -1 0.00 843 161 913 182 -1 -1 -1 -1000 -1000 -1000 -10 -0.421733
Car -1 -1 0.00 515 167 541 183 -1 -1 -1 -1000 -1000 -1000 -10 -0.732666
Car -1 -1 0.00 388 170 439 186 -1 -1 -1 -1000 -1000 -1000 -10 -0.823971
Car -1 -1 0.00 6 171 41 192 -1 -1 -1 -1000 -1000 -1000 -10 -0.937872
Car -1 -1 0.00 455 165 480 183 -1 -1 -1 -1000 -1000 -1000 -10 -0.957876
Car -1 -1 0.00 -13 367 12 379 -1 -1 -1 -1000 -1000 -1000 -10 -0.999288
Car -1 -1 0.00 666 51 720 101 -1 -1 -1 -1000 -1000 -1000 -10 -1.00158
Car -1 -1 0.00 319 177 398 226 -1 -1 -1 -1000 -1000 -1000 -10 -1.00911
Car -1 -1 0.00 74 90 129 146 -1 -1 -1 -1000 -1000 -1000 -10 -1.0102
Car -1 -1 0.00 746 161 775 177 -1 -1 -1 -1000 -1000 -1000 -10 -1.02798
