Car -1 -1 0.00 265 171 447 315 -1 -1 -1 -1000 -1000 -1000 -10 1.15379
Car -1 -1 0.00 427 180 487 237 -1 -1 -1 -1000 -1000 -1000 -10 0.594633
Car -1 -1 0.00 282 30 306 54 -1 -1 -1 -1000 -1000 -1000 -10 -0.76641
Car -1 -1 0.00 216 94 247 128 -1 -1 -1 -1000 -1000 -1000 -10 -0.898417
Car -1 -1 0.00 799 357 832 371 -1 -1 -1 -1000 -1000 -1000 -10 -0.935324
Car -1 -1 0.00 474 178 514 215 -1 -1 -1 -1000 -1000 -1000 -10 -0.989885
Car -1 -1 0.00 1203 135 1227 156 -1 -1 -1 -1000 -1000 -1000 -10 -1.00376
Car -1 -1 0.00 643 41 718 67 -1 -1 -1 -1000 -1000 -1000 -10 -1.00868
Car -1 -1 0.00 707 4 731 31 -1 -1 -1 -1000 -1000 -1000 -10 -1.01607
Car -1 -1 0.00 170 168 210 183 -1 -1 -1 -1000 -1000 -1000 -10 -1.02017
Car -1 -1 0.00 740 127 767 140 -1 -1 -1 -1000 -1000 -1000 -10 -1.02036
Car -1 -1 0.00 586 56 647 126 -1 -1 -1 -1000 -1000 -1000 -10 -1.02556
Car -1 -1 0.00 828 189 857 217 -1 -1 -1 -1000 -1000 -1000 -10 -1.0271
Car -1 -1 0.00 3 104 140 158 -1 -1 -1 -1000 -1000 -1000 -10 -1.02715
Car -1 -1 0.00 90 160 124 172 -1 -1 -1 -1000 -1000 -1000 -10 -1.03
