Car -1 -1 0.00 584 179 609 199 -1 -1 -1 -1000 -1000 -1000 -10 1.21098
Car -1 -1 0.00 259 178 334 209 -1 -1 -1 -1000 -1000 -1000 -10 -0.248166
Car -1 -1 0.00 401 181 426 199 -1 -1 -1 -1000 -1000 -1000 -10 -0.611567
Car -1 -1 0.00 344 177 418 202 -1 -1 -1 -1000 -1000 -1000 -10 -0.84562
Car -1 -1 0.00 1051 199 1104 230 -1 -1 -1 -1000 -1000 -1000 -10 -0.923318
Car -1 -1 0.00 1091 190 1142 235 -1 -1 -1 -1000 -1000 -1000 -10 -0.949347
Car -1 -1 0.00 87 117 129 131 -1 -1 -1 -1000 -1000 -1000 -10 -0.99489
Car -1 -1 0.00 444 365 481 376 -1 -1 -1 -1000 -1000 -1000 -10 -1.00386
Car -1 -1 0.00 614 286 646 309 -1 -1 -1 -1000 -1000 -1000 -10 -1.0172
Car -1 -1 0.00 782 56 834 71 -1 -1 -1 -1000 -1000 -1000 -10 -1.02213
