Car -1 -1 0.00 701 189 816 272 -1 -1 -1 -1000 -1000 -1000 -10 1.44064
Car -1 -1 0.00 670 187 755 245 -1 -1 -1 -1000 -1000 -1000 -10 0.939266
Car -1 -1 0.00 611 174 649 206 -1 -1 -1 -1000 -1000 -1000 -10 0.321821
Car -1 -1 0.00 520 179 551 194 -1 -1 -1 -1000 -1000 -1000 -10 -0.454835
Car -1 -1 0.00 103 182 378 296 -1 -1 -1 -1000 -1000 -1000 -10 -0.58615
Car -1 -1 0.00 209 185 376 296 -1 -1 -1 -1000 -1000 -1000 -10 -0.619268
Car -1 -1 0.00 334 183 428 256 -1 -1 -1 -1000 -1000 -1000 -10 -0.702821
Car -1 -1 0.00 567 181 607 197 -1 -1 -1 -1000 -1000 -1000 -10 -0.723349
Car -1 -1 0.00 61 18 97 40 -1 -1 -1 -1000 -1000 -1000 -10 -0.944183
Car -1 -1 0.00 617 185 647 206 -1 -1 -1 -1000 -1000 -1000 -10 -1.01631
Car -1 -1 0.00 159 45 186 67 -1 -1 -1 -1000 -1000 -1000 -10 -1.01745
Car -1 -1 0.00 563 319 594 333 -1 -1 -1 -1000 -1000 -1000 -10 -1.02051
Car -1 -1 0.00 546 69 580 110 -1 -1 -1 -1000 -1000 -1000 -10 -1.02807
Car -1 -1 0.00 604 178 634 204 -1 -1 -1 -1000 -1000 -1000 -10 -1.02953
