Car -1 -1 0.00 703 183 806 249 -1 -1 -1 -1000 -1000 -1000 -10 1.86179
Car -1 -1 0.00 638 175 699 219 -1 -1 -1 -1000 -1000 -1000 -10 1.61122
Car -1 -1 0.00 615 173 671 212 -1 -1 -1 -1000 -1000 -1000 -10 0.776176
Car -1 -1 0.00 558 171 591 195 -1 -1 -1 -1000 -1000 -1000 -10 0.100421
Car -1 -1 0.00 33 194 365 332 -1 -1 -1 -1000 -1000 -1000 -10 -0.00441828
Car -1 -1 0.00 354 182 486 245 -1 -1 -1 -1000 -1000 -1000 -10 -0.247377
Car -1 -1 0.00 176 186 441 270 -1 -1 -1 -1000 -1000 -1000 -10 -0.293267
Car -1 -1 0.00 393 169 505 225 -1 -1 -1 -1000 -1000 -1000 -10 -0.609052
Car -1 -1 0.00 1138 332 1177 363 -1 -1 -1 -1000 -1000 -1000 -10 -0.818627
Car -1 -1 0.00 1114 40 1150 79 -1 -1 -1 -1000 -1000 -1000 -10 -0.82639
Car -1 -1 0.00 607 182 638 205 -1 -1 -1 -1000 -1000 -1000 -10 -0.880973
Car -1 -1 0.00 1129 328 1174 362 -1 -1 -1 -1000 -1000 -1000 -10 -0.889014
Car -1 -1 0.00 -2 178 437 325 -1 -1 -1 -1000 -1000 -1000 -10 -0.928507
Car -1 -1 0.00 226 141 295 166 -1 -1 -1 -1000 -1000 -1000 -10 -0.942276
Car -1 -1 0.00 976 323 1011 348 -1 -1 -1 -1000 -1000 -1000 -10 -0.949329
Car -1 -1 0.00 214 128 308 159 -1 -1 -1 -1000 -1000 -1000 -10 -0.993949
Car -1 -1 0.00 686 17 719 28 -1 -1 -1 -1000 -1000 -1000 -10 -1.02128
