Car -1 -1 0.00 264 199 484 336 -1 -1 -1 -1000 -1000 -1000 -10 1.56907
Car -1 -1 0.00 525 184 567 217 -1 -1 -1 -1000 -1000 -1000 -10 0.888407
Car -1 -1 0.00 590 173 618 196 -1 -1 -1 -1000 -1000 -1000 -10 -0.371616
Car -1 -1 0.00 539 179 568 196 -1 -1 -1 -1000 -1000 -1000 -10 -0.401835
Car -1 -1 0.00 417 120 445 151 -1 -1 -1 -1000 -1000 -1000 -10 -0.865655
Car -1 -1 0.00 399 110 442 127 -1 -1 -1 -1000 -1000 -1000 -10 -0.902675
Car -1 -1 0.00 196 53 221 65 -1 -1 -1 -1000 -1000 -1000 -10 -0.913006
Car -1 -1 0.00 542 160 565 179 -1 -1 -1 -1000 -1000 -1000 -10 -0.922776
Car -1 -1 0.00 764 212 791 231 -1 -1 -1 -1000 -1000 -1000 -10 -0.983399
Car -1 -1 0.00 104 120 129 146 -1 -1 -1 -1000 -1000 -1000 -10 -0.988887
Car -1 -1 0.00 729 117 758 137 -1 -1 -1 -1000 -1000 -1000 -10 -1.01522
Car -1 -1 0.00 1158 7 1187 41 -1 -1 -1 -1000 -1000 -1000 -10 -1.02595
