Car -1 -1 0.00 892 148 980 190 -1 -1 -1 -1000 -1000 -1000 -10 1.17379
Car -1 -1 0.00 866 146 984 198 -1 -1 -1 -1000 -1000 -1000 -10 -0.665531
Car -1 -1 0.00 1142 174 1191 207 -1 -1 -1 -1000 -1000 -1000 -10 -0.84529
Car -1 -1 0.00 140 295 163 318 -1 -1 -1 -1000 -1000 -1000 -10 -0.866531
Car -1 -1 0.00 1018 51 1049 74 -1 -1 -1 -1000 -1000 -1000 -10 -0.899735
Car -1 -1 0.00 27 206 54 226 -1 -1 -1 -1000 -1000 -1000 -10 -0.945516
Car -1 -1 0.00 291 153 347 177 -1 -1 -1 -1000 -1000 -1000 -10 -0.971742
Car -1 -1 0.00 75 187 116 216 -1 -1 -1 -1000 -1000 -1000 -10 -1.0014
Car -1 -1 0.00 213 175 237 200 -1 -1 -1 -1000 -1000 -1000 -10 -1.00781
Car -1 -1 0.00 272 84 327 143 -1 -1 -1 -1000 -1000 -1000 -10 -1.01967
Car -1 -1 0.00 231 206 1019 442 -1 -1 -1 -1000 -1000 -1000 -10 -1.02592
Car -1 -1 0.00 273 83 306 120 -1 -1 -1 -1000 -1000 -1000 -10 -1.02753
