Car -1 -1 0.00 327 180 441 249 -1 -1 -1 -1000 -1000 -1000 -10 0.926644
Car -1 -1 0.00 -7 192 168 286 -1 -1 -1 -1000 -1000 -1000 -10 -0.450108
Car -1 -1 0.00 1021 321 1059 339 -1 -1 -1 -1000 -1000 -1000 -10 -0.889202
Car -1 -1 0.00 908 180 942 201 -1 -1 -1 -1000 -1000 -1000 -10 -0.941309
Car -1 -1 0.00 807 160 844 191 -1 -1 -1 -1000 -1000 -1000 -10 -0.952182
Car -1 -1 0.00 759 80 809 101 -1 -1 -1 -1000 -1000 -1000 -10 -0.971863
Car -1 -1 0.00 849 -33 960 72 -1 -1 -1 -1000 -1000 -1000 -10 -0.982834
Car -1 -1 0.00 1135 271 1160 294 -1 -1 -1 -1000 -1000 -1000 -10 -0.99382
Car -1 -1 0.00 61 296 87 314 -1 -1 -1 -1000 -1000 -1000 -10 -1.00426
Car -1 -1 0.00 694 171 727 184 -1 -1 -1 -1000 -1000 -1000 -10 -1.0178
