Car -1 -1 0.00 718 182 888 297 -1 -1 -1 -1000 -1000 -1000 -10 2.23855
Car -1 -1 0.00 660 186 719 226 -1 -1 -1 -1000 -1000 -1000 -10 1.20309
Car -1 -1 0.00 29 142 442 315 -1 -1 -1 -1000 -1000 -1000 -10 0.200539
Car -1 -1 0.00 620 175 644 193 -1 -1 -1 -1000 -1000 -1000 -10 0.135588
Car -1 -1 0.00 393 178 502 223 -1 -1 -1 -1000 -1000 -1000 -10 -0.112997
Car -1 -1 0.00 250 140 278 151 -1 -1 -1 -1000 -1000 -1000 -10 -0.903805
Car -1 -1 0.00 1184 234 1219 261 -1 -1 -1 -1000 -1000 -1000 -10 -1.00349
Car -1 -1 0.00 423 296 459 307 -1 -1 -1 -1000 -1000 -1000 -10 -1.01121
Car -1 -1 0.00 584 236 618 247 -1 -1 -1 -1000 -1000 -1000 -10 -1.01122
Car -1 -1 0.00 307 65 342 102 -1 -1 -1 -1000 -1000 -1000 -10 -1.01564
Car -1 -1 0.00 634 334 674 347 -1 -1 -1 -1000 -1000 -1000 -10 -1.02048
Car -1 -1 0.00 345 175 491 230 -1 -1 -1 -1000 -1000 -1000 -10 -1.0208
Car -1 -1 0.00 576 242 611 253 -1 -1 -1 -1000 -1000 -1000 -10 -1.02705
Car -1 -1 0.00 480 284 515 295 -1 -1 -1 -1000 -1000 -1000 -10 -1.02854
Car -1 -1 0.00 172 334 197 345 -1 -1 -1 -1000 -1000 -1000 -10 -1.02966
