Car -1 -1 0.00 731 184 872 277 -1 -1 -1 -1000 -1000 -1000 -10 2.38411
Car -1 -1 0.00 703 179 785 245 -1 -1 -1 -1000 -1000 -1000 -10 1.40699
Car -1 -1 0.00 595 177 622 203 -1 -1 -1 -1000 -1000 -1000 -10 1.25419
Car -1 -1 0.00 673 182 741 234 -1 -1 -1 -1000 -1000 -1000 -10 0.616591
Car -1 -1 0.00 649 181 686 209 -1 -1 -1 -1000 -1000 -1000 -10 -0.141868
Car -1 -1 0.00 782 187 1244 372 -1 -1 -1 -1000 -1000 -1000 -10 -0.332924
Car -1 -1 0.00 787 64 840 111 -1 -1 -1 -1000 -1000 -1000 -10 -0.981516
Car -1 -1 0.00 1144 186 1174 208 -1 -1 -1 -1000 -1000 -1000 -10 -0.984902
Car -1 -1 0.00 310 309 341 340 -1 -1 -1 -1000 -1000 -1000 -10 -0.995673
Car -1 -1 0.00 1142 83 1208 108 -1 -1 -1 -1000 -1000 -1000 -10 -1.00759
Car -1 -1 0.00 500 181 533 193 -1 -1 -1 -1000 -1000 -1000 -10 -1.00796
Car -1 -1 0.00 290 315 317 341 -1 -1 -1 -1000 -1000 -1000 -10 -1.02756
Car -1 -1 0.00 1203 232 1266 262 -1 -1 -1 -1000 -1000 -1000 -10 -1.02851
