Car -1 -1 0.00 714 172 765 199 -1 -1 -1 -1000 -1000 -1000 -10 0.633399
Car -1 -1 0.00 1163 2 1232 55 -1 -1 -1 -1000 -1000 -1000 -10 -0.899008
Car -1 -1 0.00 344 221 370 238 -1 -1 -1 -1000 -1000 -1000 -10 -0.936085
Car -1 -1 0.00 379 154 414 171 -1 -1 -1 -1000 -1000 -1000 -10 -0.946505
Car -1 -1 0.00 443 285 467 313 -1 -1 -1 -1000 -1000 -1000 -10 -0.970214
Car -1 -1 0.00 783 159 815 185 -1 -1 -1 -1000 -1000 -1000 -10 -0.986801
Car -1 -1 0.00 1175 370 1202 380 -1 -1 -1 -1000 -1000 -1000 -10 -0.997883
Car -1 -1 0.00 1059 89 1086 111 -1 -1 -1 -1000 -1000 -1000 -10 -1.0043
Car -1 -1 0.00 273 347 307 374 -1 -1 -1 -1000 -1000 -1000 -10 -1.00548
Car -1 -1 0.00 973 319 1003 357 -1 -1 -1 -1000 -1000 -1000 -10 -1.01113
Car -1 -1 0.00 852 63 894 108 -1 -1 -1 -1000 -1000 -1000 -10 -1.02053
Car -1 -1 0.00 1148 363 1190 403 -1 -1 -1 -1000 -1000 -1000 -10 -1.02219
