Car -1 -1 0.00 619 181 729 284 -1 -1 -1 -1000 -1000 -1000 -10 1.65926
Car -1 -1 0.00 806 165 865 205 -1 -1 -1 -1000 -1000 -1000 -10 1.27485
Car -1 -1 0.00 498 161 589 236 -1 -1 -1 -1000 -1000 -1000 -10 1.18957
Car -1 -1 0.00 695 168 805 237 -1 -1 -1 -1000 -1000 -1000 -10 0.975366
Car -1 -1 0.00 615 180 653 205 -1 -1 -1 -1000 -1000 -1000 -10 0.700311
Car -1 -1 0.00 675 168 826 234 -1 -1 -1 -1000 -1000 -1000 -10 -0.781251
Car -1 -1 0.00 104 216 306 372 -1 -1 -1 -1000 -1000 -1000 -10 -0.818795
Car -1 -1 0.00 1213 35 1241 57 -1 -1 -1 -1000 -1000 -1000 -10 -0.90735
Car -1 -1 0.00 283 255 356 295 -1 -1 -1 -1000 -1000 -1000 -10 -0.948858
Car -1 -1 0.00 1173 43 1200 64 -1 -1 -1 -1000 -1000 -1000 -10 -0.952941
Car -1 -1 0.00 1189 251 1233 281 -1 -1 -1 -1000 -1000 -1000 -10 -0.956273
Car -1 -1 0.00 137 204 239 232 -1 -1 -1 -1000 -1000 -1000 -10 -0.979146
Car -1 -1 0.00 674 183 814 240 -1 -1 -1 -1000 -1000 -1000 -10 -0.997691
Car -1 -1 0.00 286 164 314 177 -1 -1 -1 -1000 -1000 -1000 -10 -1.01695
Car -1 -1 0.00 586 85 621 105 -1 -1 -1 -1000 -1000 -1000 -10 -1.01822
