Car -1 -1 0.00 703 186 793 255 -1 -1 -1 -1000 -1000 -1000 -10 2.11239
Car -1 -1 0.00 382 193 523 301 -1 -1 -1 -1000 -1000 -1000 -10 1.4889
Car -1 -1 0.00 680 181 744 235 -1 -1 -1 -1000 -1000 -1000 -10 0.893558
Car -1 -1 0.00 797 202 1148 380 -1 -1 -1 -1000 -1000 -1000 -10 -0.144145
Car -1 -1 0.00 659 179 702 214 -1 -1 -1 -1000 -1000 -1000 -10 -0.372902
Car -1 -1 0.00 502 185 560 243 -1 -1 -1 -1000 -1000 -1000 -10 -0.631228
Car -1 -1 0.00 458 189 545 260 -1 -1 -1 -1000 -1000 -1000 -10 -0.737096
Car -1 -1 0.00 679 182 707 204 -1 -1 -1 -1000 -1000 -1000 -10 -0.76282
Car -1 -1 0.00 365 195 506 308 -1 -1 -1 -1000 -1000 -1000 -10 -0.906306
Car -1 -1 0.00 701 338 756 374 -1 -1 -1 -1000 -1000 -1000 -10 -0.96066
Car -1 -1 0.00 763 199 1213 372 -1 -1 -1 -1000 -1000 -1000 -10 -0.96724
Car -1 -1 0.00 131 183 156 206 -1 -1 -1 -1000 -1000 -1000 -10 -0.997311
Car -1 -1 0.00 203 315 239 343 -1 -1 -1 -1000 -1000 -1000 -10 -1.0033
