Car -1 -1 0.00 787 134 942 213 -1 -1 -1 -1000 -1000 -1000 -10 1.60164
Car -1 -1 0.00 958 122 1022 151 -1 -1 -1 -1000 -1000 -1000 -10 1.19872
Car -1 -1 0.00 1201 108 1241 137 -1 -1 -1 -1000 -1000 -1000 -10 0.38122
Car -1 -1 0.00 1089 339 1117 360 -1 -1 -1 -1000 -1000 -1000 -10 -0.831506
Car -1 -1 0.00 1186 53 1231 90 -1 -1 -1 -1000 -1000 -1000 -10 -0.876438
Car -1 -1 0.00 938 287 964 325 -1 -1 -1 -1000 -1000 -1000 -10 -0.967932
Car -1 -1 0.00 106 230 192 255 -1 -1 -1 -1000 -1000 -1000 -10 -1.01549
Car -1 -1 0.00 22 206 47 230 -1 -1 -1 -1000 -1000 -1000 -10 -1.01554
Car -1 -1 0.00 289 156 331 192 -1 -1 -1 -1000 -1000 -1000 -10 -1.01811
Car -1 -1 0.00 932 285 968 299 -1 -1 -1 -1000 -1000 -1000 -10 -1.02134
Car -1 -1 0.00 933 278 967 290 -1 -1 -1 -1000 -1000 -1000 -10 -1.02312
