Car -1 -1 0.00 152 187 283 239 -1 -1 -1 -1000 -1000 -1000 -10 1.83668
Car -1 -1 0.00 690 183 773 241 -1 -1 -1 -1000 -1000 -1000 -10 1.73255
Car -1 -1 0.00 668 173 703 195 -1 -1 -1 -1000 -1000 -1000 -10 1.52167
Car -1 -1 0.00 450 177 512 210 -1 -1 -1 -1000 -1000 -1000 -10 0.950424
Car -1 -1 0.00 1164 164 1221 188 -1 -1 -1 -1000 -1000 -1000 -10 -0.742446
Car -1 -1 0.00 1173 368 1219 379 -1 -1 -1 -1000 -1000 -1000 -10 -0.840815
Car -1 -1 0.00 741 12 792 46 -1 -1 -1 -1000 -1000 -1000 -10 -0.955882
Car -1 -1 0.00 677 307 718 320 -1 -1 -1 -1000 -1000 -1000 -10 -0.976087
Car -1 -1 0.00 677 304 713 315 -1 -1 -1 -1000 -1000 -1000 -10 -0.976467
Car -1 -1 0.00 926 362 953 387 -1 -1 -1 -1000 -1000 -1000 -10 -0.992841
Car -1 -1 0.00 952 76 1214 188 -1 -1 -1 -1000 -1000 -1000 -10 -0.995413
Car -1 -1 0.00 680 312 714 323 -1 -1 -1 -1000 -1000 -1000 -10 -0.997144
Car -1 -1 0.00 669 306 705 317 -1 -1 -1 -1000 -1000 -1000 -10 -1.00193
Car -1 -1 0.00 667 314 703 325 -1 -1 -1 -1000 -1000 -1000 -10 -1.00304
Car -1 -1 0.00 476 318 511 329 -1 -1 -1 -1000 -1000 -1000 -10 -1.0054
Car -1 -1 0.00 672 322 706 333 -1 -1 -1 -1000 -1000 -1000 -10 -1.00733
Car -1 -1 0.00 660 309 702 323 -1 -1 -1 -1000 -1000 -1000 -10 -1.01118
Car -1 -1 0.00 671 316 707 327 -1 -1 -1 -1000 -1000 -1000 -10 -1.0113
Car -1 -1 0.00 660 304 694 315 -1 -1 -1 -1000 -1000 -1000 -10 -1.01502
Car -1 -1 0.00 482 312 517 323 -1 -1 -1 -1000 -1000 -1000 -10 -1.01711
Car -1 -1 0.00 679 300 721 313 -1 -1 -1 -1000 -1000 -1000 -10 -1.01881
Car -1 -1 0.00 664 302 706 316 -1 -1 -1 -1000 -1000 -1000 -10 -1.01951
Car -1 -1 0.00 661 308 696 319 -1 -1 -1 -1000 -1000 -1000 -10 -1.01995
Car -1 -1 0.00 677 311 701 339 -1 -1 -1 -1000 -1000 -1000 -10 -1.02126
Car -1 -1 0.00 675 318 710 329 -1 -1 -1 -1000 -1000 -1000 -10 -1.02202
Car -1 -1 0.00 676 326 710 337 -1 -1 -1 -1000 -1000 -1000 -10 -1.0221
Car -1 -1 0.00 671 304 695 331 -1 -1 -1 -1000 -1000 -1000 -10 -1.02292
Car -1 -1 0.00 687 324 723 335 -1 -1 -1 -1000 -1000 -1000 -10 -1.02308
Car -1 -1 0.00 481 322 517 333 -1 -1 -1 -1000 -1000 -1000 -10 -1.02329
Car -1 -1 0.00 682 305 723 318 -1 -1 -1 -1000 -1000 -1000 -10 -1.02461
Car -1 -1 0.00 673 300 709 311 -1 -1 -1 -1000 -1000 -1000 -10 -1.02558
Car -1 -1 0.00 683 320 719 331 -1 -1 -1 -1000 -1000 -1000 -10 -1.02661
Car -1 -1 0.00 478 304 513 316 -1 -1 -1 -1000 -1000 -1000 -10 -1.0274
Car -1 -1 0.00 668 320 703 331 -1 -1 -1 -1000 -1000 -1000 -10 -1.02775
