Car -1 -1 0.00 782 247 808 264 -1 -1 -1 -1000 -1000 -1000 -10 -0.895462
Car -1 -1 0.00 82 162 116 172 -1 -1 -1 -1000 -1000 -1000 -10 -0.938898
Car -1 -1 0.00 694 69 720 96 -1 -1 -1 -1000 -1000 -1000 -10 -0.959329
Car -1 -1 0.00 430 31 454 53 -1 -1 -1 -1000 -1000 -1000 -10 -0.967779
Car -1 -1 0.00 19 152 43 179 -1 -1 -1 -1000 -1000 -1000 -10 -0.990646
Car -1 -1 0.00 64 162 98 173 -1 -1 -1 -1000 -1000 -1000 -10 -0.99135
Car -1 -1 0.00 776 162 803 186 -1 -1 -1 -1000 -1000 -1000 -10 -0.992998
Car -1 -1 0.00 809 247 844 277 -1 -1 -1 -1000 -1000 -1000 -10 -1.00252
Car -1 -1 0.00 95 162 128 172 -1 -1 -1 -1000 -1000 -1000 -10 -1.01208
Car -1 -1 0.00 301 219 331 250 -1 -1 -1 -1000 -1000 -1000 -10 -1.02605
Car -1 -1 0.00 76 164 113 175 -1 -1 -1 -1000 -1000 -1000 -10 -1.02646
