Car -1 -1 0.00 637 173 737 209 -1 -1 -1 -1000 -1000 -1000 -10 -0.196247
Car -1 -1 0.00 621 169 650 191 -1 -1 -1 -1000 -1000 -1000 -10 -0.620959
Car -1 -1 0.00 638 172 690 207 -1 -1 -1 -1000 -1000 -1000 -10 -0.817043
Car -1 -1 0.00 618 172 665 191 -1 -1 -1 -1000 -1000 -1000 -10 -0.944724
Car -1 -1 0.00 162 188 193 209 -1 -1 -1 -1000 -1000 -1000 -10 -0.953829
Car -1 -1 0.00 502 -3 611 28 -1 -1 -1 -1000 -1000 -1000 -10 -0.985814
Car -1 -1 0.00 398 74 426 108 -1 -1 -1 -1000 -1000 -1000 -10 -0.986754
Car -1 -1 0.00 515 97 542 119 -1 -1 -1 -1000 -1000 -1000 -10 -0.991932
Car -1 -1 0.00 994 61 1019 82 -1 -1 -1 -1000 -1000 -1000 -10 -0.998524
Car -1 -1 0.00 492 -2 559 20 -1 -1 -1 -1000 -1000 -1000 -10 -1.01547
Car -1 -1 0.00 816 342 842 364 -1 -1 -1 -1000 -1000 -1000 -10 -1.02339
