Car -1 -1 0.00 314 180 377 211 -1 -1 -1 -1000 -1000 -1000 -10 1.29429
Car -1 -1 0.00 407 178 447 201 -1 -1 -1 -1000 -1000 -1000 -10 1.11119
Car -1 -1 0.00 637 178 703 235 -1 -1 -1 -1000 -1000 -1000 -10 0.358669
Car -1 -1 0.00 700 179 764 205 -1 -1 -1 -1000 -1000 -1000 -10 -0.177245
Car -1 -1 0.00 640 177 701 235 -1 -1 -1 -1000 -1000 -1000 -10 -0.426247
Car -1 -1 0.00 557 177 585 195 -1 -1 -1 -1000 -1000 -1000 -10 -0.785976
Car -1 -1 0.00 67 160 233 208 -1 -1 -1 -1000 -1000 -1000 -10 -0.827113
Car -1 -1 0.00 678 183 723 215 -1 -1 -1 -1000 -1000 -1000 -10 -0.828761
Car -1 -1 0.00 1176 177 1230 213 -1 -1 -1 -1000 -1000 -1000 -10 -0.922977
Car -1 -1 0.00 140 147 167 168 -1 -1 -1 -1000 -1000 -1000 -10 -0.962246
Car -1 -1 0.00 744 315 775 348 -1 -1 -1 -1000 -1000 -1000 -10 -0.975772
Car -1 -1 0.00 711 282 744 313 -1 -1 -1 -1000 -1000 -1000 -10 -1.00831
