Car -1 -1 0.00 187 178 241 200 -1 -1 -1 -1000 -1000 -1000 -10 0.860824
Car -1 -1 0.00 224 179 286 197 -1 -1 -1 -1000 -1000 -1000 -10 -0.332019
Car -1 -1 0.00 17 183 84 205 -1 -1 -1 -1000 -1000 -1000 -10 -0.505608
Car -1 -1 0.00 384 171 441 191 -1 -1 -1 -1000 -1000 -1000 -10 -0.570702
Car -1 -1 0.00 757 172 819 190 -1 -1 -1 -1000 -1000 -1000 -10 -0.596892
Car -1 -1 0.00 259 178 328 198 -1 -1 -1 -1000 -1000 -1000 -10 -0.745039
Car -1 -1 0.00 1142 228 1186 265 -1 -1 -1 -1000 -1000 -1000 -10 -0.79838
Car -1 -1 0.00 654 298 687 323 -1 -1 -1 -1000 -1000 -1000 -10 -0.915456
Car -1 -1 0.00 100 121 123 142 -1 -1 -1 -1000 -1000 -1000 -10 -0.95585
Car -1 -1 0.00 407 169 437 191 -1 -1 -1 -1000 -1000 -1000 -10 -0.995726
Car -1 -1 0.00 1173 204 1216 217 -1 -1 -1 -1000 -1000 -1000 -10 -0.995838
Car -1 -1 0.00 236 131 283 146 -1 -1 -1 -1000 -1000 -1000 -10 -1.00503
