Car -1 -1 0.00 916 102 965 130 -1 -1 -1 -1000 -1000 -1000 -10 -0.708257
Car -1 -1 0.00 887 193 911 214 -1 -1 -1 -1000 -1000 -1000 -10 -0.718655
Car -1 -1 0.00 838 208 862 231 -1 -1 -1 -1000 -1000 -1000 -10 -0.763021
Car -1 -1 0.00 603 344 638 380 -1 -1 -1 -1000 -1000 -1000 -10 -0.892431
Car -1 -1 0.00 642 361 677 375 -1 -1 -1 -1000 -1000 -1000 -10 -0.936247
Car -1 -1 0.00 1023 48 1070 63 -1 -1 -1 -1000 -1000 -1000 -10 -0.961682
Car -1 -1 0.00 1178 229 1205 249 -1 -1 -1 -1000 -1000 -1000 -10 -0.976888
Car -1 -1 0.00 87 102 136 127 -1 -1 -1 -1000 -1000 -1000 -10 -0.982073
Car -1 -1 0.00 553 279 588 318 -1 -1 -1 -1000 -1000 -1000 -10 -0.98662
Car -1 -1 0.00 406 252 458 287 -1 -1 -1 -1000 -1000 -1000 -10 -0.998357
Car -1 -1 0.00 442 169 470 183 -1 -1 -1 -1000 -1000 -1000 -10 -1.00124
Car -1 -1 0.00 545 302 599 361 -1 -1 -1 -1000 -1000 -1000 -10 -1.01234
Car -1 -1 0.00 916 28 966 53 -1 -1 -1 -1000 -1000 -1000 -10 -1.01691
Car -1 -1 0.00 1165 103 1200 142 -1 -1 -1 -1000 -1000 -1000 -10 -1.02291
Car -1 -1 0.00 1139 205 1183 246 -1 -1 -1 -1000 -1000 -1000 -10 -1.026
Car -1 -1 0.00 106 91 182 127 -1 -1 -1 -1000 -1000 -1000 -10 -1.02682
Car -1 -1 0.00 615 -37 706 49 -1 -1 -1 -1000 -1000 -1000 -10 -1.02909
