Car -1 -1 0.00 233 145 473 309 -1 -1 -1 -1000 -1000 -1000 -10 0.183616
Car -1 -1 0.00 734 171 893 237 -1 -1 -1 -1000 -1000 -1000 -10 0.151018
Car -1 -1 0.00 608 168 667 197 -1 -1 -1 -1000 -1000 -1000 -10 0.0524496
Car -1 -1 0.00 610 152 679 196 -1 -1 -1 -1000 -1000 -1000 -10 -0.909442
Car -1 -1 0.00 294 119 336 151 -1 -1 -1 -1000 -1000 -1000 -10 -0.927704
Car -1 -1 0.00 955 29 1020 100 -1 -1 -1 -1000 -1000 -1000 -10 -0.943432
Car -1 -1 0.00 731 174 936 238 -1 -1 -1 -1000 -1000 -1000 -10 -0.979587
Car -1 -1 0.00 1160 328 1219 347 -1 -1 -1 -1000 -1000 -1000 -10 -0.987244
Car -1 -1 0.00 704 197 735 219 -1 -1 -1 -1000 -1000 -1000 -10 -0.98775
Car -1 -1 0.00 238 166 279 178 -1 -1 -1 -1000 -1000 -1000 -10 -0.990852
Car -1 -1 0.00 57 208 84 230 -1 -1 -1 -1000 -1000 -1000 -10 -0.997034
Car -1 -1 0.00 925 84 972 122 -1 -1 -1 -1000 -1000 -1000 -10 -0.999933
Car -1 -1 0.00 115 257 144 288 -1 -1 -1 -1000 -1000 -1000 -10 -1.01796
Car -1 -1 0.00 420 242 543 294 -1 -1 -1 -1000 -1000 -1000 -10 -1.02023
Car -1 -1 0.00 151 55 222 88 -1 -1 -1 -1000 -1000 -1000 -10 -1.02962
Car -1 -1 0.00 989 164 1059 192 -1 -1 -1 -1000 -1000 -1000 -10 -1.02976
