Car -1 -1 0.00 222 191 444 256 -1 -1 -1 -1000 -1000 -1000 -10 0.596381
Car -1 -1 0.00 53 202 207 269 -1 -1 -1 -1000 -1000 -1000 -10 0.177235
Car -1 -1 0.00 269 133 353 167 -1 -1 -1 -1000 -1000 -1000 -10 -0.0771869
Car -1 -1 0.00 126 125 206 163 -1 -1 -1 -1000 -1000 -1000 -10 -0.61451
Car -1 -1 0.00 1173 192 1201 216 -1 -1 -1 -1000 -1000 -1000 -10 -0.922512
Car -1 -1 0.00 499 -12 552 26 -1 -1 -1 -1000 -1000 -1000 -10 -0.92711
Car -1 -1 0.00 703 163 731 185 -1 -1 -1 -1000 -1000 -1000 -10 -0.945182
Car -1 -1 0.00 599 -13 643 18 -1 -1 -1 -1000 -1000 -1000 -10 -0.984422
Car -1 -1 0.00 637 -17 682 14 -1 -1 -1 -1000 -1000 -1000 -10 -0.98578
Car -1 -1 0.00 659 294 712 311 -1 -1 -1 -1000 -1000 -1000 -10 -0.991952
Car -1 -1 0.00 101 179 138 191 -1 -1 -1 -1000 -1000 -1000 -10 -0.995233
Car -1 -1 0.00 692 101 760 120 -1 -1 -1 -1000 -1000 -1000 -10 -1.00748
Car -1 -1 0.00 199 178 258 206 -1 -1 -1 -1000 -1000 -1000 -10 -1.00893
Car -1 -1 0.00 684 -16 721 11 -1 -1 -1 -1000 -1000 -1000 -10 -1.00927
Car -1 -1 0.00 811 82 836 109 -1 -1 -1 -1000 -1000 -1000 -10 -1.01532
Car -1 -1 0.00 681 322 717 333 -1 -1 -1 -1000 -1000 -1000 -10 -1.01666
Car -1 -1 0.00 1178 79 1210 107 -1 -1 -1 -1000 -1000 -1000 -10 -1.02084
Car -1 -1 0.00 976 19 1002 40 -1 -1 -1 -1000 -1000 -1000 -10 -1.02116
Car -1 -1 0.00 1080 290 1112 315 -1 -1 -1 -1000 -1000 -1000 -10 -1.02366
