Car -1 -1 0.00 658 177 726 218 -1 -1 -1 -1000 -1000 -1000 -10 1.95015
Car -1 -1 0.00 747 175 841 263 -1 -1 -1 -1000 -1000 -1000 -10 1.89549
Car -1 -1 0.00 194 190 437 305 -1 -1 -1 -1000 -1000 -1000 -10 0.990245
Car -1 -1 0.00 519 168 645 244 -1 -1 -1 -1000 -1000 -1000 -10 0.395306
Car -1 -1 0.00 852 179 880 198 -1 -1 -1 -1000 -1000 -1000 -10 0.32021
Car -1 -1 0.00 735 176 778 204 -1 -1 -1 -1000 -1000 -1000 -10 0.0210823
Car -1 -1 0.00 194 185 451 301 -1 -1 -1 -1000 -1000 -1000 -10 -0.248491
Car -1 -1 0.00 480 204 508 221 -1 -1 -1 -1000 -1000 -1000 -10 -0.701361
Car -1 -1 0.00 1034 161 1070 187 -1 -1 -1 -1000 -1000 -1000 -10 -0.832553
Car -1 -1 0.00 1146 249 1177 280 -1 -1 -1 -1000 -1000 -1000 -10 -0.905101
Car -1 -1 0.00 1137 317 1229 339 -1 -1 -1 -1000 -1000 -1000 -10 -1.02892
