Car -1 -1 0.00 98 186 160 212 -1 -1 -1 -1000 -1000 -1000 -10 -0.0687347
Car -1 -1 0.00 774 170 855 196 -1 -1 -1 -1000 -1000 -1000 -10 -0.162745
Car -1 -1 0.00 177 185 258 210 -1 -1 -1 -1000 -1000 -1000 -10 -0.68982
Car -1 -1 0.00 141 185 202 209 -1 -1 -1 -1000 -1000 -1000 -10 -0.852498
Car -1 -1 0.00 7 193 38 212 -1 -1 -1 -1000 -1000 -1000 -10 -0.878008
Car -1 -1 0.00 566 144 642 184 -1 -1 -1 -1000 -1000 -1000 -10 -0.915874
Car -1 -1 0.00 489 98 541 141 -1 -1 -1 -1000 -1000 -1000 -10 -0.990847
Car -1 -1 0.00 1103 220 1130 243 -1 -1 -1 -1000 -1000 -1000 -10 -1.00429
Car -1 -1 0.00 180 -4 371 40 -1 -1 -1 -1000 -1000 -1000 -10 -1.01469
Car -1 -1 0.00 1198 216 1228 249 -1 -1 -1 -1000 -1000 -1000 -10 -1.01893
Car -1 -1 0.00 28 291 61 306 -1 -1 -1 -1000 -1000 -1000 -10 -1.022
