Car -1 -1 0.00 728 182 808 235 -1 -1 -1 -1000 -1000 -1000 -10 2.08114
Car -1 -1 0.00 761 182 867 261 -1 -1 -1 -1000 -1000 -1000 -10 1.60691
Car -1 -1 0.00 853 163 1077 307 -1 -1 -1 -1000 -1000 -1000 -10 1.37393
Car -1 -1 0.00 705 174 753 210 -1 -1 -1 -1000 -1000 -1000 -10 0.92845
Car -1 -1 0.00 652 175 688 209 -1 -1 -1 -1000 -1000 -1000 -10 0.507307
Car -1 -1 0.00 43 197 137 226 -1 -1 -1 -1000 -1000 -1000 -10 -0.660987
Car -1 -1 0.00 148 155 179 181 -1 -1 -1 -1000 -1000 -1000 -10 -0.757479
Car -1 -1 0.00 1165 234 1189 255 -1 -1 -1 -1000 -1000 -1000 -10 -0.80946
Car -1 -1 0.00 1029 223 1068 252 -1 -1 -1 -1000 -1000 -1000 -10 -0.884921
Car -1 -1 0.00 49 145 150 232 -1 -1 -1 -1000 -1000 -1000 -10 -0.925093
Car -1 -1 0.00 236 193 275 222 -1 -1 -1 -1000 -1000 -1000 -10 -0.984743
Car -1 -1 0.00 296 101 360 135 -1 -1 -1 -1000 -1000 -1000 -10 -1.02116
