Car -1 -1 0.00 685 175 830 269 -1 -1 -1 -1000 -1000 -1000 -10 1.56859
Car -1 -1 0.00 737 181 992 351 -1 -1 -1 -1000 -1000 -1000 -10 1.3131
Car -1 -1 0.00 229 186 423 272 -1 -1 -1 -1000 -1000 -1000 -10 1.08471
Car -1 -1 0.00 25 181 359 325 -1 -1 -1 -1000 -1000 -1000 -10 0.0863998
Car -1 -1 0.00 590 174 643 217 -1 -1 -1 -1000 -1000 -1000 -10 -0.256818
Car -1 -1 0.00 865 -3 920 53 -1 -1 -1 -1000 -1000 -1000 -10 -1.0052
Car -1 -1 0.00 326 -2 361 35 -1 -1 -1 -1000 -1000 -1000 -10 -1.014
Car -1 -1 0.00 1156 208 1198 220 -1 -1 -1 -1000 -1000 -1000 -10 -1.01444
Car -1 -1 0.00 984 326 1019 337 -1 -1 -1 -1000 -1000 -1000 -10 -1.01717
Car -1 -1 0.00 329 359 361 384 -1 -1 -1 -1000 -1000 -1000 -10 -1.02144
Car -1 -1 0.00 938 61 966 98 -1 -1 -1 -1000 -1000 -1000 -10 -1.02443
