Car -1 -1 0.00 161 195 453 351 -1 -1 -1 -1000 -1000 -1000 -10 0.987414
Car -1 -1 0.00 550 179 583 211 -1 -1 -1 -1000 -1000 -1000 -10 0.914375
Car -1 -1 0.00 493 185 527 211 -1 -1 -1 -1000 -1000 -1000 -10 0.892545
Car -1 -1 0.00 165 188 433 346 -1 -1 -1 -1000 -1000 -1000 -10 -0.0525091
Car -1 -1 0.00 162 176 194 206 -1 -1 -1 -1000 -1000 -1000 -10 -0.935835
Car -1 -1 0.00 858 220 921 241 -1 -1 -1 -1000 -1000 -1000 -10 -0.936725
Car -1 -1 0.00 1023 291 1048 313 -1 -1 -1 -1000 -1000 -1000 -10 -0.938435
Car -1 -1 0.00 849 226 970 262 -1 -1 -1 -1000 -1000 -1000 -10 -0.997087
Car -1 -1 0.00 372 367 409 380 -1 -1 -1 -1000 -1000 -1000 -10 -0.997328
Car -1 -1 0.00 857 207 905 225 -1 -1 -1 -1000 -1000 -1000 -10 -0.999913
Car -1 -1 0.00 1070 326 1110 355 -1 -1 -1 -1000 -1000 -1000 -10 -1.00611
Car -1 -1 0.00 153 71 185 106 -1 -1 -1 -1000 -1000 -1000 -10 -1.01766
Car -1 -1 0.00 901 270 987 297 -1 -1 -1 -1000 -1000 -1000 -10 -1.02278
Car -1 -1 0.00 276 184 302 202 -1 -1 -1 -1000 -1000 -1000 -10 -1.02822
Car -1 -1 0.00 1236 264 1264 296 -1 -1 -1 -1000 -1000 -1000 -10 -1.02976
