Car -1 -1 0.00 106 182 356 304 -1 -1 -1 -1000 -1000 -1000 -10 0.369931
Car -1 -1 0.00 1003 127 1070 159 -1 -1 -1 -1000 -1000 -1000 -10 -0.836049
Car -1 -1 0.00 847 323 878 347 -1 -1 -1 -1000 -1000 -1000 -10 -0.89638
Car -1 -1 0.00 765 88 794 113 -1 -1 -1 -1000 -1000 -1000 -10 -0.90472
Car -1 -1 0.00 1190 320 1219 341 -1 -1 -1 -1000 -1000 -1000 -10 -0.923874
Car -1 -1 0.00 985 345 1027 364 -1 -1 -1 -1000 -1000 -1000 -10 -0.934462
Car -1 -1 0.00 720 335 804 372 -1 -1 -1 -1000 -1000 -1000 -10 -0.962436
Car -1 -1 0.00 900 241 933 257 -1 -1 -1 -1000 -1000 -1000 -10 -0.992063
Car -1 -1 0.00 926 99 953 112 -1 -1 -1 -1000 -1000 -1000 -10 -1.0026
Car -1 -1 0.00 684 -6 750 11 -1 -1 -1 -1000 -1000 -1000 -10 -1.02109
Car -1 -1 0.00 522 206 552 217 -1 -1 -1 -1000 -1000 -1000 -10 -1.02934
