Car -1 -1 0.00 464 185 495 205 -1 -1 -1 -1000 -1000 -1000 -10 1.35023
Car -1 -1 0.00 669 146 706 190 -1 -1 -1 -1000 -1000 -1000 -10 -0.437077
Car -1 -1 0.00 406 179 444 195 -1 -1 -1 -1000 -1000 -1000 -10 -0.923074
Car -1 -1 0.00 463 185 495 204 -1 -1 -1 -1000 -1000 -1000 -10 -0.964525
Car -1 -1 0.00 532 10 555 34 -1 -1 -1 -1000 -1000 -1000 -10 -0.982866
Car -1 -1 0.00 1012 151 1055 186 -1 -1 -1 -1000 -1000 -1000 -10 -0.984207
Car -1 -1 0.00 757 122 806 145 -1 -1 -1 -1000 -1000 -1000 -10 -0.997687
Car -1 -1 0.00 623 200 648 220 -1 -1 -1 -1000 -1000 -1000 -10 -1.01681
Car -1 -1 0.00 1003 290 1051 303 -1 -1 -1 -1000 -1000 -1000 -10 -1.01993
Car -1 -1 0.00 352 0 383 36 -1 -1 -1 -1000 -1000 -1000 -10 -1.02083
