Car -1 -1 0.00 469 173 530 203 -1 -1 -1 -1000 -1000 -1000 -10 1.57177
Car -1 -1 0.00 548 174 693 249 -1 -1 -1 -1000 -1000 -1000 -10 1.33411
Car -1 -1 0.00 166 171 203 202 -1 -1 -1 -1000 -1000 -1000 -10 0.315694
Car -1 -1 0.00 511 168 561 202 -1 -1 -1 -1000 -1000 -1000 -10 -0.830833
Car -1 -1 0.00 326 174 378 197 -1 -1 -1 -1000 -1000 -1000 -10 -0.846296
Car -1 -1 0.00 199 173 248 196 -1 -1 -1 -1000 -1000 -1000 -10 -0.908888
Car -1 -1 0.00 994 86 1016 118 -1 -1 -1 -1000 -1000 -1000 -10 -0.926676
Car -1 -1 0.00 990 61 1014 96 -1 -1 -1 -1000 -1000 -1000 -10 -0.942377
Car -1 -1 0.00 995 93 1017 124 -1 -1 -1 -1000 -1000 -1000 -10 -0.963038
Car -1 -1 0.00 701 287 725 309 -1 -1 -1 -1000 -1000 -1000 -10 -0.993289
Car -1 -1 0.00 131 301 168 318 -1 -1 -1 -1000 -1000 -1000 -10 -0.999952
Car -1 -1 0.00 992 78 1017 114 -1 -1 -1 -1000 -1000 -1000 -10 -1.00435
Car -1 -1 0.00 99 94 147 126 -1 -1 -1 -1000 -1000 -1000 -10 -1.00582
Car -1 -1 0.00 629 54 667 66 -1 -1 -1 -1000 -1000 -1000 -10 -1.00655
Car -1 -1 0.00 985 96 1031 110 -1 -1 -1 -1000 -1000 -1000 -10 -1.01855
Car -1 -1 0.00 1002 95 1025 124 -1 -1 -1 -1000 -1000 -1000 -10 -1.02552
Car -1 -1 0.00 143 86 180 97 -1 -1 -1 -1000 -1000 -1000 -10 -1.02903
