Car -1 -1 0.00 476 179 546 238 -1 -1 -1 -1000 -1000 -1000 -10 0.925612
Car -1 -1 0.00 517 177 572 217 -1 -1 -1 -1000 -1000 -1000 -10 0.561891
Car -1 -1 0.00 759 170 1124 309 -1 -1 -1 -1000 -1000 -1000 -10 -0.309335
Car -1 -1 0.00 159 158 448 359 -1 -1 -1 -1000 -1000 -1000 -10 -0.477532
Car -1 -1 0.00 706 171 903 263 -1 -1 -1 -1000 -1000 -1000 -10 -0.54512
Car -1 -1 0.00 556 177 601 200 -1 -1 -1 -1000 -1000 -1000 -10 -0.605241
Car -1 -1 0.00 21 181 346 375 -1 -1 -1 -1000 -1000 -1000 -10 -0.615702
Car -1 -1 0.00 650 174 715 202 -1 -1 -1 -1000 -1000 -1000 -10 -0.628501
Car -1 -1 0.00 923 164 1037 213 -1 -1 -1 -1000 -1000 -1000 -10 -0.669471
Car -1 -1 0.00 637 173 672 197 -1 -1 -1 -1000 -1000 -1000 -10 -0.714526
Car -1 -1 0.00 0 245 400 374 -1 -1 -1 -1000 -1000 -1000 -10 -0.881097
Car -1 -1 0.00 589 176 623 188 -1 -1 -1 -1000 -1000 -1000 -10 -0.920983
Car -1 -1 0.00 656 213 682 235 -1 -1 -1 -1000 -1000 -1000 -10 -0.966198
Car -1 -1 0.00 854 172 889 193 -1 -1 -1 -1000 -1000 -1000 -10 -0.970674
Car -1 -1 0.00 531 174 567 204 -1 -1 -1 -1000 -1000 -1000 -10 -1.01593
Car -1 -1 0.00 437 171 464 200 -1 -1 -1 -1000 -1000 -1000 -10 -1.01932
Car -1 -1 0.00 766 165 853 228 -1 -1 -1 -1000 -1000 -1000 -10 -1.02935
