Car -1 -1 0.00 429 264 484 288 -1 -1 -1 -1000 -1000 -1000 -10 -0.778291
Car -1 -1 0.00 1178 229 1205 248 -1 -1 -1 -1000 -1000 -1000 -10 -0.858569
Car -1 -1 0.00 825 225 866 253 -1 -1 -1 -1000 -1000 -1000 -10 -0.935224
Car -1 -1 0.00 442 169 470 183 -1 -1 -1 -1000 -1000 -1000 -10 -0.952056
Car -1 -1 0.00 603 344 638 380 -1 -1 -1 -1000 -1000 -1000 -10 -0.959986
Car -1 -1 0.00 552 278 589 314 -1 -1 -1 -1000 -1000 -1000 -10 -0.975657
Car -1 -1 0.00 342 8 389 25 -1 -1 -1 -1000 -1000 -1000 -10 -0.985976
Car -1 -1 0.00 631 331 680 369 -1 -1 -1 -1000 -1000 -1000 -10 -0.992704
Car -1 -1 0.00 106 91 182 127 -1 -1 -1 -1000 -1000 -1000 -10 -0.993747
Car -1 -1 0.00 951 13 979 32 -1 -1 -1 -1000 -1000 -1000 -10 -0.99514
Car -1 -1 0.00 167 10 227 38 -1 -1 -1 -1000 -1000 -1000 -10 -1.00324
Car -1 -1 0.00 89 102 143 129 -1 -1 -1 -1000 -1000 -1000 -10 -1.01675
Car -1 -1 0.00 509 104 571 139 -1 -1 -1 -1000 -1000 -1000 -10 -1.02239
Car -1 -1 0.00 250 123 305 151 -1 -1 -1 -1000 -1000 -1000 -10 -1.02242
