Car -1 -1 0.00 601 163 735 207 -1 -1 -1 -1000 -1000 -1000 -10 1.45662
Car -1 -1 0.00 449 165 485 190 -1 -1 -1 -1000 -1000 -1000 -10 1.41615
Car -1 -1 0.00 324 164 448 207 -1 -1 -1 -1000 -1000 -1000 -10 1.18739
Car -1 -1 0.00 740 168 842 203 -1 -1 -1 -1000 -1000 -1000 -10 0.785558
Car -1 -1 0.00 245 164 378 204 -1 -1 -1 -1000 -1000 -1000 -10 -0.0330167
Car -1 -1 0.00 477 168 500 184 -1 -1 -1 -1000 -1000 -1000 -10 -0.483038
Car -1 -1 0.00 910 119 956 157 -1 -1 -1 -1000 -1000 -1000 -10 -0.787527
Car -1 -1 0.00 884 163 929 184 -1 -1 -1 -1000 -1000 -1000 -10 -0.862998
Car -1 -1 0.00 598 164 720 207 -1 -1 -1 -1000 -1000 -1000 -10 -0.888969
Car -1 -1 0.00 1092 178 1119 204 -1 -1 -1 -1000 -1000 -1000 -10 -0.911311
Car -1 -1 0.00 259 163 442 208 -1 -1 -1 -1000 -1000 -1000 -10 -0.920465
Car -1 -1 0.00 449 89 471 103 -1 -1 -1 -1000 -1000 -1000 -10 -0.980293
Car -1 -1 0.00 994 157 1156 204 -1 -1 -1 -1000 -1000 -1000 -10 -0.982498
Car -1 -1 0.00 149 134 173 147 -1 -1 -1 -1000 -1000 -1000 -10 -0.992991
Car -1 -1 0.00 688 114 715 126 -1 -1 -1 -1000 -1000 -1000 -10 -0.995966
Car -1 -1 0.00 457 311 502 324 -1 -1 -1 -1000 -1000 -1000 -10 -1.01443
Car -1 -1 0.00 127 75 182 112 -1 -1 -1 -1000 -1000 -1000 -10 -1.02119
Car -1 -1 0.00 955 86 989 112 -1 -1 -1 -1000 -1000 -1000 -10 -1.02669
Car -1 -1 0.00 865 132 901 165 -1 -1 -1 -1000 -1000 -1000 -10 -1.02792
