Car -1 -1 0.00 378 181 499 264 -1 -1 -1 -1000 -1000 -1000 -10 2.06442
Car -1 -1 0.00 650 175 705 217 -1 -1 -1 -1000 -1000 -1000 -10 1.09549
Car -1 -1 0.00 533 176 567 205 -1 -1 -1 -1000 -1000 -1000 -10 0.787998
Car -1 -1 0.00 636 171 670 196 -1 -1 -1 -1000 -1000 -1000 -10 -0.375006
Car -1 -1 0.00 557 178 580 196 -1 -1 -1 -1000 -1000 -1000 -10 -0.52117
Car -1 -1 0.00 380 219 412 246 -1 -1 -1 -1000 -1000 -1000 -10 -0.952655
Car -1 -1 0.00 279 173 306 195 -1 -1 -1 -1000 -1000 -1000 -10 -0.979457
Car -1 -1 0.00 737 159 777 177 -1 -1 -1 -1000 -1000 -1000 -10 -1.00787
Car -1 -1 0.00 283 179 308 201 -1 -1 -1 -1000 -1000 -1000 -10 -1.00886
Car -1 -1 0.00 445 349 486 374 -1 -1 -1 -1000 -1000 -1000 -10 -1.0253
Car -1 -1 0.00 589 101 629 116 -1 -1 -1 -1000 -1000 -1000 -10 -1.02666
Car -1 -1 0.00 874 158 1001 255 -1 -1 -1 -1000 -1000 -1000 -10 -1.0276
