Car -1 -1 0.00 183 190 364 252 -1 -1 -1 -1000 -1000 -1000 -10 1.80984
Car -1 -1 0.00 562 174 598 207 -1 -1 -1 -1000 -1000 -1000 -10 0.833257
Car -1 -1 0.00 859 164 912 189 -1 -1 -1 -1000 -1000 -1000 -10 0.7397
Car -1 -1 0.00 732 163 793 190 -1 -1 -1 -1000 -1000 -1000 -10 0.183033
Car -1 -1 0.00 190 184 396 251 -1 -1 -1 -1000 -1000 -1000 -10 -0.488248
Car -1 -1 0.00 1142 157 1234 231 -1 -1 -1 -1000 -1000 -1000 -10 -0.850279
Car -1 -1 0.00 83 100 179 133 -1 -1 -1 -1000 -1000 -1000 -10 -0.990218
Car -1 -1 0.00 612 239 649 256 -1 -1 -1 -1000 -1000 -1000 -10 -1.00834
Car -1 -1 0.00 1110 40 1223 80 -1 -1 -1 -1000 -1000 -1000 -10 -1.01374
Car -1 -1 0.00 1103 303 1187 327 -1 -1 -1 -1000 -1000 -1000 -10 -1.01489
