Car -1 -1 0.00 940 336 1040 369 -1 -1 -1 -1000 -1000 -1000 -10 -0.770142
Car -1 -1 0.00 1022 91 1132 123 -1 -1 -1 -1000 -1000 -1000 -10 -0.831111
Car -1 -1 0.00 791 115 833 134 -1 -1 -1 -1000 -1000 -1000 -10 -0.860086
Car -1 -1 0.00 553 279 587 318 -1 -1 -1 -1000 -1000 -1000 -10 -0.961583
Car -1 -1 0.00 105 90 187 128 -1 -1 -1 -1000 -1000 -1000 -10 -0.975507
Car -1 -1 0.00 347 261 378 285 -1 -1 -1 -1000 -1000 -1000 -10 -0.986209
Car -1 -1 0.00 611 348 638 369 -1 -1 -1 -1000 -1000 -1000 -10 -0.987259
Car -1 -1 0.00 915 103 968 129 -1 -1 -1 -1000 -1000 -1000 -10 -0.994083
Car -1 -1 0.00 1179 230 1205 249 -1 -1 -1 -1000 -1000 -1000 -10 -1.00611
Car -1 -1 0.00 659 172 720 216 -1 -1 -1 -1000 -1000 -1000 -10 -1.01623
Car -1 -1 0.00 250 123 305 152 -1 -1 -1 -1000 -1000 -1000 -10 -1.02408
Car -1 -1 0.00 337 99 470 142 -1 -1 -1 -1000 -1000 -1000 -10 -1.02996
