Car -1 -1 0.00 370 177 458 236 -1 -1 -1 -1000 -1000 -1000 -10 2.38022
Car -1 -1 0.00 241 173 286 192 -1 -1 -1 -1000 -1000 -1000 -10 -0.162511
Car -1 -1 0.00 457 168 495 184 -1 -1 -1 -1000 -1000 -1000 -10 -0.219813
Car -1 -1 0.00 37 177 97 194 -1 -1 -1 -1000 -1000 -1000 -10 -0.280631
Car -1 -1 0.00 304 173 369 190 -1 -1 -1 -1000 -1000 -1000 -10 -0.293412
Car -1 -1 0.00 268 173 330 189 -1 -1 -1 -1000 -1000 -1000 -10 -0.905325
Car -1 -1 0.00 1177 177 1207 202 -1 -1 -1 -1000 -1000 -1000 -10 -0.92941
Car -1 -1 0.00 880 165 907 186 -1 -1 -1 -1000 -1000 -1000 -10 -0.932835
Car -1 -1 0.00 1048 180 1074 201 -1 -1 -1 -1000 -1000 -1000 -10 -0.988501
Car -1 -1 0.00 1126 131 1169 145 -1 -1 -1 -1000 -1000 -1000 -10 -0.998843
