Car -1 -1 0.00 601 172 637 202 -1 -1 -1 -1000 -1000 -1000 -10 1.07153
Car -1 -1 0.00 986 184 1164 248 -1 -1 -1 -1000 -1000 -1000 -10 0.537989
Car -1 -1 0.00 414 75 442 96 -1 -1 -1 -1000 -1000 -1000 -10 -0.886364
Car -1 -1 0.00 743 193 788 213 -1 -1 -1 -1000 -1000 -1000 -10 -0.911813
Car -1 -1 0.00 1094 188 1147 211 -1 -1 -1 -1000 -1000 -1000 -10 -0.926506
Car -1 -1 0.00 1179 350 1216 386 -1 -1 -1 -1000 -1000 -1000 -10 -0.954026
Car -1 -1 0.00 835 174 864 206 -1 -1 -1 -1000 -1000 -1000 -10 -0.976197
Car -1 -1 0.00 776 201 812 218 -1 -1 -1 -1000 -1000 -1000 -10 -0.99516
Car -1 -1 0.00 1159 15 1204 30 -1 -1 -1 -1000 -1000 -1000 -10 -0.996423
Car -1 -1 0.00 892 63 933 77 -1 -1 -1 -1000 -1000 -1000 -10 -1.00344
Car -1 -1 0.00 865 183 901 202 -1 -1 -1 -1000 -1000 -1000 -10 -1.00448
Car -1 -1 0.00 956 173 1014 195 -1 -1 -1 -1000 -1000 -1000 -10 -1.00819
Car -1 -1 0.00 195 168 268 194 -1 -1 -1 -1000 -1000 -1000 -10 -1.0094
Car -1 -1 0.00 888 243 943 285 -1 -1 -1 -1000 -1000 -1000 -10 -1.0214
Car -1 -1 0.00 355 206 408 230 -1 -1 -1 -1000 -1000 -1000 -10 -1.02285
Car -1 -1 0.00 752 281 782 317 -1 -1 -1 -1000 -1000 -1000 -10 -1.02301
Car -1 -1 0.00 370 187 431 231 -1 -1 -1 -1000 -1000 -1000 -10 -1.02601
