Car -1 -1 0.00 548 180 579 202 -1 -1 -1 -1000 -1000 -1000 -10 0.871792
Car -1 -1 0.00 -1 205 167 270 -1 -1 -1 -1000 -1000 -1000 -10 0.276238
Car -1 -1 0.00 479 182 517 204 -1 -1 -1 -1000 -1000 -1000 -10 -0.112825
Car -1 -1 0.00 2 212 137 272 -1 -1 -1 -1000 -1000 -1000 -10 -0.746374
Car -1 -1 0.00 983 146 1029 176 -1 -1 -1 -1000 -1000 -1000 -10 -0.865162
Car -1 -1 0.00 1160 134 1190 149 -1 -1 -1 -1000 -1000 -1000 -10 -0.944825
Car -1 -1 0.00 1128 142 1179 190 -1 -1 -1 -1000 -1000 -1000 -10 -0.962628
Car -1 -1 0.00 126 81 149 107 -1 -1 -1 -1000 -1000 -1000 -10 -0.976024
Car -1 -1 0.00 378 150 409 176 -1 -1 -1 -1000 -1000 -1000 -10 -0.984933
Car -1 -1 0.00 31 147 66 180 -1 -1 -1 -1000 -1000 -1000 -10 -1.01667
Car -1 -1 0.00 924 39 959 81 -1 -1 -1 -1000 -1000 -1000 -10 -1.01891
