Car -1 -1 0.00 717 177 847 257 -1 -1 -1 -1000 -1000 -1000 -10 2.29256
Car -1 -1 0.00 661 174 713 211 -1 -1 -1 -1000 -1000 -1000 -10 1.52182
Car -1 -1 0.00 597 170 624 197 -1 -1 -1 -1000 -1000 -1000 -10 1.06201
Car -1 -1 0.00 693 177 759 227 -1 -1 -1 -1000 -1000 -1000 -10 0.72233
Car -1 -1 0.00 643 172 673 198 -1 -1 -1 -1000 -1000 -1000 -10 -0.600484
Car -1 -1 0.00 180 360 205 371 -1 -1 -1 -1000 -1000 -1000 -10 -0.803985
Car -1 -1 0.00 433 141 461 158 -1 -1 -1 -1000 -1000 -1000 -10 -0.8573
Car -1 -1 0.00 844 6 1124 191 -1 -1 -1 -1000 -1000 -1000 -10 -0.935734
Car -1 -1 0.00 410 314 434 325 -1 -1 -1 -1000 -1000 -1000 -10 -0.942443
Car -1 -1 0.00 94 160 125 193 -1 -1 -1 -1000 -1000 -1000 -10 -1.02203
Car -1 -1 0.00 147 161 172 190 -1 -1 -1 -1000 -1000 -1000 -10 -1.0292
