Car -1 -1 0.00 211 217 319 301 -1 -1 -1 -1000 -1000 -1000 -10 0.789456
Car -1 -1 0.00 961 186 1239 269 -1 -1 -1 -1000 -1000 -1000 -10 -0.560025
Car -1 -1 0.00 65 208 169 300 -1 -1 -1 -1000 -1000 -1000 -10 -0.731983
Car -1 -1 0.00 454 77 481 98 -1 -1 -1 -1000 -1000 -1000 -10 -0.816573
Car -1 -1 0.00 86 74 145 98 -1 -1 -1 -1000 -1000 -1000 -10 -0.870207
Car -1 -1 0.00 1025 155 1097 190 -1 -1 -1 -1000 -1000 -1000 -10 -0.878246
Car -1 -1 0.00 824 168 864 185 -1 -1 -1 -1000 -1000 -1000 -10 -0.878403
Car -1 -1 0.00 333 199 358 209 -1 -1 -1 -1000 -1000 -1000 -10 -0.890199
Car -1 -1 0.00 447 204 497 223 -1 -1 -1 -1000 -1000 -1000 -10 -0.931054
Car -1 -1 0.00 84 -4 355 227 -1 -1 -1 -1000 -1000 -1000 -10 -0.95543
Car -1 -1 0.00 373 201 409 215 -1 -1 -1 -1000 -1000 -1000 -10 -0.965304
Car -1 -1 0.00 832 243 862 263 -1 -1 -1 -1000 -1000 -1000 -10 -0.97378
Car -1 -1 0.00 749 43 801 61 -1 -1 -1 -1000 -1000 -1000 -10 -0.982511
Car -1 -1 0.00 863 176 895 193 -1 -1 -1 -1000 -1000 -1000 -10 -0.984576
Car -1 -1 0.00 1057 117 1087 152 -1 -1 -1 -1000 -1000 -1000 -10 -1.02396
Car -1 -1 0.00 55 -2 93 29 -1 -1 -1 -1000 -1000 -1000 -10 -1.02572
