Car -1 -1 0.00 719 242 752 262 -1 -1 -1 -1000 -1000 -1000 -10 -0.945519
Car -1 -1 0.00 152 171 190 184 -1 -1 -1 -1000 -1000 -1000 -10 -0.96276
Car -1 -1 0.00 747 287 786 298 -1 -1 -1 -1000 -1000 -1000 -10 -0.996072
Car -1 -1 0.00 289 84 324 97 -1 -1 -1 -1000 -1000 -1000 -10 -1.00742
Car -1 -1 0.00 427 200 469 235 -1 -1 -1 -1000 -1000 -1000 -10 -1.00889
Car -1 -1 0.00 1028 204 1080 262 -1 -1 -1 -1000 -1000 -1000 -10 -1.01222
Car -1 -1 0.00 996 149 1032 168 -1 -1 -1 -1000 -1000 -1000 -10 -1.02
Car -1 -1 0.00 625 128 650 155 -1 -1 -1 -1000 -1000 -1000 -10 -1.02389
Car -1 -1 0.00 1111 27 1139 49 -1 -1 -1 -1000 -1000 -1000 -10 -1.02675
Car -1 -1 0.00 871 182 948 208 -1 -1 -1 -1000 -1000 -1000 -10 -1.02716
Car -1 -1 0.00 975 240 1174 299 -1 -1 -1 -1000 -1000 -1000 -10 -1.0293
