Car -1 -1 0.00 732 190 1072 345 -1 -1 -1 -1000 -1000 -1000 -10 1.10027
Car -1 -1 0.00 582 170 611 199 -1 -1 -1 -1000 -1000 -1000 -10 0.603714
Car -1 -1 0.00 723 179 841 276 -1 -1 -1 -1000 -1000 -1000 -10 0.105583
Car -1 -1 0.00 692 177 752 224 -1 -1 -1 -1000 -1000 -1000 -10 -0.78803
Car -1 -1 0.00 443 94 466 113 -1 -1 -1 -1000 -1000 -1000 -10 -0.847012
Car -1 -1 0.00 739 33 790 80 -1 -1 -1 -1000 -1000 -1000 -10 -0.937751
Car -1 -1 0.00 595 167 627 195 -1 -1 -1 -1000 -1000 -1000 -10 -0.954066
Car -1 -1 0.00 1052 17 1090 29 -1 -1 -1 -1000 -1000 -1000 -10 -0.978668
Car -1 -1 0.00 721 185 915 274 -1 -1 -1 -1000 -1000 -1000 -10 -0.985831
Car -1 -1 0.00 94 77 129 89 -1 -1 -1 -1000 -1000 -1000 -10 -1.00277
Car -1 -1 0.00 22 76 48 104 -1 -1 -1 -1000 -1000 -1000 -10 -1.02284
Car -1 -1 0.00 449 113 484 138 -1 -1 -1 -1000 -1000 -1000 -10 -1.02285
Car -1 -1 0.00 1031 214 1067 260 -1 -1 -1 -1000 -1000 -1000 -10 -1.02938
