Car -1 -1 0.00 420 179 494 223 -1 -1 -1 -1000 -1000 -1000 -10 0.619412
Car -1 -1 0.00 496 173 534 204 -1 -1 -1 -1000 -1000 -1000 -10 0.446091
Car -1 -1 0.00 657 166 756 205 -1 -1 -1 -1000 -1000 -1000 -10 -0.0713684
Car -1 -1 0.00 666 168 752 196 -1 -1 -1 -1000 -1000 -1000 -10 -0.55126
Car -1 -1 0.00 23 162 101 198 -1 -1 -1 -1000 -1000 -1000 -10 -0.771391
Car -1 -1 0.00 1063 48 1092 71 -1 -1 -1 -1000 -1000 -1000 -10 -0.791726
Car -1 -1 0.00 569 171 645 216 -1 -1 -1 -1000 -1000 -1000 -10 -0.905005
Car -1 -1 0.00 667 276 702 287 -1 -1 -1 -1000 -1000 -1000 -10 -0.957084
Car -1 -1 0.00 40 35 66 63 -1 -1 -1 -1000 -1000 -1000 -10 -0.972102
Car -1 -1 0.00 667 288 703 299 -1 -1 -1 -1000 -1000 -1000 -10 -0.976148
Car -1 -1 0.00 78 158 141 208 -1 -1 -1 -1000 -1000 -1000 -10 -0.98041
Car -1 -1 0.00 657 282 708 298 -1 -1 -1 -1000 -1000 -1000 -10 -0.983156
Car -1 -1 0.00 665 302 701 313 -1 -1 -1 -1000 -1000 -1000 -10 -0.986018
Car -1 -1 0.00 671 290 707 301 -1 -1 -1 -1000 -1000 -1000 -10 -0.98697
Car -1 -1 0.00 655 298 697 312 -1 -1 -1 -1000 -1000 -1000 -10 -0.989586
Car -1 -1 0.00 591 276 627 287 -1 -1 -1 -1000 -1000 -1000 -10 -0.989862
Car -1 -1 0.00 664 274 698 285 -1 -1 -1 -1000 -1000 -1000 -10 -0.991304
Car -1 -1 0.00 562 260 603 274 -1 -1 -1 -1000 -1000 -1000 -10 -0.991991
Car -1 -1 0.00 655 276 691 287 -1 -1 -1 -1000 -1000 -1000 -10 -0.991995
Car -1 -1 0.00 649 284 685 295 -1 -1 -1 -1000 -1000 -1000 -10 -0.995039
Car -1 -1 0.00 680 298 714 309 -1 -1 -1 -1000 -1000 -1000 -10 -0.995449
Car -1 -1 0.00 643 266 679 277 -1 -1 -1 -1000 -1000 -1000 -10 -0.997841
Car -1 -1 0.00 668 299 720 315 -1 -1 -1 -1000 -1000 -1000 -10 -0.998875
Car -1 -1 0.00 657 291 708 307 -1 -1 -1 -1000 -1000 -1000 -10 -1.00014
Car -1 -1 0.00 577 286 612 297 -1 -1 -1 -1000 -1000 -1000 -10 -1.00108
Car -1 -1 0.00 557 264 592 275 -1 -1 -1 -1000 -1000 -1000 -10 -1.00245
Car -1 -1 0.00 659 277 702 291 -1 -1 -1 -1000 -1000 -1000 -10 -1.003
Car -1 -1 0.00 660 303 702 317 -1 -1 -1 -1000 -1000 -1000 -10 -1.00388
Car -1 -1 0.00 561 266 596 277 -1 -1 -1 -1000 -1000 -1000 -10 -1.00393
Car -1 -1 0.00 645 288 696 304 -1 -1 -1 -1000 -1000 -1000 -10 -1.00399
Car -1 -1 0.00 689 328 725 339 -1 -1 -1 -1000 -1000 -1000 -10 -1.00437
Car -1 -1 0.00 577 258 612 269 -1 -1 -1 -1000 -1000 -1000 -10 -1.00481
Car -1 -1 0.00 566 265 608 279 -1 -1 -1 -1000 -1000 -1000 -10 -1.00569
Car -1 -1 0.00 667 279 709 293 -1 -1 -1 -1000 -1000 -1000 -10 -1.00583
Car -1 -1 0.00 662 296 705 310 -1 -1 -1 -1000 -1000 -1000 -10 -1.00692
Car -1 -1 0.00 689 314 725 325 -1 -1 -1 -1000 -1000 -1000 -10 -1.00837
Car -1 -1 0.00 562 274 596 285 -1 -1 -1 -1000 -1000 -1000 -10 -1.00879
Car -1 -1 0.00 601 264 637 275 -1 -1 -1 -1000 -1000 -1000 -10 -1.00903
Car -1 -1 0.00 681 306 717 317 -1 -1 -1 -1000 -1000 -1000 -10 -1.00925
Car -1 -1 0.00 89 300 114 312 -1 -1 -1 -1000 -1000 -1000 -10 -1.00934
Car -1 -1 0.00 682 292 716 303 -1 -1 -1 -1000 -1000 -1000 -10 -1.01105
Car -1 -1 0.00 673 296 709 307 -1 -1 -1 -1000 -1000 -1000 -10 -1.01307
Car -1 -1 0.00 687 300 725 311 -1 -1 -1 -1000 -1000 -1000 -10 -1.01345
Car -1 -1 0.00 640 290 701 310 -1 -1 -1 -1000 -1000 -1000 -10 -1.01424
Car -1 -1 0.00 657 280 692 291 -1 -1 -1 -1000 -1000 -1000 -10 -1.01466
Car -1 -1 0.00 663 301 714 358 -1 -1 -1 -1000 -1000 -1000 -10 -1.01576
Car -1 -1 0.00 661 310 697 321 -1 -1 -1 -1000 -1000 -1000 -10 -1.01609
Car -1 -1 0.00 577 298 613 309 -1 -1 -1 -1000 -1000 -1000 -10 -1.01676
Car -1 -1 0.00 650 272 692 286 -1 -1 -1 -1000 -1000 -1000 -10 -1.01736
Car -1 -1 0.00 562 258 596 269 -1 -1 -1 -1000 -1000 -1000 -10 -1.01747
Car -1 -1 0.00 540 268 575 279 -1 -1 -1 -1000 -1000 -1000 -10 -1.01779
Car -1 -1 0.00 603 267 644 281 -1 -1 -1 -1000 -1000 -1000 -10 -1.01833
Car -1 -1 0.00 661 266 685 293 -1 -1 -1 -1000 -1000 -1000 -10 -1.01853
Car -1 -1 0.00 601 280 637 291 -1 -1 -1 -1000 -1000 -1000 -10 -1.01868
Car -1 -1 0.00 629 284 664 295 -1 -1 -1 -1000 -1000 -1000 -10 -1.0192
Car -1 -1 0.00 588 278 622 289 -1 -1 -1 -1000 -1000 -1000 -10 -1.0204
Car -1 -1 0.00 580 274 614 285 -1 -1 -1 -1000 -1000 -1000 -10 -1.02084
Car -1 -1 0.00 641 277 682 291 -1 -1 -1 -1000 -1000 -1000 -10 -1.02109
Car -1 -1 0.00 645 270 688 283 -1 -1 -1 -1000 -1000 -1000 -10 -1.02153
Car -1 -1 0.00 578 262 613 273 -1 -1 -1 -1000 -1000 -1000 -10 -1.02166
Car -1 -1 0.00 667 288 691 315 -1 -1 -1 -1000 -1000 -1000 -10 -1.02204
Car -1 -1 0.00 673 278 708 289 -1 -1 -1 -1000 -1000 -1000 -10 -1.02238
Car -1 -1 0.00 691 318 727 329 -1 -1 -1 -1000 -1000 -1000 -10 -1.0228
Car -1 -1 0.00 594 262 629 273 -1 -1 -1 -1000 -1000 -1000 -10 -1.02333
Car -1 -1 0.00 535 270 571 281 -1 -1 -1 -1000 -1000 -1000 -10 -1.02356
Car -1 -1 0.00 591 272 627 283 -1 -1 -1 -1000 -1000 -1000 -10 -1.02409
Car -1 -1 0.00 622 286 656 297 -1 -1 -1 -1000 -1000 -1000 -10 -1.02411
Car -1 -1 0.00 585 256 621 267 -1 -1 -1 -1000 -1000 -1000 -10 -1.02473
Car -1 -1 0.00 636 313 724 342 -1 -1 -1 -1000 -1000 -1000 -10 -1.02581
Car -1 -1 0.00 669 267 698 300 -1 -1 -1 -1000 -1000 -1000 -10 -1.02594
Car -1 -1 0.00 647 268 682 279 -1 -1 -1 -1000 -1000 -1000 -10 -1.02658
Car -1 -1 0.00 580 270 614 281 -1 -1 -1 -1000 -1000 -1000 -10 -1.02699
Car -1 -1 0.00 693 310 729 321 -1 -1 -1 -1000 -1000 -1000 -10 -1.02719
Car -1 -1 0.00 687 290 711 317 -1 -1 -1 -1000 -1000 -1000 -10 -1.02732
Car -1 -1 0.00 653 286 688 297 -1 -1 -1 -1000 -1000 -1000 -10 -1.02734
Car -1 -1 0.00 683 286 719 297 -1 -1 -1 -1000 -1000 -1000 -10 -1.02744
Car -1 -1 0.00 557 270 599 283 -1 -1 -1 -1000 -1000 -1000 -10 -1.02759
Car -1 -1 0.00 691 324 727 335 -1 -1 -1 -1000 -1000 -1000 -10 -1.02769
Car -1 -1 0.00 475 28 531 53 -1 -1 -1 -1000 -1000 -1000 -10 -1.02799
Car -1 -1 0.00 557 268 593 279 -1 -1 -1 -1000 -1000 -1000 -10 -1.02823
Car -1 -1 0.00 688 294 723 306 -1 -1 -1 -1000 -1000 -1000 -10 -1.02837
Car -1 -1 0.00 691 298 727 310 -1 -1 -1 -1000 -1000 -1000 -10 -1.02867
Car -1 -1 0.00 558 260 592 271 -1 -1 -1 -1000 -1000 -1000 -10 -1.02894
Car -1 -1 0.00 578 254 612 265 -1 -1 -1 -1000 -1000 -1000 -10 -1.02905
Car -1 -1 0.00 553 262 589 273 -1 -1 -1 -1000 -1000 -1000 -10 -1.02907
