Car -1 -1 0.00 669 190 734 236 -1 -1 -1 -1000 -1000 -1000 -10 1.72088
Car -1 -1 0.00 717 194 888 303 -1 -1 -1 -1000 -1000 -1000 -10 1.33229
Car -1 -1 0.00 159 187 262 219 -1 -1 -1 -1000 -1000 -1000 -10 1.03045
Car -1 -1 0.00 29 178 162 231 -1 -1 -1 -1000 -1000 -1000 -10 0.467195
Car -1 -1 0.00 654 185 698 220 -1 -1 -1 -1000 -1000 -1000 -10 0.210897
Car -1 -1 0.00 252 170 333 211 -1 -1 -1 -1000 -1000 -1000 -10 -0.176502
Car -1 -1 0.00 583 180 620 195 -1 -1 -1 -1000 -1000 -1000 -10 -0.545763
Car -1 -1 0.00 274 62 301 82 -1 -1 -1 -1000 -1000 -1000 -10 -0.99179
Car -1 -1 0.00 649 354 703 374 -1 -1 -1 -1000 -1000 -1000 -10 -1.00701
Car -1 -1 0.00 977 278 1002 289 -1 -1 -1 -1000 -1000 -1000 -10 -1.01002
Car -1 -1 0.00 614 104 673 129 -1 -1 -1 -1000 -1000 -1000 -10 -1.01684
Car -1 -1 0.00 447 113 498 134 -1 -1 -1 -1000 -1000 -1000 -10 -1.01758
Car -1 -1 0.00 300 41 332 55 -1 -1 -1 -1000 -1000 -1000 -10 -1.02218
Car -1 -1 0.00 234 165 265 180 -1 -1 -1 -1000 -1000 -1000 -10 -1.02759
Car -1 -1 0.00 1110 124 1141 135 -1 -1 -1 -1000 -1000 -1000 -10 -1.02921
Car -1 -1 0.00 148 233 205 251 -1 -1 -1 -1000 -1000 -1000 -10 -1.02991
