Car -1 -1 0.00 501 180 652 249 -1 -1 -1 -1000 -1000 -1000 -10 0.620249
Car -1 -1 0.00 609 179 718 231 -1 -1 -1 -1000 -1000 -1000 -10 0.513155
Car -1 -1 0.00 754 168 847 253 -1 -1 -1 -1000 -1000 -1000 -10 -0.219148
Car -1 -1 0.00 1071 239 1097 256 -1 -1 -1 -1000 -1000 -1000 -10 -0.889833
Car -1 -1 0.00 177 131 204 152 -1 -1 -1 -1000 -1000 -1000 -10 -0.952702
Car -1 -1 0.00 175 287 203 307 -1 -1 -1 -1000 -1000 -1000 -10 -0.966149
Car -1 -1 0.00 537 119 574 159 -1 -1 -1 -1000 -1000 -1000 -10 -0.974731
Car -1 -1 0.00 102 134 129 151 -1 -1 -1 -1000 -1000 -1000 -10 -1.00364
Car -1 -1 0.00 1053 60 1077 72 -1 -1 -1 -1000 -1000 -1000 -10 -1.00589
Car -1 -1 0.00 572 59 648 81 -1 -1 -1 -1000 -1000 -1000 -10 -1.00629
Car -1 -1 0.00 240 81 284 116 -1 -1 -1 -1000 -1000 -1000 -10 -1.02069
