Car -1 -1 0.00 350 181 424 218 -1 -1 -1 -1000 -1000 -1000 -10 1.21067
Car -1 -1 0.00 667 177 707 208 -1 -1 -1 -1000 -1000 -1000 -10 1.11444
Car -1 -1 0.00 605 176 643 207 -1 -1 -1 -1000 -1000 -1000 -10 0.712572
Car -1 -1 0.00 484 174 518 197 -1 -1 -1 -1000 -1000 -1000 -10 0.509184
Car -1 -1 0.00 391 178 453 211 -1 -1 -1 -1000 -1000 -1000 -10 0.292647
Car -1 -1 0.00 433 177 479 205 -1 -1 -1 -1000 -1000 -1000 -10 0.137769
Car -1 -1 0.00 463 175 502 200 -1 -1 -1 -1000 -1000 -1000 -10 -0.315363
Car -1 -1 0.00 359 180 420 216 -1 -1 -1 -1000 -1000 -1000 -10 -0.71963
Car -1 -1 0.00 288 213 318 236 -1 -1 -1 -1000 -1000 -1000 -10 -0.73628
Car -1 -1 0.00 545 152 573 190 -1 -1 -1 -1000 -1000 -1000 -10 -0.794355
Car -1 -1 0.00 968 178 1131 302 -1 -1 -1 -1000 -1000 -1000 -10 -0.812649
Car -1 -1 0.00 806 40 888 110 -1 -1 -1 -1000 -1000 -1000 -10 -0.816925
Car -1 -1 0.00 545 154 581 194 -1 -1 -1 -1000 -1000 -1000 -10 -0.894428
Car -1 -1 0.00 530 35 555 61 -1 -1 -1 -1000 -1000 -1000 -10 -1.00077
Car -1 -1 0.00 470 349 509 383 -1 -1 -1 -1000 -1000 -1000 -10 -1.00515
Car -1 -1 0.00 252 201 308 236 -1 -1 -1 -1000 -1000 -1000 -10 -1.0116
Car -1 -1 0.00 291 105 343 134 -1 -1 -1 -1000 -1000 -1000 -10 -1.02193
Car -1 -1 0.00 536 148 583 162 -1 -1 -1 -1000 -1000 -1000 -10 -1.02695
