Car -1 -1 0.00 867 169 943 228 -1 -1 -1 -1000 -1000 -1000 -10 1.9277
Car -1 -1 0.00 119 200 344 278 -1 -1 -1 -1000 -1000 -1000 -10 1.06082
Car -1 -1 0.00 1114 162 1207 227 -1 -1 -1 -1000 -1000 -1000 -10 0.552637
Car -1 -1 0.00 926 187 959 209 -1 -1 -1 -1000 -1000 -1000 -10 -0.378031
Car -1 -1 0.00 1058 164 1090 187 -1 -1 -1 -1000 -1000 -1000 -10 -0.613382
Car -1 -1 0.00 903 160 969 208 -1 -1 -1 -1000 -1000 -1000 -10 -0.61863
Car -1 -1 0.00 1084 163 1148 211 -1 -1 -1 -1000 -1000 -1000 -10 -0.799111
Car -1 -1 0.00 161 201 368 271 -1 -1 -1 -1000 -1000 -1000 -10 -0.930006
Car -1 -1 0.00 558 118 586 131 -1 -1 -1 -1000 -1000 -1000 -10 -0.982634
Car -1 -1 0.00 676 153 764 182 -1 -1 -1 -1000 -1000 -1000 -10 -1.0132
Car -1 -1 0.00 893 339 1156 401 -1 -1 -1 -1000 -1000 -1000 -10 -1.01441
Car -1 -1 0.00 1032 32 1058 58 -1 -1 -1 -1000 -1000 -1000 -10 -1.01527
Car -1 -1 0.00 978 319 1194 374 -1 -1 -1 -1000 -1000 -1000 -10 -1.02338
