Car -1 -1 0.00 1178 233 1205 251 -1 -1 -1 -1000 -1000 -1000 -10 -0.778695
Car -1 -1 0.00 700 189 738 218 -1 -1 -1 -1000 -1000 -1000 -10 -0.867876
Car -1 -1 0.00 872 94 906 109 -1 -1 -1 -1000 -1000 -1000 -10 -0.938435
Car -1 -1 0.00 998 52 1024 66 -1 -1 -1 -1000 -1000 -1000 -10 -0.969922
Car -1 -1 0.00 13 5 42 27 -1 -1 -1 -1000 -1000 -1000 -10 -0.998955
Car -1 -1 0.00 529 266 558 301 -1 -1 -1 -1000 -1000 -1000 -10 -1.00093
Car -1 -1 0.00 952 337 1040 369 -1 -1 -1 -1000 -1000 -1000 -10 -1.00405
Car -1 -1 0.00 1144 214 1182 248 -1 -1 -1 -1000 -1000 -1000 -10 -1.01117
Car -1 -1 0.00 612 275 650 299 -1 -1 -1 -1000 -1000 -1000 -10 -1.01316
Car -1 -1 0.00 818 69 844 91 -1 -1 -1 -1000 -1000 -1000 -10 -1.02739
Car -1 -1 0.00 558 262 581 288 -1 -1 -1 -1000 -1000 -1000 -10 -1.02794
Car -1 -1 0.00 292 311 328 328 -1 -1 -1 -1000 -1000 -1000 -10 -1.02965
