Car -1 -1 0.00 849 164 922 190 -1 -1 -1 -1000 -1000 -1000 -10 2.1277
Car -1 -1 0.00 495 170 526 189 -1 -1 -1 -1000 -1000 -1000 -10 1.55334
Car -1 -1 0.00 542 160 672 274 -1 -1 -1 -1000 -1000 -1000 -10 0.895281
Car -1 -1 0.00 122 179 148 200 -1 -1 -1 -1000 -1000 -1000 -10 -0.353957
Car -1 -1 0.00 578 4 600 27 -1 -1 -1 -1000 -1000 -1000 -10 -0.440158
Car -1 -1 0.00 365 173 400 191 -1 -1 -1 -1000 -1000 -1000 -10 -0.512825
Car -1 -1 0.00 340 171 396 191 -1 -1 -1 -1000 -1000 -1000 -10 -0.665093
Car -1 -1 0.00 678 -2 708 31 -1 -1 -1 -1000 -1000 -1000 -10 -0.851074
Car -1 -1 0.00 -12 199 407 376 -1 -1 -1 -1000 -1000 -1000 -10 -0.852275
Car -1 -1 0.00 696 37 746 85 -1 -1 -1 -1000 -1000 -1000 -10 -0.853411
Car -1 -1 0.00 1170 87 1229 111 -1 -1 -1 -1000 -1000 -1000 -10 -0.883222
Car -1 -1 0.00 266 176 314 195 -1 -1 -1 -1000 -1000 -1000 -10 -0.889935
Car -1 -1 0.00 782 -2 804 23 -1 -1 -1 -1000 -1000 -1000 -10 -0.960789
Car -1 -1 0.00 643 6 670 29 -1 -1 -1 -1000 -1000 -1000 -10 -0.972409
Car -1 -1 0.00 296 149 327 179 -1 -1 -1 -1000 -1000 -1000 -10 -0.986968
Car -1 -1 0.00 511 167 537 187 -1 -1 -1 -1000 -1000 -1000 -10 -1.00724
Car -1 -1 0.00 944 234 999 250 -1 -1 -1 -1000 -1000 -1000 -10 -1.00796
Car -1 -1 0.00 -38 220 75 255 -1 -1 -1 -1000 -1000 -1000 -10 -1.01187
Car -1 -1 0.00 674 152 750 179 -1 -1 -1 -1000 -1000 -1000 -10 -1.02249
Car -1 -1 0.00 750 163 806 210 -1 -1 -1 -1000 -1000 -1000 -10 -1.02268
