Car -1 -1 0.00 258 192 460 317 -1 -1 -1 -1000 -1000 -1000 -10 1.44897
Car -1 -1 0.00 534 183 567 208 -1 -1 -1 -1000 -1000 -1000 -10 1.21358
Car -1 -1 0.00 666 179 741 234 -1 -1 -1 -1000 -1000 -1000 -10 1.05503
Car -1 -1 0.00 395 182 502 260 -1 -1 -1 -1000 -1000 -1000 -10 0.718528
Car -1 -1 0.00 481 185 548 227 -1 -1 -1 -1000 -1000 -1000 -10 0.448114
Car -1 -1 0.00 644 181 689 217 -1 -1 -1 -1000 -1000 -1000 -10 0.0754408
Car -1 -1 0.00 625 180 652 198 -1 -1 -1 -1000 -1000 -1000 -10 -0.391246
Car -1 -1 0.00 447 187 524 242 -1 -1 -1 -1000 -1000 -1000 -10 -0.522481
Car -1 -1 0.00 261 194 475 296 -1 -1 -1 -1000 -1000 -1000 -10 -0.859388
Car -1 -1 0.00 554 182 576 200 -1 -1 -1 -1000 -1000 -1000 -10 -0.91455
Car -1 -1 0.00 266 49 383 115 -1 -1 -1 -1000 -1000 -1000 -10 -0.924678
Car -1 -1 0.00 959 135 994 169 -1 -1 -1 -1000 -1000 -1000 -10 -0.957865
Car -1 -1 0.00 239 39 288 80 -1 -1 -1 -1000 -1000 -1000 -10 -0.962091
Car -1 -1 0.00 1160 162 1195 173 -1 -1 -1 -1000 -1000 -1000 -10 -1.02344
