Car -1 -1 0.00 635 167 722 199 -1 -1 -1 -1000 -1000 -1000 -10 1.3425
Car -1 -1 0.00 476 164 524 196 -1 -1 -1 -1000 -1000 -1000 -10 0.023054
Car -1 -1 0.00 287 171 386 211 -1 -1 -1 -1000 -1000 -1000 -10 -0.195419
Car -1 -1 0.00 183 41 210 70 -1 -1 -1 -1000 -1000 -1000 -10 -0.818447
Car -1 -1 0.00 39 100 86 118 -1 -1 -1 -1000 -1000 -1000 -10 -0.844192
Car -1 -1 0.00 354 196 396 232 -1 -1 -1 -1000 -1000 -1000 -10 -0.990678
Car -1 -1 0.00 841 240 879 253 -1 -1 -1 -1000 -1000 -1000 -10 -0.992137
Car -1 -1 0.00 188 112 215 139 -1 -1 -1 -1000 -1000 -1000 -10 -0.997959
Car -1 -1 0.00 1237 192 1279 251 -1 -1 -1 -1000 -1000 -1000 -10 -1.01277
Car -1 -1 0.00 369 242 455 266 -1 -1 -1 -1000 -1000 -1000 -10 -1.01575
Car -1 -1 0.00 964 75 995 110 -1 -1 -1 -1000 -1000 -1000 -10 -1.01698
Car -1 -1 0.00 185 76 209 103 -1 -1 -1 -1000 -1000 -1000 -10 -1.02268
