Car -1 -1 0.00 482 181 515 203 -1 -1 -1 -1000 -1000 -1000 -10 2.1149
Car -1 -1 0.00 641 184 699 225 -1 -1 -1 -1000 -1000 -1000 -10 1.80021
Car -1 -1 0.00 584 178 615 210 -1 -1 -1 -1000 -1000 -1000 -10 0.90669
Car -1 -1 0.00 63 178 257 265 -1 -1 -1 -1000 -1000 -1000 -10 0.701185
Car -1 -1 0.00 323 186 417 237 -1 -1 -1 -1000 -1000 -1000 -10 0.4561
Car -1 -1 0.00 322 186 416 238 -1 -1 -1 -1000 -1000 -1000 -10 -0.684065
Car -1 -1 0.00 1169 24 1193 51 -1 -1 -1 -1000 -1000 -1000 -10 -0.930447
Car -1 -1 0.00 1157 18 1192 34 -1 -1 -1 -1000 -1000 -1000 -10 -0.938672
Car -1 -1 0.00 364 117 411 142 -1 -1 -1 -1000 -1000 -1000 -10 -0.996031
Car -1 -1 0.00 377 108 423 151 -1 -1 -1 -1000 -1000 -1000 -10 -0.998619
Car -1 -1 0.00 806 137 838 153 -1 -1 -1 -1000 -1000 -1000 -10 -1.02722
Car -1 -1 0.00 837 221 871 246 -1 -1 -1 -1000 -1000 -1000 -10 -1.02822
Car -1 -1 0.00 269 95 300 127 -1 -1 -1 -1000 -1000 -1000 -10 -1.02969
