Car -1 -1 0.00 643 177 702 207 -1 -1 -1 -1000 -1000 -1000 -10 2.53182
Car -1 -1 0.00 203 196 335 237 -1 -1 -1 -1000 -1000 -1000 -10 1.77258
Car -1 -1 0.00 702 183 790 244 -1 -1 -1 -1000 -1000 -1000 -10 1.68047
Car -1 -1 0.00 612 178 650 199 -1 -1 -1 -1000 -1000 -1000 -10 -0.168691
Car -1 -1 0.00 225 197 336 230 -1 -1 -1 -1000 -1000 -1000 -10 -0.480223
Car -1 -1 0.00 201 214 257 237 -1 -1 -1 -1000 -1000 -1000 -10 -0.70917
Car -1 -1 0.00 702 170 741 192 -1 -1 -1 -1000 -1000 -1000 -10 -0.792356
Car -1 -1 0.00 387 277 528 314 -1 -1 -1 -1000 -1000 -1000 -10 -0.863224
Car -1 -1 0.00 611 188 636 199 -1 -1 -1 -1000 -1000 -1000 -10 -0.919475
Car -1 -1 0.00 643 177 703 207 -1 -1 -1 -1000 -1000 -1000 -10 -0.925228
Car -1 -1 0.00 464 248 504 260 -1 -1 -1 -1000 -1000 -1000 -10 -0.947406
Car -1 -1 0.00 956 243 982 271 -1 -1 -1 -1000 -1000 -1000 -10 -1.01615
Car -1 -1 0.00 1183 242 1225 261 -1 -1 -1 -1000 -1000 -1000 -10 -1.0292
