Car -1 -1 0.00 419 179 506 233 -1 -1 -1 -1000 -1000 -1000 -10 2.01931
Car -1 -1 0.00 525 175 553 199 -1 -1 -1 -1000 -1000 -1000 -10 1.13665
Car -1 -1 0.00 581 175 618 204 -1 -1 -1 -1000 -1000 -1000 -10 1.09561
Car -1 -1 0.00 426 173 453 192 -1 -1 -1 -1000 -1000 -1000 -10 -0.887098
Car -1 -1 0.00 757 215 795 226 -1 -1 -1 -1000 -1000 -1000 -10 -0.950817
Car -1 -1 0.00 18 19 60 33 -1 -1 -1 -1000 -1000 -1000 -10 -0.982864
Car -1 -1 0.00 61 306 86 322 -1 -1 -1 -1000 -1000 -1000 -10 -0.995517
Car -1 -1 0.00 846 283 884 296 -1 -1 -1 -1000 -1000 -1000 -10 -1.0018
Car -1 -1 0.00 316 145 394 169 -1 -1 -1 -1000 -1000 -1000 -10 -1.02331
Car -1 -1 0.00 94 193 325 369 -1 -1 -1 -1000 -1000 -1000 -10 -1.02972
