Car -1 -1 0.00 661 170 747 236 -1 -1 -1 -1000 -1000 -1000 -10 1.21391
Car -1 -1 0.00 602 173 632 194 -1 -1 -1 -1000 -1000 -1000 -10 -0.16377
Car -1 -1 0.00 219 200 277 239 -1 -1 -1 -1000 -1000 -1000 -10 -0.574425
Car -1 -1 0.00 765 326 820 350 -1 -1 -1 -1000 -1000 -1000 -10 -0.749951
Car -1 -1 0.00 435 221 481 241 -1 -1 -1 -1000 -1000 -1000 -10 -0.771155
Car -1 -1 0.00 492 349 537 374 -1 -1 -1 -1000 -1000 -1000 -10 -0.817336
Car -1 -1 0.00 361 179 384 198 -1 -1 -1 -1000 -1000 -1000 -10 -0.855673
Car -1 -1 0.00 628 166 667 209 -1 -1 -1 -1000 -1000 -1000 -10 -0.900128
Car -1 -1 0.00 860 123 889 145 -1 -1 -1 -1000 -1000 -1000 -10 -0.912628
Car -1 -1 0.00 124 116 150 138 -1 -1 -1 -1000 -1000 -1000 -10 -0.924973
Car -1 -1 0.00 950 145 1012 163 -1 -1 -1 -1000 -1000 -1000 -10 -0.931244
Car -1 -1 0.00 332 188 397 218 -1 -1 -1 -1000 -1000 -1000 -10 -0.944878
Car -1 -1 0.00 227 196 449 290 -1 -1 -1 -1000 -1000 -1000 -10 -0.950152
Car -1 -1 0.00 807 364 836 385 -1 -1 -1 -1000 -1000 -1000 -10 -0.98288
Car -1 -1 0.00 387 305 448 360 -1 -1 -1 -1000 -1000 -1000 -10 -1.00145
Car -1 -1 0.00 481 181 524 217 -1 -1 -1 -1000 -1000 -1000 -10 -1.01321
