Car -1 -1 0.00 432 179 507 233 -1 -1 -1 -1000 -1000 -1000 -10 2.17598
Car -1 -1 0.00 552 176 586 209 -1 -1 -1 -1000 -1000 -1000 -10 0.810919
Car -1 -1 0.00 499 180 522 201 -1 -1 -1 -1000 -1000 -1000 -10 -0.177078
Car -1 -1 0.00 1175 186 1225 200 -1 -1 -1 -1000 -1000 -1000 -10 -0.644384
Car -1 -1 0.00 290 172 314 187 -1 -1 -1 -1000 -1000 -1000 -10 -0.662139
Car -1 -1 0.00 1116 187 1159 200 -1 -1 -1 -1000 -1000 -1000 -10 -0.891953
Car -1 -1 0.00 202 172 227 201 -1 -1 -1 -1000 -1000 -1000 -10 -0.919798
Car -1 -1 0.00 378 50 468 76 -1 -1 -1 -1000 -1000 -1000 -10 -0.983339
Car -1 -1 0.00 344 170 379 188 -1 -1 -1 -1000 -1000 -1000 -10 -1.0114
Car -1 -1 0.00 564 207 653 238 -1 -1 -1 -1000 -1000 -1000 -10 -1.02338
Car -1 -1 0.00 376 83 452 105 -1 -1 -1 -1000 -1000 -1000 -10 -1.02494
