Car -1 -1 0.00 366 190 462 263 -1 -1 -1 -1000 -1000 -1000 -10 1.83285
Car -1 -1 0.00 333 190 392 236 -1 -1 -1 -1000 -1000 -1000 -10 1.01957
Car -1 -1 0.00 569 181 648 223 -1 -1 -1 -1000 -1000 -1000 -10 -0.628224
Car -1 -1 0.00 870 267 913 303 -1 -1 -1 -1000 -1000 -1000 -10 -0.792567
Car -1 -1 0.00 48 193 180 231 -1 -1 -1 -1000 -1000 -1000 -10 -0.837245
Car -1 -1 0.00 776 125 811 150 -1 -1 -1 -1000 -1000 -1000 -10 -0.87183
Car -1 -1 0.00 305 188 340 213 -1 -1 -1 -1000 -1000 -1000 -10 -0.893049
Car -1 -1 0.00 849 176 972 243 -1 -1 -1 -1000 -1000 -1000 -10 -0.897362
Car -1 -1 0.00 878 319 916 351 -1 -1 -1 -1000 -1000 -1000 -10 -0.931801
Car -1 -1 0.00 689 60 765 96 -1 -1 -1 -1000 -1000 -1000 -10 -0.983006
Car -1 -1 0.00 1152 303 1189 327 -1 -1 -1 -1000 -1000 -1000 -10 -1.01825
Car -1 -1 0.00 1153 312 1192 325 -1 -1 -1 -1000 -1000 -1000 -10 -1.01979
Car -1 -1 0.00 773 208 822 246 -1 -1 -1 -1000 -1000 -1000 -10 -1.02544
