Car -1 -1 0.00 433 186 518 247 -1 -1 -1 -1000 -1000 -1000 -10 1.40669
Car -1 -1 0.00 834 166 885 190 -1 -1 -1 -1000 -1000 -1000 -10 -0.80962
Car -1 -1 0.00 519 155 573 189 -1 -1 -1 -1000 -1000 -1000 -10 -0.86565
Car -1 -1 0.00 1073 132 1118 146 -1 -1 -1 -1000 -1000 -1000 -10 -0.908959
Car -1 -1 0.00 745 211 772 230 -1 -1 -1 -1000 -1000 -1000 -10 -0.932292
Car -1 -1 0.00 601 175 628 188 -1 -1 -1 -1000 -1000 -1000 -10 -0.95816
Car -1 -1 0.00 817 59 841 81 -1 -1 -1 -1000 -1000 -1000 -10 -0.958161
Car -1 -1 0.00 782 22 811 44 -1 -1 -1 -1000 -1000 -1000 -10 -0.961843
Car -1 -1 0.00 78 218 118 247 -1 -1 -1 -1000 -1000 -1000 -10 -1.00705
Car -1 -1 0.00 1164 78 1191 99 -1 -1 -1 -1000 -1000 -1000 -10 -1.01862
