Car -1 -1 0.00 702 185 841 277 -1 -1 -1 -1000 -1000 -1000 -10 2.49251
Car -1 -1 0.00 671 176 740 225 -1 -1 -1 -1000 -1000 -1000 -10 1.63697
Car -1 -1 0.00 340 177 503 293 -1 -1 -1 -1000 -1000 -1000 -10 0.841032
Car -1 -1 0.00 761 204 1161 374 -1 -1 -1 -1000 -1000 -1000 -10 0.119202
Car -1 -1 0.00 575 174 608 196 -1 -1 -1 -1000 -1000 -1000 -10 -0.798088
Car -1 -1 0.00 663 150 759 227 -1 -1 -1 -1000 -1000 -1000 -10 -0.805863
Car -1 -1 0.00 367 59 428 115 -1 -1 -1 -1000 -1000 -1000 -10 -0.900117
Car -1 -1 0.00 1189 131 1232 167 -1 -1 -1 -1000 -1000 -1000 -10 -0.990525
Car -1 -1 0.00 1143 -23 1246 49 -1 -1 -1 -1000 -1000 -1000 -10 -0.995856
Car -1 -1 0.00 125 157 150 187 -1 -1 -1 -1000 -1000 -1000 -10 -1.02328
