Car -1 -1 0.00 563 181 600 197 -1 -1 -1 -1000 -1000 -1000 -10 0.91702
Car -1 -1 0.00 700 76 986 286 -1 -1 -1 -1000 -1000 -1000 -10 -0.584759
Car -1 -1 0.00 437 216 480 233 -1 -1 -1 -1000 -1000 -1000 -10 -0.986542
Car -1 -1 0.00 689 303 716 324 -1 -1 -1 -1000 -1000 -1000 -10 -0.993469
Car -1 -1 0.00 1132 193 1238 228 -1 -1 -1 -1000 -1000 -1000 -10 -0.999185
Car -1 -1 0.00 1183 166 1213 181 -1 -1 -1 -1000 -1000 -1000 -10 -0.999442
Car -1 -1 0.00 1188 179 1213 192 -1 -1 -1 -1000 -1000 -1000 -10 -1.00644
Car -1 -1 0.00 180 61 214 86 -1 -1 -1 -1000 -1000 -1000 -10 -1.00805
Car -1 -1 0.00 678 151 733 189 -1 -1 -1 -1000 -1000 -1000 -10 -1.00903
Car -1 -1 0.00 510 229 545 267 -1 -1 -1 -1000 -1000 -1000 -10 -1.02207
Car -1 -1 0.00 1124 86 1153 118 -1 -1 -1 -1000 -1000 -1000 -10 -1.02391
