Car -1 -1 0.00 516 175 569 215 -1 -1 -1 -1000 -1000 -1000 -10 1.84933
Car -1 -1 0.00 882 165 946 191 -1 -1 -1 -1000 -1000 -1000 -10 0.191225
Car -1 -1 0.00 836 150 914 189 -1 -1 -1 -1000 -1000 -1000 -10 -0.577859
Car -1 -1 0.00 790 159 819 181 -1 -1 -1 -1000 -1000 -1000 -10 -0.602547
Car -1 -1 0.00 821 161 858 185 -1 -1 -1 -1000 -1000 -1000 -10 -0.631766
Car -1 -1 0.00 1075 164 1101 185 -1 -1 -1 -1000 -1000 -1000 -10 -0.750717
Car -1 -1 0.00 805 161 842 183 -1 -1 -1 -1000 -1000 -1000 -10 -0.781181
Car -1 -1 0.00 198 260 224 272 -1 -1 -1 -1000 -1000 -1000 -10 -0.862633
Car -1 -1 0.00 515 155 542 175 -1 -1 -1 -1000 -1000 -1000 -10 -0.944781
Car -1 -1 0.00 367 257 451 288 -1 -1 -1 -1000 -1000 -1000 -10 -0.982974
Car -1 -1 0.00 465 154 492 176 -1 -1 -1 -1000 -1000 -1000 -10 -0.986387
Car -1 -1 0.00 1166 61 1241 87 -1 -1 -1 -1000 -1000 -1000 -10 -0.987838
Car -1 -1 0.00 821 163 845 185 -1 -1 -1 -1000 -1000 -1000 -10 -0.990689
Car -1 -1 0.00 244 305 327 336 -1 -1 -1 -1000 -1000 -1000 -10 -0.993302
Car -1 -1 0.00 141 125 173 152 -1 -1 -1 -1000 -1000 -1000 -10 -0.99589
Car -1 -1 0.00 279 276 306 297 -1 -1 -1 -1000 -1000 -1000 -10 -1.00849
Car -1 -1 0.00 896 53 925 85 -1 -1 -1 -1000 -1000 -1000 -10 -1.01116
Car -1 -1 0.00 1076 53 1131 79 -1 -1 -1 -1000 -1000 -1000 -10 -1.01471
Car -1 -1 0.00 321 84 388 111 -1 -1 -1 -1000 -1000 -1000 -10 -1.01944
Car -1 -1 0.00 446 29 470 55 -1 -1 -1 -1000 -1000 -1000 -10 -1.02014
Car -1 -1 0.00 468 18 501 50 -1 -1 -1 -1000 -1000 -1000 -10 -1.02845
