Car -1 -1 0.00 712 182 849 271 -1 -1 -1 -1000 -1000 -1000 -10 1.59471
Car -1 -1 0.00 671 187 760 241 -1 -1 -1 -1000 -1000 -1000 -10 1.48609
Car -1 -1 0.00 395 180 458 215 -1 -1 -1 -1000 -1000 -1000 -10 1.33596
Car -1 -1 0.00 39 180 265 265 -1 -1 -1 -1000 -1000 -1000 -10 0.516533
Car -1 -1 0.00 221 180 350 243 -1 -1 -1 -1000 -1000 -1000 -10 0.304525
Car -1 -1 0.00 655 184 705 222 -1 -1 -1 -1000 -1000 -1000 -10 0.187954
Car -1 -1 0.00 1089 234 1141 268 -1 -1 -1 -1000 -1000 -1000 -10 -0.650672
Car -1 -1 0.00 429 183 499 210 -1 -1 -1 -1000 -1000 -1000 -10 -0.716376
Car -1 -1 0.00 486 182 520 204 -1 -1 -1 -1000 -1000 -1000 -10 -0.736387
Car -1 -1 0.00 648 183 690 217 -1 -1 -1 -1000 -1000 -1000 -10 -0.824946
Car -1 -1 0.00 512 180 541 201 -1 -1 -1 -1000 -1000 -1000 -10 -0.92752
Car -1 -1 0.00 351 131 382 157 -1 -1 -1 -1000 -1000 -1000 -10 -1.0017
Car -1 -1 0.00 1087 204 1122 216 -1 -1 -1 -1000 -1000 -1000 -10 -1.00617
Car -1 -1 0.00 792 53 820 85 -1 -1 -1 -1000 -1000 -1000 -10 -1.02361
