Car -1 -1 0.00 514 177 548 205 -1 -1 -1 -1000 -1000 -1000 -10 1.61161
Car -1 -1 0.00 583 177 618 205 -1 -1 -1 -1000 -1000 -1000 -10 1.45965
Car -1 -1 0.00 304 188 461 275 -1 -1 -1 -1000 -1000 -1000 -10 0.912441
Car -1 -1 0.00 29 155 71 205 -1 -1 -1 -1000 -1000 -1000 -10 -0.693844
Car -1 -1 0.00 8 187 148 233 -1 -1 -1 -1000 -1000 -1000 -10 -0.917892
Car -1 -1 0.00 189 208 224 230 -1 -1 -1 -1000 -1000 -1000 -10 -0.96117
Car -1 -1 0.00 3 130 70 165 -1 -1 -1 -1000 -1000 -1000 -10 -0.967427
Car -1 -1 0.00 1038 11 1063 40 -1 -1 -1 -1000 -1000 -1000 -10 -1.00402
Car -1 -1 0.00 162 129 196 140 -1 -1 -1 -1000 -1000 -1000 -10 -1.01304
Car -1 -1 0.00 141 161 182 174 -1 -1 -1 -1000 -1000 -1000 -10 -1.0291
