Car -1 -1 0.00 566 178 604 210 -1 -1 -1 -1000 -1000 -1000 -10 0.958719
Car -1 -1 0.00 389 158 438 192 -1 -1 -1 -1000 -1000 -1000 -10 -0.255123
Car -1 -1 0.00 415 175 443 188 -1 -1 -1 -1000 -1000 -1000 -10 -0.530665
Car -1 -1 0.00 1095 105 1122 126 -1 -1 -1 -1000 -1000 -1000 -10 -0.644892
Car -1 -1 0.00 568 177 606 210 -1 -1 -1 -1000 -1000 -1000 -10 -0.725451
Car -1 -1 0.00 209 175 330 223 -1 -1 -1 -1000 -1000 -1000 -10 -0.726831
Car -1 -1 0.00 493 122 517 147 -1 -1 -1 -1000 -1000 -1000 -10 -0.748839
Car -1 -1 0.00 1139 112 1210 136 -1 -1 -1 -1000 -1000 -1000 -10 -0.904473
Car -1 -1 0.00 253 134 283 160 -1 -1 -1 -1000 -1000 -1000 -10 -0.923949
Car -1 -1 0.00 1084 145 1109 166 -1 -1 -1 -1000 -1000 -1000 -10 -1.01598
Car -1 -1 0.00 957 134 994 175 -1 -1 -1 -1000 -1000 -1000 -10 -1.02636
Car -1 -1 0.00 1101 146 1130 160 -1 -1 -1 -1000 -1000 -1000 -10 -1.02995
