Car -1 -1 0.00 736 168 977 339 -1 -1 -1 -1000 -1000 -1000 -10 1.92619
Car -1 -1 0.00 351 176 517 221 -1 -1 -1 -1000 -1000 -1000 -10 1.67466
Car -1 -1 0.00 599 171 628 202 -1 -1 -1 -1000 -1000 -1000 -10 0.880825
Car -1 -1 0.00 642 176 670 195 -1 -1 -1 -1000 -1000 -1000 -10 -0.0936386
Car -1 -1 0.00 977 187 1106 264 -1 -1 -1 -1000 -1000 -1000 -10 -0.39219
Car -1 -1 0.00 698 158 832 274 -1 -1 -1 -1000 -1000 -1000 -10 -0.533921
Car -1 -1 0.00 485 174 554 200 -1 -1 -1 -1000 -1000 -1000 -10 -0.589853
Car -1 -1 0.00 1034 201 1112 265 -1 -1 -1 -1000 -1000 -1000 -10 -0.940984
Car -1 -1 0.00 136 57 166 90 -1 -1 -1 -1000 -1000 -1000 -10 -0.980746
Car -1 -1 0.00 520 170 574 196 -1 -1 -1 -1000 -1000 -1000 -10 -0.986005
Car -1 -1 0.00 656 -2 682 27 -1 -1 -1 -1000 -1000 -1000 -10 -0.987371
Car -1 -1 0.00 262 40 296 81 -1 -1 -1 -1000 -1000 -1000 -10 -0.993603
Car -1 -1 0.00 34 51 59 79 -1 -1 -1 -1000 -1000 -1000 -10 -1.02321
