Car -1 -1 0.00 460 180 537 231 -1 -1 -1 -1000 -1000 -1000 -10 1.25057
Car -1 -1 0.00 605 175 648 211 -1 -1 -1 -1000 -1000 -1000 -10 1.19441
Car -1 -1 0.00 581 170 607 189 -1 -1 -1 -1000 -1000 -1000 -10 0.867614
Car -1 -1 0.00 547 165 578 189 -1 -1 -1 -1000 -1000 -1000 -10 -0.733717
Car -1 -1 0.00 244 259 271 278 -1 -1 -1 -1000 -1000 -1000 -10 -0.932451
Car -1 -1 0.00 193 156 224 168 -1 -1 -1 -1000 -1000 -1000 -10 -0.990652
Car -1 -1 0.00 -17 153 17 199 -1 -1 -1 -1000 -1000 -1000 -10 -1.00192
Car -1 -1 0.00 582 157 633 191 -1 -1 -1 -1000 -1000 -1000 -10 -1.00315
Car -1 -1 0.00 97 158 130 188 -1 -1 -1 -1000 -1000 -1000 -10 -1.00705
Car -1 -1 0.00 -14 162 18 208 -1 -1 -1 -1000 -1000 -1000 -10 -1.01005
Car -1 -1 0.00 151 179 182 213 -1 -1 -1 -1000 -1000 -1000 -10 -1.01009
Car -1 -1 0.00 923 230 959 241 -1 -1 -1 -1000 -1000 -1000 -10 -1.01337
Car -1 -1 0.00 -21 136 20 191 -1 -1 -1 -1000 -1000 -1000 -10 -1.01392
Car -1 -1 0.00 931 222 967 233 -1 -1 -1 -1000 -1000 -1000 -10 -1.01695
Car -1 -1 0.00 131 76 168 87 -1 -1 -1 -1000 -1000 -1000 -10 -1.02048
Car -1 -1 0.00 979 171 1030 187 -1 -1 -1 -1000 -1000 -1000 -10 -1.02096
Car -1 -1 0.00 979 192 1015 203 -1 -1 -1 -1000 -1000 -1000 -10 -1.02104
Car -1 -1 0.00 1003 210 1038 221 -1 -1 -1 -1000 -1000 -1000 -10 -1.02208
Car -1 -1 0.00 1003 240 1046 253 -1 -1 -1 -1000 -1000 -1000 -10 -1.02233
Car -1 -1 0.00 -17 171 17 217 -1 -1 -1 -1000 -1000 -1000 -10 -1.02274
Car -1 -1 0.00 931 214 955 241 -1 -1 -1 -1000 -1000 -1000 -10 -1.02287
Car -1 -1 0.00 998 182 1041 196 -1 -1 -1 -1000 -1000 -1000 -10 -1.02294
Car -1 -1 0.00 1081 138 1117 149 -1 -1 -1 -1000 -1000 -1000 -10 -1.02678
Car -1 -1 0.00 991 202 1026 213 -1 -1 -1 -1000 -1000 -1000 -10 -1.0277
Car -1 -1 0.00 1073 153 1115 167 -1 -1 -1 -1000 -1000 -1000 -10 -1.02827
Car -1 -1 0.00 619 308 655 319 -1 -1 -1 -1000 -1000 -1000 -10 -1.02853
Car -1 -1 0.00 605 315 655 331 -1 -1 -1 -1000 -1000 -1000 -10 -1.02922
