Car -1 -1 0.00 335 182 506 229 -1 -1 -1 -1000 -1000 -1000 -10 1.61954
Car -1 -1 0.00 768 170 1111 372 -1 -1 -1 -1000 -1000 -1000 -10 1.49067
Car -1 -1 0.00 603 175 633 206 -1 -1 -1 -1000 -1000 -1000 -10 0.764315
Car -1 -1 0.00 648 181 675 200 -1 -1 -1 -1000 -1000 -1000 -10 0.445409
Car -1 -1 0.00 714 153 897 286 -1 -1 -1 -1000 -1000 -1000 -10 -0.139147
Car -1 -1 0.00 1059 188 1196 287 -1 -1 -1 -1000 -1000 -1000 -10 -0.345198
Car -1 -1 0.00 985 192 1200 286 -1 -1 -1 -1000 -1000 -1000 -10 -0.706786
Car -1 -1 0.00 331 181 474 225 -1 -1 -1 -1000 -1000 -1000 -10 -0.820503
Car -1 -1 0.00 521 174 577 199 -1 -1 -1 -1000 -1000 -1000 -10 -0.956731
Car -1 -1 0.00 299 232 338 272 -1 -1 -1 -1000 -1000 -1000 -10 -0.966688
Car -1 -1 0.00 1038 109 1074 140 -1 -1 -1 -1000 -1000 -1000 -10 -0.972709
Car -1 -1 0.00 1072 307 1097 330 -1 -1 -1 -1000 -1000 -1000 -10 -0.97868
Car -1 -1 0.00 646 174 714 196 -1 -1 -1 -1000 -1000 -1000 -10 -0.978719
Car -1 -1 0.00 491 181 555 205 -1 -1 -1 -1000 -1000 -1000 -10 -0.982937
Car -1 -1 0.00 1085 330 1120 366 -1 -1 -1 -1000 -1000 -1000 -10 -1.01022
Car -1 -1 0.00 646 316 688 350 -1 -1 -1 -1000 -1000 -1000 -10 -1.01205
Car -1 -1 0.00 100 276 143 289 -1 -1 -1 -1000 -1000 -1000 -10 -1.01672
