Car -1 -1 0.00 830 183 1156 307 -1 -1 -1 -1000 -1000 -1000 -10 0.111994
Car -1 -1 0.00 650 182 728 224 -1 -1 -1 -1000 -1000 -1000 -10 -0.521503
Car -1 -1 0.00 653 182 764 225 -1 -1 -1 -1000 -1000 -1000 -10 -0.612558
Car -1 -1 0.00 761 175 885 279 -1 -1 -1 -1000 -1000 -1000 -10 -0.683086
Car -1 -1 0.00 866 185 1178 290 -1 -1 -1 -1000 -1000 -1000 -10 -0.730858
Car -1 -1 0.00 1179 125 1211 149 -1 -1 -1 -1000 -1000 -1000 -10 -0.892143
Car -1 -1 0.00 633 210 660 227 -1 -1 -1 -1000 -1000 -1000 -10 -0.907097
Car -1 -1 0.00 215 12 264 69 -1 -1 -1 -1000 -1000 -1000 -10 -0.937385
Car -1 -1 0.00 594 173 649 197 -1 -1 -1 -1000 -1000 -1000 -10 -0.948789
Car -1 -1 0.00 594 205 624 233 -1 -1 -1 -1000 -1000 -1000 -10 -0.968422
Car -1 -1 0.00 945 352 1043 379 -1 -1 -1 -1000 -1000 -1000 -10 -0.998882
